8.069 8.893 5.041 5.833 5.668 5.483 2.98 10.157 1.468 1.854 5.186 2.894
8.068 8.892 5.046 5.833 5.668 5.489 2.979 10.157 1.469 1.854 5.186 2.894
8.069 8.893 5.049 5.832 5.669 5.486 2.978 10.156 1.468 1.855 5.185 2.895
8.069 8.893 5.05 5.832 5.667 5.482 2.977 10.156 1.468 1.855 5.184 2.897
8.07 8.895 5.051 5.833 5.668 5.483 2.976 10.155 1.467 1.856 5.184 2.898
8.07 8.895 5.051 5.833 5.667 5.478 2.976 10.154 1.467 1.856 5.185 2.897
8.069 8.894 5.049 5.832 5.667 5.477 2.975 10.153 1.468 1.857 5.186 2.898
8.069 8.895 5.047 5.831 5.666 5.48 2.975 10.152 1.468 1.858 5.185 2.897
8.07 8.896 5.044 5.831 5.667 5.477 2.974 10.151 1.469 1.858 5.185 2.894
8.07 8.896 5.04 5.832 5.668 5.476 2.974 10.151 1.468 1.859 5.184 2.893
8.071 8.897 5.036 5.832 5.668 5.483 2.969 10.152 1.468 1.86 5.184 2.893
8.07 8.897 5.031 5.833 5.667 5.484 2.95 10.151 1.469 1.861 5.185 2.895
8.07 8.898 5.026 5.833 5.667 5.484 2.933 10.151 1.469 1.863 5.185 2.896
8.071 8.898 5.019 5.834 5.668 5.49 2.923 10.152 1.468 1.864 5.186 2.896
8.072 8.899 5.013 5.835 5.668 5.492 2.917 10.152 1.468 1.865 5.186 2.894
8.073 8.899 5.007 5.835 5.667 5.49 2.915 10.153 1.469 1.866 5.187 2.892
8.073 8.9 5 5.836 5.667 5.489 2.915 10.153 1.468 1.868 5.187 2.892
8.074 8.9 4.994 5.836 5.668 5.491 2.916 10.154 1.468 1.869 5.188 2.894
8.073 8.902 4.99 5.837 5.668 5.495 2.919 10.154 1.469 1.87 5.188 2.895
8.074 8.902 4.985 5.838 5.667 5.495 2.924 10.155 1.469 1.872 5.189 2.895
8.074 8.903 4.983 5.839 5.667 5.49 2.93 10.157 1.47 1.874 5.189 2.894
8.073 8.904 4.982 5.84 5.666 5.487 2.937 10.159 1.47 1.876 5.19 2.893
8.076 8.904 4.982 5.841 5.666 5.489 2.943 10.16 1.469 1.877 5.191 2.891
8.079 8.906 4.983 5.841 5.667 5.491 2.948 10.162 1.468 1.879 5.192 2.891
8.078 8.906 4.986 5.842 5.668 5.494 2.952 10.162 1.469 1.882 5.192 2.894
8.075 8.907 4.989 5.842 5.667 5.492 2.956 10.163 1.469 1.885 5.193 2.895
8.072 8.908 4.991 5.843 5.667 5.485 2.959 10.163 1.468 1.887 5.194 2.896
8.07 8.908 4.993 5.845 5.666 5.482 2.962 10.162 1.468 1.89 5.195 2.895
8.07 8.909 4.995 5.845 5.668 5.485 2.964 10.161 1.469 1.893 5.196 2.893
8.071 8.909 4.996 5.846 5.668 5.487 2.966 10.16 1.468 1.896 5.197 2.892
8.071 8.91 4.996 5.846 5.667 5.491 2.968 10.16 1.468 1.899 5.197 2.891
8.072 8.911 4.995 5.847 5.667 5.49 2.97 10.161 1.469 1.902 5.199 2.891
8.072 8.913 4.994 5.848 5.666 5.483 2.971 10.163 1.469 1.905 5.2 2.892
8.073 8.913 4.993 5.849 5.667 5.478 2.973 10.165 1.47 1.908 5.201 2.894
8.073 8.915 4.991 5.849 5.667 5.479 2.974 10.167 1.47 1.91 5.201 2.896
8.074 8.916 4.99 5.85 5.666 5.481 2.976 10.168 1.471 1.912 5.202 2.896
8.074 8.92 4.989 5.851 5.667 5.479 2.977 10.168 1.471 1.914 5.203 2.893
8.075 8.938 4.988 5.852 5.667 5.475 2.978 10.167 1.47 1.915 5.203 2.891
8.075 8.945 4.986 5.852 5.668 5.475 2.98 10.166 1.469 1.916 5.204 2.891
8.076 8.947 4.985 5.853 5.667 5.478 2.981 10.166 1.47 1.918 5.206 2.893
8.075 8.949 4.984 5.855 5.667 5.476 2.982 10.165 1.47 1.917 5.207 2.894
8.075 8.951 4.982 5.857 5.668 5.473 2.984 10.166 1.471 1.918 5.208 2.895
8.076 8.953 4.982 5.858 5.667 5.469 2.984 10.166 1.471 1.919 5.209 2.895
8.076 8.955 4.981 5.859 5.668 5.468 2.983 10.167 1.472 1.921 5.21 2.893
8.077 8.957 4.981 5.859 5.668 5.472 2.982 10.167 1.472 1.921 5.21 2.892
8.077 8.958 4.979 5.86 5.667 5.475 2.98 10.168 1.473 1.922 5.212 2.89
8.078 8.96 4.979 5.86 5.668 5.473 2.978 10.169 1.473 1.923 5.213 2.89
8.078 8.962 4.978 5.862 5.667 5.469 2.976 10.173 1.474 1.924 5.218 2.893
8.079 8.963 4.978 5.864 5.668 5.47 2.975 10.175 1.474 1.924 5.229 2.895
8.08 8.965 4.979 5.865 5.667 5.475 2.974 10.175 1.475 1.926 5.237 2.895
8.081 8.967 4.979 5.866 5.667 5.475 2.973 10.174 1.476 1.927 5.241 2.894
8.081 8.969 4.98 5.867 5.666 5.471 2.972 10.173 1.476 1.928 5.243 2.891
8.08 8.97 4.98 5.868 5.666 5.467 2.972 10.174 1.475 1.928 5.244 2.89
8.077 8.973 4.981 5.869 5.667 5.466 2.971 10.178 1.476 1.93 5.245 2.893
8.076 8.974 4.981 5.87 5.666 5.469 2.972 10.181 1.476 1.931 5.246 2.898
8.076 8.976 4.982 5.872 5.666 5.472 2.972 10.182 1.477 1.93 5.248 2.9
8.077 8.978 4.982 5.874 5.665 5.471 2.973 10.182 1.477 1.931 5.249 2.901
8.077 8.981 4.983 5.876 5.665 5.467 2.974 10.181 1.478 1.931 5.249 2.901
8.078 8.982 4.984 5.877 5.666 5.462 2.976 10.181 1.478 1.932 5.25 2.9
8.078 8.984 4.985 5.878 5.665 5.458 2.978 10.18 1.479 1.933 5.251 2.898
8.079 8.985 4.986 5.879 5.665 5.458 2.979 10.181 1.479 1.933 5.252 2.895
8.078 8.987 4.988 5.88 5.666 5.462 2.98 10.183 1.48 1.934 5.256 2.895
8.078 8.989 4.989 5.881 5.666 5.467 2.982 10.186 1.48 1.934 5.277 2.896
8.077 8.989 4.99 5.882 5.667 5.471 2.983 10.187 1.479 1.935 5.3 2.899
8.077 8.987 4.991 5.884 5.666 5.473 2.984 10.187 1.479 1.935 5.311 2.9
8.075 8.984 4.991 5.885 5.666 5.471 2.985 10.188 1.478 1.936 5.317 2.898
8.072 8.982 4.992 5.885 5.665 5.468 2.985 10.189 1.477 1.936 5.321 2.897
8.068 8.98 4.991 5.886 5.666 5.469 2.986 10.19 1.477 1.937 5.324 2.895
8.064 8.981 4.991 5.887 5.665 5.475 2.985 10.191 1.475 1.937 5.329 2.894
8.058 8.975 4.99 5.887 5.666 5.481 2.985 10.191 1.476 1.938 5.335 2.894
8.053 8.976 4.989 5.888 5.666 5.483 2.986 10.192 1.477 1.94 5.341 2.897
8.051 8.985 4.989 5.889 5.665 5.481 2.986 10.193 1.478 1.941 5.346 2.899
8.05 8.989 4.988 5.89 5.667 5.48 2.987 10.193 1.478 1.942 5.351 2.899
8.05 8.99 4.987 5.89 5.667 5.484 2.987 10.194 1.479 1.944 5.355 2.898
8.056 8.992 4.987 5.891 5.666 5.485 2.988 10.195 1.479 1.946 5.359 2.895
8.066 8.994 4.986 5.892 5.666 5.484 2.988 10.195 1.478 1.948 5.362 2.894
8.073 8.996 4.986 5.892 5.667 5.486 2.989 10.196 1.478 1.951 5.364 2.893
8.075 8.997 4.985 5.891 5.667 5.488 2.989 10.197 1.479 1.952 5.365 2.894
8.075 8.998 4.984 5.891 5.666 5.492 2.99 10.198 1.478 1.954 5.367 2.897
8.078 9 4.984 5.89 5.666 5.494 2.99 10.199 1.478 1.956 5.369 2.899
8.084 9.002 4.983 5.891 5.667 5.491 2.991 10.199 1.477 1.957 5.37 2.899
8.089 9.002 4.983 5.891 5.668 5.488 2.992 10.2 1.477 1.957 5.371 2.897
8.09 9.003 4.982 5.892 5.667 5.493 2.992 10.201 1.476 1.955 5.372 2.896
8.09 9.004 4.982 5.892 5.667 5.499 2.993 10.201 1.476 1.956 5.373 2.896
8.093 9.004 4.981 5.891 5.666 5.499 2.994 10.202 1.478 1.957 5.374 2.894
8.1 9.005 4.981 5.891 5.666 5.498 2.994 10.203 1.478 1.957 5.374 2.894
8.107 9.005 4.98 5.892 5.667 5.497 2.995 10.205 1.479 1.958 5.375 2.896
8.109 9.004 4.979 5.892 5.667 5.496 2.995 10.206 1.479 1.958 5.375 2.897
8.103 9.004 4.979 5.891 5.666 5.5 2.996 10.206 1.48 1.959 5.374 2.898
8.094 9.003 4.978 5.891 5.664 5.504 2.996 10.207 1.48 1.958 5.373 2.905
8.092 9.003 4.978 5.89 5.665 5.506 2.997 10.207 1.481 1.959 5.371 2.913
8.092 9.002 4.979 5.889 5.666 5.51 2.996 10.208 1.482 1.959 5.369 2.902
8.093 9.001 4.979 5.889 5.667 5.51 2.996 10.208 1.482 1.958 5.366 2.885
8.092 8.984 5.018 5.89 5.668 5.601 3.095 10.209 1.485 1.946 5.358 2.893
8.09 8.984 5.02 5.89 5.669 5.602 3.096 10.21 1.486 1.946 5.355 2.901
8.089 8.983 5.022 5.889 5.668 5.603 3.097 10.21 1.486 1.947 5.352 2.904
8.088 8.982 5.024 5.889 5.668 5.604 3.097 10.209 1.487 1.946 5.349 2.906
8.088 8.982 5.026 5.888 5.669 5.606 3.098 10.21 1.487 1.947 5.346 2.907
8.089 8.981 5.028 5.888 5.669 5.608 3.098 10.21 1.488 1.947 5.343 2.907
8.089 8.98 5.03 5.889 5.668 5.61 3.099 10.211 1.488 1.948 5.339 2.906
8.09 8.98 5.032 5.888 5.668 5.612 3.099 10.211 1.489 1.948 5.336 2.907
8.09 8.979 5.034 5.887 5.669 5.614 3.1 10.21 1.489 1.949 5.334 2.906
8.089 8.979 5.035 5.887 5.668 5.616 3.1 10.21 1.49 1.949 5.331 2.905
8.09 8.978 5.037 5.888 5.669 5.618 3.101 10.211 1.49 1.951 5.329 2.905
8.093 8.979 5.038 5.888 5.669 5.624 3.102 10.21 1.491 1.953 5.328 2.904
8.097 8.978 5.04 5.889 5.668 5.627 3.103 10.209 1.491 1.955 5.328 2.903
8.099 8.978 5.041 5.89 5.67 5.63 3.107 10.21 1.492 1.957 5.327 2.903
8.099 8.979 5.043 5.891 5.67 5.641 3.111 10.21 1.492 1.962 5.327 2.908
8.1 8.979 5.045 5.891 5.669 5.652 3.113 10.211 1.493 1.967 5.326 2.909
8.099 8.98 5.047 5.892 5.669 5.662 3.112 10.21 1.493 1.971 5.327 2.909
8.1 8.98 5.049 5.892 5.668 5.669 3.11 10.21 1.494 1.978 5.327 2.908
8.1 8.981 5.051 5.893 5.669 5.677 3.108 10.211 1.494 1.987 5.328 2.908
8.103 8.981 5.054 5.894 5.67 5.682 3.106 10.211 1.495 1.994 5.328 2.909
8.106 8.982 5.056 5.893 5.67 5.685 3.106 10.212 1.495 2.002 5.329 2.909
8.108 8.984 5.058 5.893 5.668 5.688 3.104 10.212 1.496 2.007 5.329 2.91
8.108 8.986 5.06 5.894 5.67 5.692 3.103 10.213 1.496 2.013 5.33 2.911
8.107 8.989 5.062 5.896 5.67 5.695 3.103 10.214 1.497 2.018 5.331 2.911
8.106 8.992 5.065 5.898 5.668 5.696 3.102 10.214 1.497 2.023 5.331 2.909
8.105 8.995 5.065 5.9 5.669 5.697 3.102 10.215 1.498 2.026 5.333 2.908
8.104 8.999 5.066 5.902 5.67 5.698 3.103 10.216 1.498 2.029 5.333 2.907
8.105 9.003 5.067 5.902 5.67 5.698 3.103 10.216 1.499 2.037 5.334 2.906
8.103 9.009 5.068 5.9 5.669 5.699 3.102 10.218 1.499 2.039 5.335 2.906
8.103 9.015 5.069 5.9 5.67 5.699 3.102 10.22 1.5 2.043 5.336 2.905
8.102 9.022 5.07 5.903 5.669 5.7 3.103 10.219 1.5 2.046 5.337 2.904
8.102 9.03 5.071 5.906 5.668 5.701 3.103 10.22 1.501 2.048 5.339 2.903
8.1 9.039 5.072 5.909 5.671 5.701 3.104 10.221 1.501 2.049 5.341 2.903
8.1 9.048 5.073 5.911 5.669 5.702 3.105 10.221 1.502 2.051 5.342 2.902
8.101 9.058 5.075 5.913 5.668 5.701 3.105 10.222 1.502 2.052 5.345 2.902
8.1 9.068 5.077 5.914 5.669 5.701 3.104 10.223 1.503 2.057 5.35 2.903
8.101 9.078 5.079 5.914 5.671 5.702 3.104 10.226 1.503 2.059 5.365 2.903
8.101 9.088 5.082 5.917 5.67 5.702 3.105 10.228 1.506 2.061 5.434 2.902
8.102 9.099 5.084 5.918 5.671 5.701 3.104 10.229 1.521 2.064 5.5 2.902
8.101 9.109 5.087 5.918 5.671 5.701 3.105 10.23 1.519 2.069 5.511 2.901
8.101 9.119 5.089 5.921 5.669 5.702 3.106 10.231 1.514 2.078 5.517 2.902
8.1 9.13 5.09 5.923 5.67 5.702 3.106 10.232 1.513 2.087 5.519 2.902
8.101 9.142 5.092 5.926 5.671 5.703 3.107 10.233 1.514 2.101 5.522 2.903
8.1 9.16 5.093 5.928 5.671 5.703 3.106 10.234 1.514 2.115 5.524 2.903
8.101 9.175 5.094 5.931 5.67 5.702 3.107 10.236 1.515 2.128 5.527 2.904
8.1 9.192 5.095 5.933 5.67 5.702 3.108 10.239 1.517 2.138 5.53 2.903
8.101 9.21 5.096 5.935 5.671 5.704 3.107 10.241 1.527 2.144 5.532 2.903
8.101 9.228 5.096 5.936 5.671 5.705 3.109 10.241 1.535 2.148 5.534 2.904
8.102 9.246 5.098 5.936 5.67 5.708 3.109 10.243 1.535 2.152 5.538 2.904
8.101 9.262 5.098 5.934 5.67 5.71 3.11 10.246 1.532 2.154 5.541 2.905
8.102 9.273 5.099 5.934 5.671 5.714 3.11 10.246 1.528 2.156 5.552 2.905
8.102 9.285 5.1 5.936 5.671 5.717 3.111 10.247 1.526 2.161 5.575 2.906
8.103 9.296 5.1 5.94 5.67 5.72 3.112 10.249 1.525 2.164 5.594 2.906
8.104 9.307 5.101 5.944 5.671 5.724 3.113 10.252 1.525 2.165 5.606 2.908
8.103 9.316 5.102 5.948 5.672 5.729 3.114 10.252 1.526 2.166 5.619 2.936
8.103 9.323 5.103 5.951 5.67 5.734 3.114 10.253 1.527 2.166 5.627 2.967
8.102 9.331 5.105 5.955 5.67 5.739 3.116 10.256 1.529 2.165 5.641 2.958
8.102 9.337 5.107 5.957 5.671 5.743 3.116 10.258 1.53 2.164 5.679 2.95
8.101 9.343 5.11 5.959 5.671 5.748 3.118 10.26 1.531 2.164 5.691 2.948
8.1 9.35 5.113 5.962 5.67 5.753 3.119 10.264 1.532 2.165 5.677 2.948
8.104 9.356 5.116 5.965 5.67 5.759 3.119 10.267 1.533 2.166 5.675 2.943
8.106 9.361 5.119 5.967 5.671 5.763 3.121 10.267 1.534 2.167 5.667 2.937
8.107 9.364 5.122 5.968 5.67 5.768 3.122 10.269 1.536 2.167 5.661 2.932
8.107 9.37 5.125 5.969 5.669 5.775 3.122 10.274 1.537 2.166 5.678 2.928
8.108 9.376 5.129 5.974 5.669 5.783 3.123 10.276 1.538 2.167 5.701 2.925
8.108 9.38 5.134 5.976 5.668 5.791 3.124 10.275 1.539 2.167 5.709 2.925
8.109 9.386 5.139 5.977 5.669 5.795 3.124 10.278 1.541 2.168 5.717 2.928
8.11 9.39 5.144 5.978 5.669 5.798 3.125 10.28 1.543 2.171 5.723 2.925
8.109 9.396 5.149 5.979 5.67 5.802 3.127 10.281 1.544 2.175 5.734 2.919
8.11 9.4 5.153 5.981 5.67 5.799 3.128 10.28 1.546 2.181 5.736 2.918
8.112 9.404 5.157 5.983 5.669 5.806 3.13 10.28 1.547 2.188 5.74 2.919
8.115 9.408 5.161 5.984 5.669 5.814 3.131 10.286 1.549 2.195 5.744 2.919
8.119 9.411 5.164 5.986 5.67 5.817 3.134 10.286 1.55 2.201 5.748 2.92
8.121 9.417 5.168 5.989 5.67 5.82 3.136 10.288 1.552 2.206 5.752 2.92
8.124 9.424 5.171 5.991 5.671 5.829 3.138 10.29 1.555 2.211 5.758 2.921
8.125 9.432 5.174 5.993 5.67 5.839 3.141 10.291 1.556 2.214 5.764 2.923
8.127 9.436 5.178 5.994 5.67 5.852 3.143 10.292 1.557 2.215 5.768 2.92
8.132 9.44 5.18 5.996 5.671 5.863 3.145 10.295 1.558 2.214 5.774 2.92
8.143 9.443 5.183 5.998 5.671 5.872 3.148 10.298 1.56 2.213 5.78 2.922
8.154 9.445 5.185 5.999 5.67 5.885 3.149 10.297 1.563 2.21 5.788 2.922
8.158 9.445 5.188 6.001 5.671 5.915 3.151 10.297 1.564 2.208 5.794 2.924
8.163 9.446 5.19 6.003 5.671 5.952 3.152 10.3 1.567 2.205 5.8 2.925
8.17 9.445 5.192 6.006 5.672 5.979 3.153 10.299 1.568 2.204 5.807 2.925
8.174 9.443 5.193 6.009 5.672 5.995 3.154 10.299 1.571 2.202 5.81 2.924
8.174 9.441 5.195 6.01 5.67 6.004 3.156 10.301 1.573 2.199 5.81 2.924
8.173 9.44 5.196 6.011 5.67 6.015 3.157 10.3 1.575 2.195 5.812 2.925
8.172 9.439 5.197 6.012 5.669 6.028 3.158 10.302 1.577 2.193 5.81 2.927
8.171 9.437 5.198 6.013 5.67 6.044 3.16 10.303 1.579 2.192 5.81 2.927
8.17 9.436 5.199 6.014 5.67 6.068 3.16 10.303 1.58 2.192 5.808 2.929
8.169 9.434 5.2 6.015 5.671 6.084 3.162 10.305 1.581 2.194 5.806 2.93
8.168 9.432 5.201 6.017 5.671 6.102 3.165 10.306 1.581 2.197 5.803 2.931
8.167 9.431 5.201 6.028 5.672 6.121 3.167 10.311 1.583 2.202 5.802 2.931
8.167 9.429 5.202 6.033 5.671 6.143 3.17 10.31 1.584 2.208 5.801 2.932
8.166 9.425 5.203 6.032 5.671 6.158 3.173 10.312 1.585 2.214 5.797 2.933
8.166 9.422 5.204 6.031 5.672 6.173 3.175 10.31 1.587 2.215 5.793 2.933
8.165 9.418 5.204 6.03 5.671 6.181 3.178 10.308 1.588 2.216 5.789 2.935
8.164 9.414 5.206 6.025 5.672 6.191 3.18 10.306 1.591 2.215 5.784 2.937
8.163 9.41 5.207 6.013 5.672 6.21 3.184 10.301 1.593 2.21 5.781 2.936
8.163 9.405 5.208 6.004 5.673 6.228 3.192 10.298 1.595 2.209 5.776 2.936
8.164 9.401 5.211 6.009 5.671 6.228 3.206 10.298 1.598 2.202 5.771 2.937
8.163 9.396 5.213 6.018 5.672 6.244 3.206 10.3 1.6 2.198 5.766 2.937
8.164 9.392 5.214 6.022 5.673 6.27 3.205 10.302 1.603 2.193 5.761 2.939
8.164 9.389 5.217 6.021 5.673 6.276 3.204 10.301 1.604 2.191 5.757 2.941
8.165 9.385 5.219 6.02 5.674 6.28 3.204 10.301 1.605 2.186 5.751 2.945
8.165 9.38 5.222 6.02 5.673 6.308 3.205 10.3 1.605 2.181 5.732 2.947
8.166 9.376 5.226 6.019 5.673 6.338 3.207 10.301 1.607 2.178 5.692 2.946
8.166 9.372 5.23 6.018 5.674 6.35 3.21 10.298 1.608 2.173 5.684 2.946
8.167 9.368 5.235 6.016 5.673 6.352 3.214 10.298 1.609 2.17 5.68 2.951
8.166 9.364 5.241 6.016 5.673 6.352 3.218 10.297 1.609 2.167 5.675 2.954
8.167 9.36 5.248 6.014 5.675 6.347 3.229 10.296 1.61 2.164 5.669 2.955
8.168 9.357 5.255 6.013 5.675 6.347 3.239 10.294 1.611 2.16 5.661 2.959
8.169 9.353 5.262 6.011 5.676 6.353 3.24 10.292 1.612 2.157 5.63 2.962
8.17 9.35 5.268 6.01 5.675 6.359 3.241 10.293 1.613 2.153 5.6 2.959
8.172 9.347 5.274 6.009 5.678 6.367 3.244 10.292 1.614 2.151 5.579 2.96
8.173 9.342 5.279 6.007 5.677 6.375 3.245 10.29 1.615 2.147 5.572 2.96
8.176 9.339 5.284 6.005 5.677 6.374 3.255 10.289 1.617 2.145 5.575 2.961
8.178 9.335 5.288 6.004 5.676 6.382 3.264 10.287 1.618 2.143 5.562 2.965
8.179 9.332 5.293 6.004 5.677 6.39 3.265 10.287 1.619 2.137 5.555 2.967
8.33 9.272 5.785 5.988 5.75 6.336 3.592 10.286 1.655 2.096 5.519 2.978
8.329 9.269 5.794 5.987 5.747 6.325 3.589 10.285 1.654 2.095 5.513 2.976
8.328 9.265 5.801 5.987 5.747 6.316 3.589 10.285 1.653 2.093 5.509 2.975
8.327 9.261 5.808 5.986 5.749 6.305 3.588 10.284 1.653 2.092 5.504 2.975
8.326 9.259 5.814 5.984 5.751 6.296 3.586 10.282 1.651 2.089 5.5 2.974
8.325 9.255 5.82 5.983 5.752 6.29 3.581 10.28 1.651 2.087 5.496 2.975
8.325 9.252 5.825 5.983 5.757 6.283 3.58 10.28 1.65 2.085 5.494 2.974
8.324 9.248 5.831 5.981 5.764 6.274 3.576 10.278 1.65 2.083 5.49 2.973
8.324 9.244 5.837 5.979 5.769 6.266 3.571 10.276 1.649 2.082 5.487 2.972
8.323 9.24 5.842 5.978 5.776 6.256 3.57 10.275 1.649 2.081 5.483 2.972
8.322 9.237 5.846 5.978 5.78 6.244 3.568 10.277 1.648 2.079 5.479 2.971
8.322 9.233 5.851 5.977 5.781 6.234 3.564 10.275 1.648 2.078 5.476 2.97
8.321 9.229 5.855 5.976 5.778 6.223 3.562 10.273 1.647 2.075 5.473 2.97
8.321 9.226 5.858 5.975 5.776 6.213 3.558 10.273 1.647 2.072 5.469 2.969
8.319 9.223 5.86 5.975 5.777 6.205 3.555 10.274 1.646 2.071 5.467 2.969
8.319 9.218 5.861 5.974 5.777 6.196 3.554 10.272 1.646 2.069 5.465 2.97
8.318 9.214 5.862 5.973 5.775 6.188 3.548 10.27 1.645 2.067 5.461 2.97
8.318 9.212 5.862 5.972 5.774 6.182 3.546 10.268 1.644 2.066 5.474 2.969
8.317 9.208 5.861 5.972 5.778 6.174 3.546 10.269 1.644 2.065 5.537 2.968
8.317 9.204 5.859 5.971 5.785 6.169 3.547 10.268 1.643 2.064 5.56 2.967
8.316 9.201 5.857 5.971 5.787 6.163 3.545 10.267 1.641 2.061 5.559 2.967
8.315 9.197 5.854 5.97 5.786 6.156 3.541 10.266 1.641 2.06 5.554 2.966
8.315 9.194 5.849 5.968 5.784 6.151 3.538 10.267 1.642 2.059 5.547 2.965
8.313 9.191 5.844 5.967 5.784 6.146 3.537 10.267 1.642 2.058 5.542 2.966
8.313 9.187 5.838 5.967 5.783 6.139 3.536 10.265 1.641 2.056 5.533 2.966
8.312 9.184 5.833 5.966 5.779 6.135 3.532 10.264 1.64 2.054 5.529 2.965
8.311 9.18 5.827 5.965 5.777 6.131 3.53 10.264 1.64 2.052 5.53 2.965
8.311 9.176 5.821 5.965 5.777 6.124 3.529 10.262 1.639 2.05 5.526 2.966
8.31 9.173 5.813 5.966 5.779 6.119 3.528 10.262 1.638 2.048 5.522 2.965
8.31 9.169 5.807 5.972 5.776 6.115 3.525 10.261 1.638 2.048 5.518 2.964
8.309 9.165 5.799 5.97 5.771 6.11 3.52 10.26 1.637 2.047 5.513 2.963
8.309 9.161 5.793 5.965 5.773 6.105 3.52 10.261 1.637 2.046 5.509 2.962
8.307 9.158 5.786 5.965 5.778 6.099 3.521 10.26 1.636 2.044 5.507 2.962
8.304 9.156 5.779 5.957 5.779 6.096 3.52 10.259 1.636 2.043 5.504 2.961
8.308 9.153 5.773 5.951 5.777 6.091 3.522 10.258 1.635 2.041 5.5 2.962
8.308 9.149 5.766 5.951 5.776 6.087 3.522 10.259 1.634 2.04 5.497 2.962
8.307 9.146 5.758 5.953 5.776 6.082 3.52 10.259 1.633 2.039 5.494 2.963
8.306 9.143 5.751 5.954 5.773 6.079 3.518 10.257 1.633 2.037 5.493 2.962
8.305 9.14 5.742 5.954 5.768 6.074 3.511 10.257 1.632 2.036 5.491 2.962
8.304 9.138 5.734 5.953 5.766 6.071 3.508 10.258 1.631 2.035 5.49 2.961
8.303 9.135 5.725 5.953 5.765 6.066 3.507 10.257 1.63 2.034 5.498 2.96
8.303 9.133 5.716 5.952 5.764 6.061 3.506 10.257 1.629 2.032 5.497 2.959
8.302 9.13 5.708 5.951 5.761 6.055 3.502 10.256 1.629 2.031 5.487 2.959
8.302 9.129 5.7 5.951 5.76 6.051 3.5 10.254 1.628 2.029 5.482 2.958
8.301 9.127 5.692 5.949 5.759 6.048 3.5 10.253 1.628 2.028 5.484 2.958
8.302 9.125 5.685 5.949 5.758 6.047 3.496 10.252 1.627 2.028 5.527 2.964
8.301 9.123 5.678 5.948 5.755 6.052 3.494 10.251 1.627 2.027 5.594 2.964
8.301 9.121 5.671 5.948 5.752 6.061 3.491 10.25 1.626 2.026 5.609 2.963
8.299 9.12 5.666 5.947 5.749 6.067 3.487 10.249 1.626 2.025 5.61 2.963
8.299 9.118 5.658 5.946 5.749 6.068 3.487 10.249 1.625 2.024 5.608 2.964
8.298 9.116 5.652 5.946 5.748 6.051 3.486 10.248 1.624 2.023 5.607 2.964
8.298 9.114 5.647 5.947 5.747 6.017 3.483 10.249 1.624 2.022 5.607 2.963
8.297 9.112 5.641 5.946 5.747 6.007 3.482 10.267 1.623 2.021 5.605 2.962
8.297 9.111 5.635 5.944 5.746 6.015 3.483 10.245 1.623 2.019 5.604 2.962
8.296 9.109 5.63 5.944 5.744 6.029 3.485 10.235 1.622 2.018 5.603 2.961
8.296 9.114 5.624 5.945 5.742 6.038 3.484 10.249 1.6215 2.017 5.602 2.96
8.295 9.122 5.618 5.946 5.741 6.051 3.484 10.25 1.621 2.017 5.6 2.958
8.294 9.122 5.614 5.946 5.74 6.057 3.481 10.249 1.62 2.015 5.601 2.958
8.293 9.121 5.608 5.945 5.74 6.051 3.479 10.249 1.62 2.014 5.6 2.959
8.292 9.12 5.604 5.943 5.739 6.048 3.471 10.247 1.619 2.013 5.597 2.959
8.292 9.119 5.6 5.944 5.738 6.026 3.47 10.247 1.619 2.012 5.597 2.96
8.293 9.118 5.597 5.943 5.736 6.011 3.47 10.248 1.618 2.011 5.596 2.958
8.292 9.116 5.593 5.943 5.735 6.014 3.468 10.249 1.618 2.011 5.594 2.958
8.291 9.114 5.587 5.942 5.734 6.009 3.465 10.248 1.617 2.01 5.594 2.957
8.291 9.113 5.583 5.941 5.734 6.006 3.462 10.247 1.616 2.009 5.593 2.956
8.29 9.112 5.579 5.94 5.733 5.998 3.46 10.246 1.616 2.008 5.592 2.956
8.291 9.11 5.575 5.94 5.732 5.99 3.462 10.243 1.615 2.007 5.591 2.957
8.291 9.109 5.572 5.938 5.73 5.99 3.464 10.242 1.614 2.006 5.59 2.956
8.29 9.108 5.568 5.939 5.728 5.999 3.466 10.242 1.613 2.005 5.588 2.956
8.29 9.107 5.566 5.939 5.726 6.007 3.466 10.243 1.613 2.005 5.587 2.955
8.289 9.107 5.563 5.938 5.724 6.011 3.465 10.241 1.612 2.004 5.587 2.955
8.288 9.105 5.561 5.937 5.724 6.008 3.463 10.241 1.612 2.004 5.585 2.954
8.287 9.103 5.559 5.937 5.723 6.002 3.462 10.242 1.611 2.003 5.584 2.953
8.287 9.102 5.555 5.936 5.723 6.011 3.461 10.241 1.611 2.003 5.583 2.956
8.286 9.101 5.553 5.935 5.722 6.033 3.459 10.24 1.61 2.002 5.577 2.955
8.285 9.1 5.549 5.934 5.722 6.042 3.454 10.24 1.609 2.002 5.547 2.959
8.285 9.099 5.544 5.934 5.721 6.048 3.448 10.239 1.609 2.001 5.525 2.963
8.284 9.099 5.541 5.933 5.72 6.05 3.448 10.239 1.608 2.001 5.52 2.963
8.284 9.098 5.538 5.932 5.72 6.049 3.445 10.24 1.608 2 5.519 2.959
8.283 9.097 5.536 5.932 5.719 6.048 3.441 10.24 1.607 1.999 5.519 2.955
8.282 9.095 5.533 5.931 5.718 6.048 3.433 10.239 1.607 1.998 5.518 2.953
8.282 9.095 5.53 5.93 5.717 6.05 3.43 10.239 1.606 1.998 5.518 2.954
8.281 9.094 5.527 5.93 5.716 6.042 3.429 10.238 1.606 1.997 5.517 2.971
8.28 9.093 5.524 5.929 5.716 6.03 3.428 10.237 1.605 1.997 5.517 2.966
8.279 9.092 5.52 5.927 5.715 6.025 3.421 10.236 1.604 1.996 5.516 2.954
8.28 9.091 5.517 5.927 5.714 6.024 3.416 10.234 1.604 1.995 5.517 2.948
8.28 9.09 5.512 5.928 5.714 6.026 3.412 10.232 1.603 1.995 5.516 2.948
8.279 9.089 5.507 5.928 5.713 6.025 3.41 10.231 1.603 1.994 5.515 2.949
8.279 9.089 5.502 5.927 5.714 6.023 3.406 10.232 1.602 1.994 5.515 2.95
8.278 9.088 5.497 5.927 5.714 6.019 3.405 10.233 1.602 1.993 5.514 2.948
8.278 9.087 5.494 5.928 5.713 6.017 3.405 10.233 1.601 1.992 5.513 2.947
8.277 9.086 5.493 5.927 5.713 6.016 3.406 10.232 1.6 1.992 5.513 2.947
8.276 9.086 5.492 5.925 5.711 6.013 3.407 10.232 1.6 1.991 5.512 2.948
8.278 9.084 5.491 5.921 5.71 6.012 3.41 10.231 1.599 1.991 5.511 2.95
8.279 9.083 5.489 5.919 5.71 6.009 3.415 10.231 1.599 1.99 5.51 2.951
8.281 9.083 5.487 5.921 5.709 6.002 3.42 10.23 1.598 1.989 5.51 2.95
8.282 9.082 5.484 5.923 5.708 5.994 3.425 10.229 1.597 1.989 5.504 2.949
8.281 9.081 5.481 5.924 5.707 5.989 3.428 10.23 1.597 1.988 5.468 2.95
8.28 9.08 5.478 5.923 5.707 5.987 3.428 10.23 1.596 1.988 5.433 2.95
8.28 9.079 5.475 5.922 5.706 5.986 3.427 10.229 1.596 1.987 5.42 2.948
8.282 9.078 5.473 5.922 5.705 5.99 3.425 10.228 1.595 1.987 5.418 2.947
8.284 9.078 5.47 5.921 5.704 5.989 3.423 10.229 1.595 1.986 5.417 2.947
8.283 9.076 5.469 5.921 5.704 5.984 3.422 10.229 1.594 1.986 5.417 2.948
8.279 9.076 5.468 5.922 5.703 5.98 3.42 10.228 1.594 1.985 5.415 2.948
8.275 9.075 5.468 5.922 5.703 5.971 3.42 10.228 1.593 1.984 5.414 2.947
8.272 9.074 5.469 5.921 5.702 5.966 3.417 10.227 1.593 1.984 5.414 2.947
8.269 9.073 5.472 5.919 5.701 5.965 3.416 10.226 1.592 1.983 5.413 2.946
8.269 9.073 5.476 5.919 5.7 5.96 3.413 10.226 1.592 1.982 5.412 2.947
8.268 9.072 5.481 5.92 5.7 5.953 3.411 10.225 1.591 1.982 5.412 2.947
8.267 9.071 5.486 5.919 5.699 5.95 3.409 10.225 1.591 1.981 5.411 2.945
8.268 9.07 5.49 5.918 5.698 5.949 3.408 10.223 1.59 1.98 5.41 2.944
8.268 9.07 5.495 5.919 5.698 5.945 3.403 10.223 1.59 1.979 5.41 2.946
8.205 9.026 5.427 5.919 5.682 5.849 3.252 10.222 1.547 1.965 5.287 2.931
8.203 9.026 5.424 5.918 5.679 5.845 3.253 10.221 1.546 1.964 5.286 2.93
8.203 9.025 5.421 5.917 5.677 5.843 3.252 10.222 1.545 1.964 5.286 2.93
8.202 9.025 5.42 5.916 5.678 5.842 3.251 10.222 1.545 1.963 5.285 2.929
8.201 9.024 5.418 5.916 5.68 5.841 3.25 10.221 1.544 1.963 5.285 2.929
8.2 9.023 5.416 5.915 5.679 5.841 3.251 10.22 1.544 1.962 5.284 2.932
8.199 9.021 5.414 5.915 5.675 5.839 3.25 10.221 1.542 1.962 5.284 2.934
8.199 9.021 5.412 5.914 5.68 5.838 3.25 10.22 1.542 1.961 5.283 2.934
8.198 9.02 5.411 5.913 5.675 5.836 3.251 10.22 1.541 1.961 5.283 2.935
8.197 9.019 5.409 5.912 5.678 5.833 3.25 10.219 1.541 1.959 5.282 2.934
8.196 9.018 5.408 5.912 5.677 5.831 3.25 10.219 1.54 1.959 5.282 2.933
8.195 9.017 5.406 5.913 5.679 5.83 3.249 10.218 1.54 1.958 5.281 2.933
8.194 9.017 5.405 5.912 5.678 5.828 3.249 10.218 1.539 1.958 5.281 2.932
8.193 9.016 5.403 5.911 5.678 5.827 3.248 10.217 1.539 1.957 5.28 2.932
8.193 9.016 5.401 5.911 5.677 5.823 3.247 10.217 1.538 1.957 5.28 2.931
8.192 9.015 5.399 5.91 5.677 5.821 3.245 10.216 1.538 1.956 5.279 2.931
8.192 9.014 5.397 5.91 5.675 5.817 3.245 10.216 1.537 1.955 5.279 2.93
8.191 9.014 5.395 5.909 5.675 5.813 3.246 10.215 1.537 1.955 5.278 2.93
8.19 9.013 5.393 5.909 5.673 5.809 3.247 10.215 1.536 1.954 5.278 2.929
8.189 9.012 5.391 5.908 5.673 5.805 3.249 10.214 1.536 1.954 5.277 2.93
8.188 9.011 5.388 5.908 5.676 5.799 3.25 10.214 1.535 1.953 5.277 2.93
8.188 9.011 5.386 5.909 5.676 5.794 3.251 10.213 1.535 1.952 5.276 2.929
8.187 9.01 5.383 5.908 5.678 5.789 3.25 10.213 1.536 1.952 5.276 2.929
8.187 9.01 5.38 5.907 5.675 5.784 3.249 10.212 1.535 1.951 5.275 2.928
8.186 9.009 5.376 5.908 5.675 5.78 3.247 10.212 1.535 1.951 5.275 2.929
8.185 9.009 5.373 5.907 5.674 5.776 3.243 10.211 1.534 1.95 5.274 2.929
8.184 9.008 5.368 5.905 5.674 5.774 3.231 10.211 1.535 1.949 5.273 2.928
8.184 9.008 5.364 5.905 5.676 5.771 3.225 10.21 1.535 1.949 5.273 2.927
8.183 9.007 5.36 5.906 5.674 5.769 3.227 10.21 1.534 1.948 5.285 2.928
8.182 9.006 5.356 5.905 5.673 5.766 3.23 10.209 1.534 1.948 5.288 2.928
8.182 9.006 5.353 5.906 5.675 5.764 3.232 10.209 1.533 1.947 5.283 2.927
8.181 9.005 5.349 5.906 5.674 5.762 3.233 10.208 1.533 1.947 5.281 2.925
8.182 9.005 5.346 5.905 5.674 5.76 3.234 10.207 1.532 1.946 5.279 2.925
8.181 9.004 5.343 5.904 5.673 5.757 3.234 10.207 1.532 1.946 5.279 2.926
8.181 9.004 5.339 5.904 5.673 5.754 3.233 10.208 1.533 1.945 5.29 2.926
8.18 9.003 5.336 5.905 5.674 5.753 3.232 10.208 1.533 1.945 5.297 2.925
8.18 9.003 5.333 5.905 5.675 5.751 3.232 10.207 1.534 1.944 5.3 2.925
8.179 9.002 5.329 5.904 5.673 5.749 3.231 10.208 1.534 1.943 5.31 2.924
8.179 9.002 5.327 5.904 5.674 5.748 3.231 10.208 1.535 1.943 5.322 2.923
8.178 9.001 5.325 5.905 5.672 5.746 3.23 10.207 1.535 1.942 5.322 2.924
8.179 9 5.324 5.905 5.673 5.745 3.23 10.207 1.536 1.942 5.314 2.924
8.178 9 5.321 5.904 5.673 5.742 3.229 10.208 1.535 1.941 5.303 2.922
8.177 8.999 5.32 5.903 5.671 5.74 3.229 10.208 1.535 1.941 5.293 2.923
8.177 8.999 5.317 5.903 5.672 5.739 3.23 10.207 1.536 1.94 5.286 2.923
8.176 8.998 5.315 5.902 5.673 5.737 3.233 10.207 1.535 1.94 5.281 2.924
8.176 8.998 5.313 5.902 5.674 5.735 3.234 10.206 1.536 1.945 5.277 2.923
8.175 8.997 5.311 5.903 5.672 5.734 3.234 10.206 1.536 1.944 5.274 2.922
8.175 8.996 5.309 5.903 5.673 5.732 3.233 10.205 1.534 1.941 5.273 2.922
8.174 8.996 5.308 5.902 5.673 5.729 3.232 10.205 1.533 1.94 5.272 2.923
8.171 8.995 5.307 5.901 5.671 5.729 3.23 10.206 1.533 1.939 5.272 2.922
8.171 8.994 5.305 5.9 5.672 5.73 3.228 10.205 1.534 1.938 5.303 2.921
8.169 8.998 5.304 5.9 5.672 5.729 3.226 10.206 1.534 1.938 5.356 2.92
8.168 9.01 5.303 5.899 5.671 5.73 3.224 10.206 1.535 1.937 5.499 2.922
8.168 9.013 5.302 5.899 5.671 5.728 3.223 10.205 1.535 1.937 5.53 2.922
8.167 9.014 5.3 5.898 5.672 5.728 3.222 10.205 1.536 1.936 5.533 2.92
8.167 9.014 5.299 5.898 5.671 5.726 3.222 10.204 1.536 1.936 5.532 2.919
8.166 9.013 5.296 5.897 5.671 5.725 3.221 10.204 1.537 1.935 5.53 2.92
8.166 9.013 5.294 5.896 5.672 5.723 3.221 10.203 1.538 1.934 5.487 2.92
8.167 9.012 5.291 5.896 5.67 5.721 3.22 10.203 1.538 1.941 5.424 2.921
8.167 9.012 5.289 5.897 5.671 5.72 3.22 10.202 1.539 1.944 5.386 2.921
8.166 9.011 5.285 5.896 5.673 5.719 3.219 10.202 1.539 1.943 5.368 2.92
8.165 9.011 5.282 5.896 5.671 5.719 3.217 10.203 1.54 1.943 5.361 2.92
8.165 9.012 5.28 5.895 5.672 5.721 3.215 10.202 1.542 1.942 5.358 2.918
8.163 9.012 5.276 5.895 5.672 5.721 3.213 10.203 1.543 1.941 5.357 2.917
8.162 9.011 5.273 5.894 5.671 5.717 3.21 10.203 1.545 1.941 5.357 2.918
8.162 9.011 5.27 5.894 5.672 5.714 3.21 10.202 1.547 1.94 5.356 2.918
8.161 9.01 5.266 5.893 5.671 5.718 3.211 10.202 1.548 1.94 5.356 2.917
8.161 9.01 5.263 5.893 5.67 5.719 3.212 10.201 1.548 1.939 5.357 2.916
8.16 9.009 5.26 5.892 5.671 5.715 3.212 10.201 1.55 1.939 5.356 2.918
8.161 9.01 5.258 5.892 5.67 5.714 3.213 10.2 1.55 1.938 5.356 2.918
8.16 9.01 5.256 5.891 5.671 5.714 3.213 10.2 1.551 1.938 5.357 2.917
8.158 9.009 5.253 5.891 5.67 5.718 3.214 10.199 1.55 1.937 5.357 2.917
8.144 9.009 5.252 5.892 5.67 5.717 3.214 10.199 1.549 1.937 5.356 2.923
8.14 9.018 5.25 5.892 5.671 5.71 3.215 10.198 1.545 1.936 5.356 2.923
8.151 9.008 5.248 5.891 5.671 5.706 3.216 10.198 1.544 1.935 5.355 2.921
8.157 9.008 5.246 5.891 5.67 5.706 3.222 10.197 1.542 1.935 5.355 2.921
8.158 9.007 5.243 5.892 5.67 5.705 3.226 10.197 1.541 1.934 5.359 2.923
8.157 9.007 5.241 5.891 5.671 5.703 3.222 10.198 1.541 1.933 5.375 2.922
8.155 9.006 5.24 5.891 5.67 5.702 3.222 10.197 1.544 1.933 5.425 2.922
8.155 9.006 5.238 5.89 5.67 5.701 3.221 10.197 1.546 1.932 5.458 2.921
8.154 9.005 5.237 5.89 5.669 5.701 3.219 10.196 1.548 1.932 5.462 2.92
8.153 9.005 5.237 5.889 5.671 5.705 3.216 10.196 1.548 1.931 5.462 2.92
8.153 9.006 5.235 5.887 5.671 5.712 3.212 10.195 1.547 1.93 5.463 2.919
8.134 8.968 5.189 5.887 5.668 5.775 3.153 10.195 1.51 1.918 5.253 2.916
8.134 8.967 5.188 5.887 5.667 5.773 3.152 10.194 1.509 1.917 5.253 2.915
8.133 8.966 5.189 5.886 5.668 5.771 3.152 10.194 1.51 1.917 5.252 2.915
8.133 8.965 5.189 5.886 5.667 5.773 3.151 10.193 1.51 1.916 5.252 2.914
8.132 8.964 5.19 5.885 5.667 5.769 3.149 10.193 1.509 1.916 5.251 2.914
8.131 8.964 5.192 5.885 5.668 5.767 3.151 10.192 1.507 1.915 5.251 2.915
8.13 8.963 5.194 5.884 5.667 5.766 3.15 10.192 1.507 1.915 5.25 2.914
8.13 8.963 5.198 5.884 5.668 5.763 3.15 10.191 1.508 1.914 5.25 2.913
8.131 8.962 5.203 5.883 5.667 5.756 3.151 10.191 1.507 1.914 5.249 2.912
8.132 8.962 5.208 5.882 5.667 5.747 3.151 10.19 1.507 1.913 5.249 2.912
8.132 8.961 5.213 5.882 5.668 5.742 3.15 10.19 1.508 1.913 5.248 2.911
8.13 8.961 5.218 5.881 5.668 5.738 3.149 10.189 1.508 1.912 5.248 2.911
8.129 8.96 5.221 5.881 5.667 5.732 3.148 10.189 1.507 1.911 5.247 2.91
8.124 8.96 5.224 5.882 5.668 5.721 3.148 10.188 1.507 1.911 5.246 2.91
8.115 8.959 5.224 5.881 5.668 5.716 3.146 10.188 1.508 1.912 5.246 2.912
8.114 8.959 5.223 5.88 5.667 5.712 3.144 10.187 1.508 1.911 5.245 2.912
8.114 8.958 5.222 5.88 5.668 5.703 3.143 10.186 1.509 1.911 5.245 2.911
8.115 8.958 5.219 5.879 5.668 5.699 3.142 10.184 1.509 1.91 5.244 2.911
8.119 8.957 5.217 5.879 5.669 5.698 3.142 10.182 1.506 1.91 5.243 2.91
8.121 8.958 5.214 5.878 5.667 5.692 3.141 10.181 1.506 1.909 5.243 2.909
8.123 8.957 5.212 5.878 5.668 5.685 3.141 10.181 1.507 1.909 5.253 2.908
8.123 8.956 5.21 5.877 5.667 5.683 3.14 10.182 1.507 1.908 5.273 2.908
8.122 8.956 5.208 5.877 5.667 5.683 3.141 10.185 1.508 1.908 5.284 2.907
8.121 8.955 5.206 5.876 5.668 5.679 3.142 10.186 1.508 1.907 5.289 2.907
8.121 8.955 5.205 5.876 5.667 5.674 3.141 10.186 1.509 1.907 5.293 2.908
8.12 8.954 5.203 5.875 5.668 5.67 3.142 10.184 1.509 1.908 5.306 2.908
8.12 8.955 5.201 5.874 5.667 5.666 3.142 10.182 1.51 1.907 5.323 2.909
8.119 8.955 5.2 5.874 5.668 5.664 3.143 10.18 1.51 1.907 5.336 2.911
8.119 8.954 5.198 5.875 5.669 5.661 3.143 10.179 1.511 1.908 5.344 2.912
8.12 8.954 5.197 5.875 5.668 5.659 3.142 10.179 1.511 1.907 5.358 2.911
8.12 8.953 5.195 5.876 5.667 5.657 3.142 10.18 1.512 1.907 5.403 2.911
8.119 8.953 5.194 5.877 5.667 5.652 3.141 10.182 1.512 1.906 5.501 2.913
8.119 8.952 5.194 5.877 5.668 5.65 3.14 10.184 1.513 1.906 5.528 2.912
8.118 8.951 5.193 5.876 5.667 5.652 3.14 10.185 1.513 1.905 5.532 2.912
8.118 8.951 5.193 5.876 5.667 5.648 3.141 10.183 1.512 1.905 5.533 2.913
8.117 8.95 5.194 5.877 5.668 5.646 3.14 10.182 1.511 1.912 5.532 2.913
8.117 8.949 5.195 5.876 5.669 5.648 3.141 10.18 1.51 1.912 5.531 2.912
8.116 8.949 5.198 5.876 5.668 5.646 3.139 10.179 1.51 1.911 5.532 2.911
8.115 8.96 5.202 5.875 5.669 5.641 3.14 10.179 1.511 1.911 5.532 2.911
8.114 8.97 5.206 5.875 5.668 5.64 3.139 10.18 1.511 1.91 5.531 2.91
8.113 8.972 5.211 5.874 5.668 5.639 3.139 10.183 1.512 1.91 5.518 2.91
8.113 8.973 5.216 5.873 5.667 5.635 3.138 10.185 1.512 1.909 5.48 2.909
8.112 8.973 5.22 5.873 5.667 5.637 3.138 10.185 1.513 1.909 5.429 2.909
8.112 8.972 5.223 5.874 5.668 5.639 3.137 10.184 1.513 1.908 5.383 2.91
8.111 8.972 5.226 5.873 5.666 5.637 3.136 10.181 1.514 1.908 5.349 2.91
8.111 8.973 5.227 5.873 5.667 5.633 3.135 10.18 1.514 1.907 5.321 2.909
8.11 8.973 5.229 5.872 5.667 5.636 3.134 10.179 1.512 1.907 5.299 2.909
8.111 8.972 5.229 5.872 5.666 5.638 3.134 10.178 1.512 1.906 5.282 2.91
8.11 8.972 5.228 5.871 5.667 5.635 3.133 10.179 1.513 1.906 5.271 2.91
8.11 8.973 5.228 5.871 5.666 5.63 3.133 10.181 1.513 1.905 5.263 2.909
8.111 8.973 5.226 5.87 5.665 5.631 3.132 10.184 1.514 1.905 5.258 2.909
8.111 8.974 5.224 5.869 5.667 5.634 3.132 10.185 1.514 1.904 5.254 2.91
8.11 8.974 5.221 5.869 5.667 5.633 3.131 10.185 1.515 1.904 5.251 2.909
8.11 8.973 5.219 5.87 5.668 5.629 3.13 10.184 1.515 1.903 5.248 2.908
8.108 8.973 5.216 5.87 5.667 5.627 3.129 10.181 1.516 1.903 5.247 2.908
8.108 8.974 5.213 5.871 5.667 5.63 3.13 10.179 1.516 1.902 5.246 2.909
8.107 8.975 5.21 5.871 5.666 5.632 3.13 10.178 1.515 1.902 5.245 2.909
8.108 8.974 5.207 5.87 5.667 5.63 3.131 10.178 1.516 1.901 5.243 2.91
8.108 8.974 5.204 5.87 5.666 5.625 3.132 10.179 1.516 1.901 5.241 2.909
8.109 8.975 5.201 5.869 5.666 5.623 3.133 10.181 1.517 1.9 5.241 2.908
8.109 8.975 5.198 5.869 5.667 5.626 3.134 10.183 1.518 1.9 5.24 2.907
8.108 8.976 5.195 5.868 5.666 5.627 3.135 10.184 1.52 1.899 5.24 2.906
8.108 8.975 5.192 5.868 5.667 5.623 3.135 10.182 1.522 1.899 5.239 2.905
8.107 8.975 5.189 5.869 5.668 5.621 3.134 10.181 1.523 1.898 5.238 2.905
8.107 8.976 5.186 5.87 5.668 5.621 3.134 10.178 1.525 1.898 5.237 2.907
8.108 8.976 5.183 5.87 5.666 5.622 3.133 10.178 1.527 1.897 5.237 2.908
8.107 8.975 5.18 5.869 5.667 5.623 3.133 10.177 1.529 1.897 5.238 2.907
8.106 8.975 5.177 5.869 5.668 5.625 3.131 10.177 1.531 1.896 5.238 2.906
8.106 8.974 5.174 5.867 5.667 5.626 3.13 10.178 1.533 1.896 5.239 2.906
8.107 8.975 5.172 5.867 5.667 5.626 3.13 10.177 1.533 1.895 5.262 2.905
8.107 8.974 5.169 5.868 5.668 5.627 3.129 10.176 1.534 1.895 5.293 2.905
8.106 8.974 5.167 5.868 5.667 5.624 3.129 10.176 1.536 1.894 5.304 2.906
8.107 8.975 5.165 5.867 5.668 5.622 3.13 10.177 1.539 1.893 5.308 2.907
8.107 8.975 5.163 5.867 5.667 5.619 3.128 10.177 1.54 1.894 5.326 2.907
8.108 8.974 5.161 5.868 5.667 5.617 3.127 10.18 1.537 1.894 5.34 2.906
8.108 8.974 5.158 5.869 5.668 5.619 3.126 10.182 1.533 1.893 5.336 2.907
8.107 8.97 5.156 5.869 5.667 5.623 3.125 10.183 1.531 1.893 5.324 2.907
8.107 8.964 5.156 5.868 5.667 5.62 3.125 10.181 1.531 1.892 5.306 2.905
8.106 8.959 5.154 5.868 5.668 5.615 3.124 10.18 1.53 1.892 5.288 2.905
8.105 8.953 5.153 5.869 5.668 5.613 3.122 10.178 1.53 1.891 5.272 2.912
8.105 8.95 5.151 5.869 5.667 5.616 3.121 10.177 1.528 1.892 5.261 2.923
8.106 8.948 5.149 5.868 5.666 5.618 3.12 10.175 1.528 1.892 5.254 2.915
8.106 8.948 5.148 5.868 5.667 5.616 3.117 10.175 1.535 1.891 5.249 2.909
8.105 8.947 5.146 5.869 5.667 5.613 3.116 10.174 1.538 1.892 5.245 2.909
8.119 8.947 5.1 5.863 5.664 5.589 3.092 10.177 1.5 1.891 5.237 2.911
8.119 8.946 5.101 5.863 5.663 5.593 3.091 10.178 1.501 1.892 5.236 2.909
8.115 8.945 5.101 5.864 5.663 5.594 3.091 10.176 1.501 1.892 5.236 2.911
8.115 8.945 5.102 5.865 5.662 5.595 3.09 10.174 1.502 1.893 5.235 2.912
8.114 8.946 5.101 5.864 5.663 5.596 3.089 10.173 1.502 1.894 5.235 2.912
8.115 8.946 5.101 5.863 5.662 5.594 3.087 10.172 1.503 1.894 5.236 2.911
8.116 8.945 5.102 5.863 5.662 5.593 3.087 10.171 1.503 1.897 5.235 2.91
8.116 8.946 5.103 5.864 5.661 5.594 3.086 10.171 1.504 1.901 5.235 2.91
8.115 8.947 5.105 5.865 5.662 5.596 3.086 10.172 1.504 1.902 5.236 2.912
8.116 8.947 5.107 5.865 5.662 5.6 3.085 10.172 1.505 1.903 5.236 2.912
