356.585789 1766.396405 126.187110 532.382747 374.000000 335.000000 85.000000 100.000000 948.000000 178.000000
356.549272 1757.773145 145.375587 535.285785 333.000000 342.000000 78.000000 47.000000 1071.000000 177.000000
357.210783 1758.540476 140.155320 540.373347 117.000000 355.000000 82.000000 17.000000 595.000000 190.000000
357.746027 1754.087282 127.839251 541.006355 40.000000 370.000000 93.000000 4.000000 94.000000 179.000000
358.015648 1762.010123 118.493647 548.743698 100.000000 331.000000 97.000000 169.000000 158.000000 180.000000
356.412223 1748.340444 104.639636 546.565432 0.000000 312.000000 122.000000 0.000000 0.000000 194.000000
352.742498 1740.414461 101.933438 541.112598 90.000000 451.000000 163.000000 9.000000 0.000000 177.000000
350.394156 1739.274822 88.607186 533.037730 573.000000 376.000000 169.000000 197.000000 0.000000 178.000000
350.816383 1760.665041 93.039363 539.775379 187.000000 385.000000 160.000000 368.000000 0.000000 183.000000
353.324401 1775.538264 164.376779 529.846100 222.000000 254.000000 125.000000 389.000000 1.000000 208.000000
354.067681 1769.747514 102.953644 534.592211 135.000000 307.000000 106.000000 36.000000 335.000000 182.000000
355.966765 1775.834969 135.691882 525.060515 278.000000 396.000000 84.000000 50.000000 1155.000000 177.000000
356.949070 1772.305984 137.611814 541.867982 592.000000 419.000000 88.000000 230.000000 684.000000 154.000000
357.871745 1770.753738 130.391314 541.276907 348.000000 374.000000 101.000000 308.000000 259.000000 180.000000
358.931669 1786.436767 167.292216 544.078181 561.000000 472.000000 80.000000 179.000000 766.000000 155.000000
360.115007 1776.103499 170.219530 554.094188 20.000000 324.000000 92.000000 2.000000 138.000000 196.000000
360.127157 1786.946881 156.474302 550.397956 50.000000 334.000000 91.000000 5.000000 328.000000 178.000000
358.577741 1770.225555 117.817195 550.542252 0.000000 354.000000 103.000000 0.000000 134.000000 187.000000
355.281178 1752.613357 92.554847 560.147652 50.000000 392.000000 156.000000 5.000000 1.000000 191.000000
351.811961 1729.664114 83.269969 552.512301 401.000000 404.000000 160.000000 103.000000 0.000000 179.000000
351.142069 1774.099239 102.994270 531.041461 215.000000 414.000000 155.000000 278.000000 22.000000 175.000000
353.794959 1771.319756 117.314349 528.594068 202.000000 341.000000 133.000000 86.000000 0.000000 196.000000
355.329924 1798.073078 119.185540 550.739012 144.000000 343.000000 104.000000 39.000000 221.000000 178.000000
357.800709 1788.379276 137.120635 530.299001 559.000000 575.000000 95.000000 589.000000 410.000000 147.000000
359.446833 1808.328267 139.366761 545.310098 411.000000 439.000000 85.000000 100.000000 627.000000 154.000000
359.364893 1797.122568 159.984442 536.827884 664.000000 491.000000 94.000000 347.000000 78.000000 147.000000
360.127512 1797.172217 162.017994 540.851323 896.000000 456.000000 92.000000 368.000000 322.000000 154.000000
360.014712 1788.702392 157.758433 541.947689 120.000000 329.000000 102.000000 12.000000 0.000000 182.000000
360.588156 1790.024062 168.320116 541.069066 100.000000 423.000000 108.000000 72.000000 0.000000 167.000000
357.426836 1772.404944 115.914108 528.304023 0.000000 338.000000 125.000000 0.000000 0.000000 184.000000
356.474236 1766.629675 107.377830 546.994916 60.000000 371.000000 160.000000 6.000000 0.000000 175.000000
352.937925 1749.747769 89.269097 546.655309 510.000000 441.000000 183.000000 51.000000 0.000000 171.000000
351.839338 1768.784314 94.129294 544.355829 116.000000 328.000000 161.000000 45.000000 0.000000 187.000000
354.620118 1780.562044 110.422012 523.932210 139.000000 344.000000 128.000000 59.000000 0.000000 191.000000
355.739729 1790.282858 122.135564 512.350395 112.000000 303.000000 103.000000 33.000000 423.000000 178.000000
357.884562 1792.286880 140.796519 516.397803 666.000000 533.000000 92.000000 473.000000 794.000000 146.000000
358.053892 1788.265645 128.566942 525.980380 757.000000 612.000000 96.000000 531.000000 301.000000 134.000000
359.693002 1797.131812 146.359401 531.014498 650.000000 506.000000 95.000000 409.000000 391.000000 145.000000
360.256873 1801.151195 141.147928 542.721113 388.000000 400.000000 93.000000 56.000000 227.000000 175.000000
361.993826 1800.477549 149.052690 541.240893 0.000000 307.000000 92.000000 0.000000 187.000000 202.000000
361.142021 1788.325078 133.733763 541.118025 100.000000 381.000000 103.000000 12.000000 0.000000 179.000000
357.581031 1782.228520 101.175925 528.061005 0.000000 284.000000 120.000000 0.000000 0.000000 185.000000
355.589182 1765.812449 87.216036 530.209066 50.000000 411.000000 153.000000 5.000000 1.000000 188.000000
353.327930 1769.907877 100.463637 521.046103 291.000000 421.000000 161.000000 40.000000 0.000000 173.000000
353.708265 1764.054210 98.749199 514.733555 136.000000 340.000000 157.000000 55.000000 19.000000 194.000000
356.014181 1776.479058 90.299883 487.555445 132.000000 431.000000 136.000000 32.000000 0.000000 189.000000
357.048889 1796.431917 109.132472 497.414917 389.000000 425.000000 102.000000 286.000000 476.000000 181.000000
359.116274 1813.557609 135.017667 503.290717 205.000000 396.000000 93.000000 64.000000 524.000000 190.000000
360.438751 1807.703750 145.365649 513.234757 186.000000 321.000000 97.000000 72.000000 419.000000 193.000000
360.435554 1779.188766 125.879922 520.422438 444.000000 443.000000 86.000000 215.000000 732.000000 171.000000
362.499833 nan 154.441345 nan nan nan 95.000000 63.000000 118.000000 nan
nan nan nan nan nan nan nan 3.000000 59.000000 nan
361.761086 nan nan 530.848560 nan nan nan nan nan nan
nan nan 103.414702 519.160524 0.000000 422.000000 129.000000 0.000000 nan nan
358.297892 1782.178991 nan nan 60.000000 nan 163.000000 6.000000 nan 188.000000
nan 1754.512137 141.941704 nan nan 410.000000 186.000000 47.000000 nan nan
355.920217 nan nan 512.911704 344.000000 377.000000 169.000000 442.000000 0.000000 177.000000
nan nan 133.846924 nan nan 360.000000 nan 30.000000 110.000000 nan
nan 1794.023330 128.925890 502.272767 244.000000 nan 91.000000 nan nan nan
362.357162 1811.702030 nan nan 653.000000 489.000000 92.000000 nan 510.000000 nan
nan nan nan nan 606.000000 544.000000 nan nan nan nan
nan 1801.048161 nan 520.075810 nan nan 105.000000 nan nan 166.000000
363.145200 nan nan nan 276.000000 425.000000 96.000000 36.000000 nan 163.000000
363.843274 1804.977282 146.622425 522.518663 220.000000 nan 92.000000 22.000000 nan nan
nan 1806.880139 132.537045 533.113566 nan 395.000000 93.000000 3.000000 215.000000 158.000000
nan nan nan 536.200065 0.000000 343.000000 119.000000 0.000000 nan 194.000000
nan 1780.842836 99.488059 533.512937 90.000000 nan nan nan 0.000000 191.000000
nan 1789.013747 87.573096 nan nan 387.000000 nan nan 0.000000 nan
356.340922 nan 80.955048 523.296928 128.000000 489.000000 190.000000 45.000000 0.000000 178.000000
359.118263 1798.635430 96.875812 nan nan 314.000000 127.000000 21.000000 nan nan
362.125229 1801.543016 nan nan 112.000000 384.000000 nan nan 16.000000 186.000000
361.618783 1803.708532 nan 506.823158 106.000000 383.000000 101.000000 nan nan 179.000000
364.108406 nan 136.794759 519.625661 110.000000 413.000000 nan nan 346.000000 nan
nan 1811.318556 nan 523.063972 nan nan 95.000000 38.000000 nan 152.000000
365.163684 1813.794682 148.191968 nan nan 413.000000 nan 16.000000 nan nan
363.683789 1774.264694 nan nan 20.000000 350.000000 105.000000 2.000000 0.000000 182.000000
nan nan 127.077597 nan nan nan 109.000000 nan nan nan
363.272005 1774.029144 112.929404 551.310672 0.000000 338.000000 122.000000 nan 1.000000 198.000000
nan 1774.326411 94.627612 544.505296 700.000000 nan nan nan 0.000000 162.000000
nan 1774.729172 100.474038 538.965608 210.000000 412.000000 171.000000 nan nan 159.000000
357.932766 nan 112.145050 514.398616 191.000000 358.000000 162.000000 46.000000 nan nan
nan 1816.413925 111.212630 nan 130.000000 nan 124.000000 39.000000 49.000000 187.000000
363.102952 1804.433067 nan nan nan nan nan nan 100.000000 nan
363.779954 1816.188634 123.061897 nan 212.000000 nan 99.000000 nan nan 163.000000
nan 1816.050437 130.501201 519.564858 425.000000 413.000000 nan 125.000000 92.000000 131.000000
366.394219 1807.767776 134.372708 nan 105.000000 nan 86.000000 46.000000 683.000000 166.000000
366.723090 1820.014832 149.332262 nan 120.000000 nan nan nan nan nan
nan 1808.131238 134.766369 nan nan nan 92.000000 9.000000 148.000000 nan
nan 1804.629843 nan 533.509514 30.000000 350.000000 nan nan 0.000000 179.000000
nan 1797.685476 110.735655 nan nan nan nan nan nan 178.000000
361.595980 1785.218376 78.898512 nan 110.000000 425.000000 nan 11.000000 nan nan
nan 1772.183562 nan 513.649977 130.000000 415.000000 nan 13.000000 nan 173.000000
nan 1794.980358 nan nan 258.000000 360.000000 nan nan 0.000000 nan
362.162137 1797.118285 108.387187 507.141390 nan 323.000000 128.000000 30.000000 23.000000 nan
nan 1809.538773 nan nan nan nan nan nan 0.000000 nan
366.148752 1822.473988 141.872947 nan nan 400.000000 89.000000 486.000000 736.000000 160.000000
nan 1810.622640 nan 514.659726 nan 413.000000 nan nan nan 155.000000
nan nan 151.332391 516.609148 685.000000 304.000000 nan nan nan 144.000000
nan nan 160.848551 nan nan nan nan 186.000000 307.000000 164.000000
nan nan nan nan 50.000000 nan nan nan 565.000000 nan
nan 1818.264596 nan 546.930622 90.000000 316.000000 101.000000 9.000000 28.000000 156.000000
nan 1816.742359 nan 541.323769 0.000000 nan nan 0.000000 nan nan
366.065468 nan 110.058794 nan 160.000000 425.000000 175.000000 16.000000 0.000000 178.000000
nan 1800.858318 nan 544.864021 nan nan 193.000000 58.000000 0.000000 nan
nan 1795.907061 94.165317 534.535443 229.000000 356.000000 nan nan 0.000000 nan
365.575272 1837.087060 157.289425 525.119688 nan 321.000000 122.000000 nan nan nan
367.737755 1833.354023 nan 528.114314 194.000000 nan 102.000000 27.000000 307.000000 nan
368.992274 nan 150.258194 520.398757 nan 340.000000 nan 99.000000 nan 184.000000
370.421170 1829.211372 143.435591 nan nan nan nan 25.000000 nan 176.000000
nan 1832.356710 nan nan 198.000000 nan 84.000000 31.000000 772.000000 185.000000
372.838931 1837.037144 172.528761 nan nan nan 83.000000 nan nan nan
372.501501 1829.667286 153.450389 nan nan nan 81.000000 3.000000 614.000000 182.000000
372.349239 nan nan 535.946646 30.000000 312.000000 nan 3.000000 355.000000 185.000000
372.531865 nan 102.767870 nan 0.000000 nan nan 0.000000 nan nan
nan nan 86.275284 534.798754 320.000000 425.000000 159.000000 32.000000 nan nan
365.125703 1783.358971 81.580265 536.039740 150.000000 400.000000 163.000000 nan 0.000000 nan
nan 1815.894153 109.184162 nan 263.000000 357.000000 154.000000 154.000000 nan nan
366.052414 nan nan 507.690110 130.000000 nan nan 30.000000 54.000000 212.000000
370.284384 1832.498463 nan nan nan nan 110.000000 23.000000 nan 196.000000
370.790094 1829.918142 121.925954 nan 125.000000 nan 86.000000 45.000000 nan nan
373.203640 nan 105.091045 nan 109.000000 nan nan 38.000000 nan nan
373.764663 1833.035778 135.018514 527.425774 168.000000 nan nan 47.000000 nan 160.000000
372.526644 nan 133.572276 524.074186 264.000000 nan nan nan nan nan
nan 1824.139083 nan nan nan 350.000000 95.000000 0.000000 nan 200.000000
373.245747 1823.262820 nan 534.578640 nan nan nan 3.000000 nan nan
nan nan 92.294897 531.134855 30.000000 338.000000 126.000000 3.000000 0.000000 nan
nan 1793.168065 nan 536.694649 90.000000 nan 159.000000 nan nan 190.000000
367.625523 nan 80.990781 nan 140.000000 nan 175.000000 nan 0.000000 nan
368.961483 1799.700609 89.446388 511.307884 116.000000 367.000000 nan 45.000000 nan 191.000000
369.886434 1813.314775 93.628492 500.476455 210.000000 nan 127.000000 nan 12.000000 nan
nan nan 104.594032 nan nan 350.000000 92.000000 nan 749.000000 nan
373.751257 nan 118.507974 499.244967 106.000000 347.000000 91.000000 nan 546.000000 nan
nan 1833.522268 123.834489 nan 526.000000 413.000000 94.000000 186.000000 358.000000 155.000000
nan 1821.745041 nan 515.244470 400.000000 nan 81.000000 nan 1112.000000 177.000000
375.228267 1829.520033 nan nan 290.000000 413.000000 89.000000 58.000000 431.000000 168.000000
nan 1830.460554 nan 519.544098 nan 350.000000 83.000000 nan 552.000000 nan
374.276484 nan 110.276103 nan nan 350.000000 nan 6.000000 nan 177.000000
372.017496 nan 104.074213 531.115878 0.000000 338.000000 nan 0.000000 0.000000 nan
nan 1786.286187 84.062938 530.495878 130.000000 425.000000 164.000000 13.000000 nan 167.000000
nan 1790.753341 85.895114 525.866773 1119.000000 nan nan 297.000000 nan 167.000000
371.925462 nan nan 516.299368 nan nan nan 50.000000 nan nan
nan 1816.582818 99.624438 nan 130.000000 nan 128.000000 35.000000 nan nan
372.340058 nan 119.407403 500.546008 nan nan 113.000000 nan nan 148.000000
nan nan nan nan nan 333.000000 nan nan nan 181.000000
nan nan 116.989903 468.354777 204.000000 nan 95.000000 46.000000 nan nan
375.120650 1828.201461 135.773742 nan nan nan 90.000000 nan 626.000000 nan
376.306977 1831.790106 nan nan 179.000000 376.000000 nan 37.000000 nan 165.000000
nan nan nan nan 70.000000 386.000000 nan 7.000000 nan nan
375.298854 nan nan nan nan 350.000000 102.000000 nan 0.000000 163.000000
nan nan nan 523.265904 nan 338.000000 119.000000 nan nan nan
372.966185 nan nan 541.912925 nan 425.000000 nan 11.000000 0.000000 166.000000
nan nan 106.535595 522.664731 235.000000 400.000000 167.000000 30.000000 0.000000 nan
nan 1823.874709 nan nan 198.000000 363.000000 167.000000 87.000000 nan 164.000000
nan nan nan nan 130.000000 317.000000 134.000000 35.000000 0.000000 nan
nan 1839.686238 134.826731 509.551527 nan nan 111.000000 40.000000 nan nan
376.912783 nan nan 498.561441 nan 343.000000 99.000000 nan 449.000000 133.000000
356.500022 nan 126.197764 532.591941 nan nan 76.000000 nan 904.000000 178.000000
356.572497 1758.014711 145.476769 nan nan 394.000000 68.000000 nan nan 182.000000
357.142749 1757.668099 140.248697 540.361391 nan 393.000000 74.000000 31.000000 nan nan
357.770100 nan 127.112494 541.025163 148.000000 nan 76.000000 21.000000 50.000000 200.000000
nan nan 118.933907 549.527770 60.000000 nan 86.000000 nan nan 207.000000
356.443481 nan nan nan nan 266.000000 nan 18.000000 nan nan
nan 1740.482802 nan 541.765003 nan 513.000000 178.000000 768.000000 0.000000 152.000000
nan nan 89.085614 532.988612 nan 415.000000 181.000000 840.000000 0.000000 nan
nan nan nan 539.991296 nan nan 169.000000 nan 0.000000 160.000000
353.401444 nan 163.631386 nan 273.000000 nan 119.000000 122.000000 0.000000 196.000000
354.156801 1770.359317 nan nan nan 331.000000 93.000000 84.000000 81.000000 183.000000
355.858110 1775.652055 133.755730 524.999106 340.000000 478.000000 72.000000 nan nan nan
356.921638 nan nan 542.526560 nan 472.000000 nan nan 604.000000 160.000000
nan nan nan 541.332266 283.000000 nan 85.000000 nan 64.000000 183.000000
358.945719 1786.570410 167.771177 nan 457.000000 nan nan 204.000000 nan nan
360.103935 nan nan nan 40.000000 326.000000 nan 4.000000 237.000000 220.000000
nan nan 155.964432 nan 40.000000 299.000000 nan 4.000000 90.000000 nan
nan nan 119.440644 550.608602 390.000000 nan nan nan 54.000000 208.000000
nan 1751.721915 nan nan 291.000000 nan nan 155.000000 nan nan
351.984101 1728.967087 83.797338 552.815785 nan nan nan nan nan nan
351.167899 nan 103.592590 531.328895 nan nan nan 300.000000 0.000000 158.000000
nan 1769.996306 117.154154 nan 160.000000 nan 123.000000 119.000000 0.000000 nan
355.321308 1796.775685 120.764847 nan nan 333.000000 89.000000 nan 252.000000 nan
357.845459 nan nan 530.273206 528.000000 nan nan nan nan nan
359.427813 1807.219927 139.842792 546.141284 451.000000 518.000000 81.000000 nan 638.000000 156.000000
nan nan nan 538.080872 nan nan 82.000000 nan 23.000000 nan
nan nan 161.846086 540.937357 nan 483.000000 76.000000 186.000000 269.000000 nan
nan nan 157.655164 542.071449 191.000000 nan nan 39.000000 0.000000 211.000000
nan 1788.397756 nan 540.980459 nan 422.000000 nan 82.000000 nan nan
nan 1770.560576 115.371236 529.181090 180.000000 228.000000 120.000000 nan 0.000000 194.000000
356.580192 nan nan nan nan nan nan 225.000000 0.000000 163.000000
nan nan 93.335036 nan 716.000000 432.000000 nan 646.000000 0.000000 nan
nan nan 95.312587 543.999697 103.000000 nan 163.000000 nan 0.000000 182.000000
nan 1781.522414 nan 523.943708 nan nan 120.000000 nan nan 192.000000
nan nan 122.588916 512.634220 103.000000 nan 84.000000 nan 581.000000 182.000000
nan nan nan 516.724125 569.000000 531.000000 82.000000 nan nan nan
nan 1788.706695 128.673781 526.290756 655.000000 nan 84.000000 650.000000 241.000000 nan
nan 1797.852890 146.900867 nan nan 505.000000 78.000000 nan 596.000000 nan
360.318396 nan nan 542.314318 398.000000 396.000000 nan nan 76.000000 184.000000
362.068980 1800.802648 nan 541.496107 nan 284.000000 nan nan nan 220.000000
361.006534 1788.597591 nan 541.209035 nan 335.000000 nan 30.000000 0.000000 210.000000
nan nan nan nan 214.000000 nan 119.000000 27.000000 0.000000 nan
355.574708 1767.200439 87.664550 530.590478 382.000000 439.000000 173.000000 127.000000 0.000000 nan
nan 1769.120345 99.606818 521.434118 516.000000 nan nan 370.000000 nan 143.000000
nan nan nan nan nan 311.000000 nan nan 0.000000 176.000000
356.063693 nan 88.970742 494.784353 nan 409.000000 nan nan nan nan
nan nan 107.048983 497.705928 nan 449.000000 nan 269.000000 nan 179.000000
359.094489 1814.817192 136.967746 503.402495 174.000000 419.000000 nan 69.000000 305.000000 nan
360.244437 nan 143.210736 nan 141.000000 350.000000 nan 45.000000 321.000000 192.000000
360.277612 nan nan 520.767794 353.000000 nan 73.000000 220.000000 nan nan
362.493122 nan 153.799889 527.033292 286.000000 nan 80.000000 nan nan 181.000000
361.965390 1789.608521 nan 521.567085 nan nan 80.000000 nan nan nan
nan nan 136.900102 nan 100.000000 nan nan 16.000000 nan 197.000000
359.819901 nan 102.942385 520.997893 nan 355.000000 nan 94.000000 0.000000 198.000000
nan 1780.252930 nan 525.496079 456.000000 408.000000 170.000000 nan nan 163.000000
357.068893 1755.243265 141.938450 540.789353 545.000000 nan 194.000000 335.000000 0.000000 nan
355.416219 1767.710676 nan nan 690.000000 342.000000 nan 1709.000000 nan 172.000000
357.906777 nan 135.031693 nan 106.000000 363.000000 117.000000 48.000000 nan 186.000000
359.648413 1794.122528 nan nan nan nan 80.000000 94.000000 647.000000 nan
nan 1811.054116 nan 506.925484 725.000000 nan nan nan 374.000000 nan
363.679955 nan 132.817877 nan 420.000000 nan 83.000000 nan nan nan
362.260367 1801.809356 136.985819 520.147018 nan nan nan 49.000000 nan 170.000000
nan nan nan 523.306135 210.000000 nan nan nan nan 173.000000
363.832125 1805.317682 146.762462 522.965316 nan 369.000000 76.000000 13.000000 nan 196.000000
nan nan 132.696215 533.293784 30.000000 nan 82.000000 3.000000 77.000000 nan
nan 1771.374925 94.381362 nan nan 249.000000 117.000000 18.000000 1.000000 nan
nan 1780.898745 nan 534.434445 nan 426.000000 172.000000 nan nan nan
nan 1787.338899 88.248963 nan 882.000000 392.000000 nan 354.000000 0.000000 153.000000
356.341916 nan 81.560163 nan 185.000000 nan 184.000000 137.000000 0.000000 nan
359.183017 nan nan nan 106.000000 224.000000 nan 40.000000 0.000000 205.000000
nan nan nan 498.478361 nan 368.000000 107.000000 nan 0.000000 nan
nan nan 105.791231 nan 124.000000 nan 86.000000 71.000000 147.000000 182.000000
nan 1813.579872 nan 521.374965 nan nan nan 2.000000 124.000000 190.000000
nan nan 151.611678 nan 109.000000 372.000000 nan 24.000000 14.000000 nan
365.220137 1814.150957 149.974429 528.095384 20.000000 nan 83.000000 nan nan 182.000000
nan 1777.658811 nan nan nan nan nan 4.000000 nan nan
366.206523 nan 128.340805 nan nan nan 95.000000 nan 0.000000 nan
363.224350 1774.258374 nan 551.284826 80.000000 268.000000 122.000000 8.000000 0.000000 nan
361.975248 nan nan 543.789423 nan 463.000000 177.000000 nan 0.000000 nan
359.159128 1774.531708 102.668763 nan nan 415.000000 190.000000 nan nan 147.000000
357.943986 1805.888208 113.029271 514.801603 383.000000 329.000000 nan 279.000000 nan nan
360.073284 nan 110.341942 nan 106.000000 305.000000 nan 70.000000 nan 182.000000
363.033550 1805.135235 106.470516 496.020834 164.000000 nan 96.000000 nan 0.000000 184.000000
363.668830 1814.481211 121.724744 504.629084 181.000000 nan nan nan nan 177.000000
nan nan 130.751087 519.729425 nan nan nan nan 168.000000 nan
366.451575 nan 135.914966 519.215296 nan 318.000000 72.000000 57.000000 705.000000 181.000000
366.716457 nan 149.333714 528.904044 nan nan 78.000000 13.000000 118.000000 nan
368.533838 nan nan 534.754714 172.000000 358.000000 74.000000 27.000000 159.000000 nan
nan 1804.260777 130.722324 533.653720 100.000000 289.000000 103.000000 11.000000 nan 207.000000
365.536093 1796.677643 113.381167 nan nan 275.000000 119.000000 18.000000 0.000000 nan
361.616959 1786.077310 nan 524.364175 503.000000 463.000000 168.000000 nan nan nan
nan 1772.025348 80.473149 nan nan 409.000000 201.000000 nan 0.000000 145.000000
nan 1793.599292 nan nan nan nan 192.000000 nan nan 157.000000
nan 1799.945277 111.408548 nan 106.000000 319.000000 116.000000 83.000000 0.000000 nan
nan 1810.195192 nan 491.514368 117.000000 324.000000 nan nan nan nan
366.173098 1823.647016 nan nan 522.000000 nan 76.000000 313.000000 678.000000 nan
366.798383 nan nan nan 238.000000 nan 85.000000 89.000000 nan 178.000000
367.691734 nan 151.599731 516.838589 nan 280.000000 67.000000 309.000000 800.000000 160.000000
369.037861 nan nan nan nan nan 74.000000 232.000000 298.000000 181.000000
369.494504 nan 170.210493 527.181813 nan 411.000000 nan nan 466.000000 207.000000
369.637979 1818.003173 nan nan nan 294.000000 nan nan 29.000000 nan
365.598305 1816.820088 nan nan 214.000000 nan 115.000000 28.000000 23.000000 202.000000
366.058148 1800.834600 114.506168 550.711131 858.000000 463.000000 192.000000 nan nan 154.000000
nan nan 114.075476 nan nan 413.000000 211.000000 nan 0.000000 nan
363.528416 1797.308666 nan 534.641666 nan nan nan nan nan 158.000000
nan 1838.041032 158.166235 nan 106.000000 307.000000 115.000000 28.000000 nan 192.000000
367.737563 1833.482951 145.497689 528.124859 158.000000 nan 88.000000 34.000000 273.000000 191.000000
368.765952 1835.578763 147.967150 520.512736 284.000000 344.000000 74.000000 110.000000 895.000000 183.000000
nan nan nan nan nan 438.000000 80.000000 nan 602.000000 191.000000
371.261622 1833.133491 154.940964 533.035257 nan nan 71.000000 32.000000 nan nan
nan 1836.119990 170.339492 538.601739 nan 375.000000 71.000000 nan nan 204.000000
372.437035 1828.252808 nan nan 207.000000 nan nan nan nan 201.000000
372.294450 1835.017611 nan nan 20.000000 283.000000 82.000000 2.000000 9.000000 216.000000
372.355684 1803.860166 103.978513 539.874641 nan nan 116.000000 37.000000 9.000000 199.000000
366.822027 1781.081605 86.065164 534.670709 nan nan nan nan 0.000000 147.000000
365.113512 1784.479225 nan nan 800.000000 nan 188.000000 nan 0.000000 nan
363.224535 1814.490074 105.108034 507.009300 321.000000 323.000000 163.000000 nan 0.000000 177.000000
366.055670 1808.149013 nan nan 106.000000 nan nan 40.000000 nan nan
370.030305 1831.124604 102.818564 506.462949 nan nan nan 22.000000 nan nan
nan 1829.853302 118.734754 nan nan 364.000000 72.000000 35.000000 nan nan
nan 1820.117010 nan 524.582911 nan 438.000000 81.000000 nan nan 183.000000
nan nan 134.858135 527.208443 nan nan 76.000000 nan 404.000000 187.000000
372.524493 1828.749972 133.698143 524.157153 353.000000 nan nan nan nan 196.000000
372.948513 1824.626428 nan 531.125205 nan 372.000000 84.000000 nan 0.000000 nan
nan nan 126.229284 534.581225 30.000000 nan nan nan nan 223.000000
nan 1796.388593 91.891524 531.189695 471.000000 279.000000 nan nan nan 192.000000
368.775040 1791.801975 nan 536.578726 264.000000 463.000000 172.000000 105.000000 0.000000 165.000000
nan nan 81.451752 524.838816 573.000000 376.000000 194.000000 nan 0.000000 nan
368.539368 nan 88.294693 nan 119.000000 nan 161.000000 116.000000 0.000000 nan
nan nan 93.892729 500.970477 288.000000 348.000000 122.000000 402.000000 0.000000 163.000000
370.104181 1824.710027 104.123938 497.030030 249.000000 350.000000 nan 137.000000 nan 178.000000
nan 1833.407008 118.191466 499.424930 nan 361.000000 nan 46.000000 660.000000 201.000000
375.604519 1834.361494 nan nan 432.000000 nan nan 231.000000 612.000000 156.000000
nan 1821.734929 nan 515.394412 nan nan nan 144.000000 1039.000000 187.000000
375.069586 1829.651729 135.605799 526.045440 nan nan 74.000000 108.000000 nan nan
nan 1830.561006 140.140964 nan 208.000000 nan nan 43.000000 277.000000 200.000000
374.264770 1808.303268 110.382042 nan nan 313.000000 nan nan 0.000000 nan
371.998414 1792.219648 nan 532.237456 220.000000 275.000000 nan 22.000000 nan 200.000000
nan nan 84.618575 533.297543 601.000000 nan nan nan 0.000000 nan
372.405917 1789.125923 86.097501 526.167504 1332.000000 338.000000 nan 470.000000 nan nan
nan 1799.766657 90.603344 nan 239.000000 329.000000 nan 154.000000 0.000000 183.000000
nan 1815.373872 99.727837 507.726427 nan 319.000000 119.000000 nan nan 190.000000
372.357139 1828.904270 nan 500.583230 nan nan nan 49.000000 0.000000 161.000000
374.663514 nan 122.712368 nan nan 327.000000 69.000000 nan nan nan
376.033906 1819.842439 115.739938 nan nan 438.000000 nan nan 307.000000 124.000000
nan nan 136.098735 514.880736 169.000000 nan 79.000000 48.000000 nan 161.000000
376.165530 1831.006759 138.113059 519.300779 165.000000 401.000000 80.000000 nan nan 155.000000
376.682818 1836.436736 142.358000 nan 121.000000 nan 89.000000 nan 0.000000 151.000000
nan 1821.186282 nan 519.348658 30.000000 nan 99.000000 3.000000 0.000000 159.000000
374.509906 1834.660636 114.813206 nan 200.000000 nan 118.000000 20.000000 nan 189.000000
nan 1806.991599 107.805818 541.781348 783.000000 463.000000 179.000000 nan 0.000000 nan
nan 1806.322222 nan nan 475.000000 389.000000 nan 232.000000 0.000000 nan
nan nan 114.487717 nan 330.000000 350.000000 nan 392.000000 0.000000 127.000000
373.540026 nan nan 504.814045 106.000000 302.000000 nan 80.000000 0.000000 nan
374.492783 nan 133.513771 nan 161.000000 nan 100.000000 nan 0.000000 146.000000
376.994094 1870.797998 143.105555 498.636906 283.000000 nan nan 149.000000 318.000000 118.000000
356.409179 1766.357335 nan nan nan nan 49.000000 nan 1550.000000 nan
356.599309 nan 145.577951 535.501172 313.000000 450.000000 47.000000 211.000000 1176.000000 168.000000
357.093033 nan nan 540.349435 nan nan 48.000000 nan 550.000000 nan
357.803846 nan 126.408757 541.043973 nan nan 45.000000 125.000000 71.000000 191.000000
358.069588 1761.872317 119.397631 550.274539 nan 417.000000 55.000000 nan nan nan
356.474323 1747.185002 nan 546.506933 256.000000 nan 98.000000 254.000000 0.000000 nan
353.043517 nan 103.808875 542.392841 nan 605.000000 155.000000 nan 19.000000 143.000000
nan nan nan nan 1344.000000 548.000000 150.000000 nan nan 139.000000
nan 1761.028895 nan 540.204515 nan nan nan 594.000000 14.000000 156.000000
nan nan nan 532.919925 329.000000 270.000000 nan nan 306.000000 197.000000
nan nan 102.182044 nan 415.000000 414.000000 64.000000 nan nan 168.000000
355.762959 1775.529768 131.815805 524.937697 457.000000 nan 49.000000 440.000000 nan 163.000000
356.890515 1772.334811 138.895732 543.166815 622.000000 537.000000 54.000000 nan 1114.000000 nan
nan 1771.123566 nan 541.387623 nan nan nan nan 413.000000 159.000000
358.960806 nan 168.223788 544.266889 400.000000 536.000000 nan 314.000000 866.000000 174.000000
360.089142 nan nan 554.892217 0.000000 409.000000 43.000000 0.000000 503.000000 209.000000
nan 1780.535618 nan 553.830556 nan 366.000000 48.000000 52.000000 221.000000 190.000000
nan nan nan nan 405.000000 nan 73.000000 496.000000 171.000000 199.000000
355.215443 1750.730381 98.924482 561.063005 782.000000 533.000000 153.000000 nan 25.000000 157.000000
352.149287 1728.366484 nan nan 1125.000000 nan nan nan nan 148.000000
351.185513 1773.440490 nan 531.597532 576.000000 457.000000 nan 425.000000 56.000000 nan
353.780131 1768.794209 nan nan nan 261.000000 nan nan 66.000000 188.000000
nan 1795.575609 122.402516 549.864329 167.000000 338.000000 nan nan 949.000000 182.000000
357.891589 1789.242201 nan nan 718.000000 573.000000 nan 833.000000 nan 152.000000
nan nan 140.495520 nan 615.000000 nan 54.000000 nan 1209.000000 nan
nan nan 160.466773 nan nan nan 54.000000 nan nan 140.000000
nan nan nan 541.070304 629.000000 554.000000 nan 677.000000 559.000000 nan
359.960122 1787.280620 157.637650 nan 238.000000 nan 49.000000 nan 0.000000 nan
360.207325 1786.818352 163.670898 540.971917 376.000000 503.000000 59.000000 209.000000 0.000000 167.000000
nan 1768.701833 114.735257 nan nan 242.000000 90.000000 nan 80.000000 nan
356.682655 1766.040813 nan nan nan nan nan nan nan 163.000000
nan nan nan 546.220406 nan 456.000000 nan 1649.000000 17.000000 159.000000
351.798646 nan nan 543.538667 196.000000 319.000000 131.000000 90.000000 0.000000 185.000000
nan 1782.938099 nan 523.882178 nan 245.000000 86.000000 nan nan nan
nan 1790.411090 122.991918 nan 107.000000 nan nan nan nan nan
nan nan nan nan nan 532.000000 57.000000 nan 897.000000 151.000000
nan nan nan 526.604181 nan 659.000000 nan 1140.000000 nan nan
359.691287 1798.592322 147.554028 nan 444.000000 543.000000 nan 294.000000 905.000000 149.000000
360.399965 nan nan nan nan 443.000000 50.000000 nan 493.000000 194.000000
362.145455 nan 149.640256 nan 50.000000 341.000000 nan nan 338.000000 nan
nan 1788.871834 134.146533 541.300277 nan 377.000000 56.000000 nan nan nan
357.832104 1782.771654 104.900400 nan nan nan 86.000000 102.000000 nan nan
nan nan nan nan nan 515.000000 146.000000 609.000000 nan nan
353.676661 nan 98.856937 521.822551 nan nan nan nan 0.000000 nan
nan nan 99.192319 516.718496 402.000000 nan 132.000000 303.000000 nan nan
nan 1773.447942 nan 502.611985 226.000000 394.000000 nan 94.000000 152.000000 173.000000
nan 1792.047325 105.069128 498.033480 nan nan 62.000000 255.000000 640.000000 173.000000
359.037682 nan nan 503.526450 241.000000 nan nan 95.000000 877.000000 nan
nan 1804.603003 141.932398 nan 217.000000 379.000000 59.000000 78.000000 972.000000 187.000000
nan nan nan nan nan 488.000000 nan 204.000000 nan 163.000000
nan nan nan 527.567588 397.000000 nan 52.000000 248.000000 nan nan
361.966802 1790.387903 139.690596 521.874130 nan 456.000000 49.000000 11.000000 92.000000 nan
361.723450 nan 138.002331 nan nan nan nan nan nan 188.000000
359.800395 nan 102.708352 523.079217 565.000000 409.000000 103.000000 699.000000 0.000000 174.000000
358.353050 1778.336831 nan nan 1077.000000 436.000000 154.000000 nan 25.000000 nan
357.137733 1756.324793 141.675132 540.625620 nan 424.000000 170.000000 888.000000 nan 156.000000
nan nan nan 514.757125 nan 393.000000 137.000000 858.000000 nan 176.000000
357.672531 1815.528455 nan nan nan 355.000000 nan 100.000000 311.000000 nan
359.668714 nan 129.883852 nan nan nan 60.000000 333.000000 nan 167.000000
361.777205 nan 152.036491 507.078593 823.000000 nan nan 1114.000000 903.000000 149.000000
nan 1815.013474 134.091587 503.515753 506.000000 550.000000 54.000000 nan 1017.000000 nan
nan nan nan 520.232044 nan 525.000000 59.000000 350.000000 56.000000 152.000000
363.170042 nan 163.746254 523.751275 309.000000 513.000000 52.000000 nan nan 170.000000
363.824347 1805.748073 nan 523.502721 144.000000 457.000000 nan 55.000000 nan nan
363.894901 1805.498805 nan nan 114.000000 nan 51.000000 35.000000 172.000000 183.000000
nan nan 95.871767 nan 206.000000 304.000000 88.000000 nan nan 196.000000
360.063297 1780.925030 nan 535.536488 616.000000 nan nan nan 8.000000 167.000000
356.796805 nan nan 527.985812 nan 472.000000 nan 1802.000000 0.000000 155.000000
356.344794 1781.853742 82.136662 523.505504 642.000000 nan nan 593.000000 0.000000 167.000000
359.266351 1797.279127 98.918409 nan 175.000000 nan 94.000000 nan 24.000000 205.000000
362.272082 nan nan nan nan 394.000000 nan nan nan 186.000000
361.386032 1805.147761 nan nan nan 427.000000 54.000000 nan nan nan
364.094797 1814.297814 nan nan 30.000000 430.000000 nan nan nan 192.000000
366.131215 nan nan 523.271272 181.000000 nan 58.000000 167.000000 nan 162.000000
365.275217 1814.740123 151.886109 nan 100.000000 437.000000 51.000000 43.000000 nan 187.000000
363.879910 1781.460172 nan nan 70.000000 407.000000 nan nan nan 191.000000
366.181153 1792.783859 129.899364 nan nan 366.000000 nan 7.000000 nan nan
363.217127 nan 111.896356 nan 105.000000 nan 96.000000 13.000000 nan 184.000000
nan 1777.335549 nan nan 1442.000000 583.000000 147.000000 1276.000000 nan nan
359.168078 1775.281604 nan nan nan 492.000000 162.000000 nan 0.000000 nan
nan nan 113.962762 515.227536 807.000000 nan nan 964.000000 nan 167.000000
360.209742 nan 109.520822 nan nan nan 87.000000 277.000000 67.000000 nan
nan nan 106.336877 496.387728 269.000000 371.000000 65.000000 nan 231.000000 175.000000
nan nan 120.721117 nan nan nan 51.000000 nan 1097.000000 193.000000
364.833557 nan nan nan nan 475.000000 nan 324.000000 907.000000 nan
nan 1809.542719 nan 519.575561 nan 351.000000 nan nan 1089.000000 nan
nan 1818.590724 149.635073 529.254834 nan 419.000000 nan 27.000000 419.000000 197.000000
nan nan 138.987476 nan 247.000000 439.000000 nan 73.000000 nan 185.000000
366.633790 1804.244978 130.528569 533.836394 nan 374.000000 64.000000 nan 0.000000 nan
365.434254 nan 116.153060 nan 228.000000 nan 86.000000 nan 5.000000 nan
nan 1787.393745 nan 524.546406 891.000000 nan 153.000000 nan nan 164.000000
nan 1772.490945 nan nan 1236.000000 nan nan nan 0.000000 136.000000
nan 1792.637425 nan nan nan nan 148.000000 nan nan 159.000000
nan 1803.449023 114.924548 508.195988 248.000000 nan 86.000000 nan 303.000000 183.000000
363.859452 1810.941917 124.780003 491.675837 229.000000 364.000000 62.000000 110.000000 nan 183.000000
366.191781 nan nan nan 564.000000 450.000000 49.000000 636.000000 nan nan
366.820976 1811.542708 nan 514.935580 263.000000 nan 54.000000 nan nan 182.000000
367.702448 nan 151.870005 nan 588.000000 301.000000 49.000000 nan 1113.000000 155.000000
nan 1822.145715 nan nan nan 520.000000 47.000000 396.000000 747.000000 175.000000
369.532072 nan nan 527.701376 nan 504.000000 nan 65.000000 nan 195.000000
369.585368 nan nan 551.178951 nan nan nan 2.000000 113.000000 nan
365.820761 1817.290916 nan 542.661437 162.000000 317.000000 84.000000 89.000000 nan nan
366.047477 1803.068046 119.180046 551.751098 1591.000000 637.000000 nan nan 0.000000 145.000000
362.767724 nan 113.841994 nan nan 459.000000 nan 899.000000 0.000000 nan
nan 1799.029170 nan nan 626.000000 404.000000 144.000000 351.000000 0.000000 159.000000
365.684056 nan 159.128927 nan 351.000000 nan 92.000000 68.000000 nan nan
nan nan 145.521054 528.155946 nan 377.000000 nan 147.000000 593.000000 186.000000
368.528190 nan 145.969145 nan 342.000000 364.000000 51.000000 nan nan nan
370.385586 nan nan 529.251000 nan 426.000000 56.000000 nan nan nan
nan 1833.953100 155.579934 nan 102.000000 nan nan 25.000000 772.000000 nan
372.465419 1835.485080 nan 538.670880 nan 409.000000 48.000000 36.000000 586.000000 205.000000
372.371616 nan 150.326103 nan nan 497.000000 43.000000 194.000000 nan 205.000000
372.237395 1834.846763 150.098516 536.297252 0.000000 368.000000 53.000000 nan 37.000000 200.000000
nan nan nan nan nan 349.000000 86.000000 210.000000 nan nan
366.812618 nan 85.685939 nan 1636.000000 617.000000 155.000000 2007.000000 26.000000 nan
365.099242 1786.132593 80.584941 536.337782 1386.000000 nan nan 1530.000000 0.000000 138.000000
363.221004 1813.040790 101.221450 507.419012 508.000000 408.000000 133.000000 nan nan 167.000000
nan 1807.901766 100.301695 507.513775 nan nan 82.000000 61.000000 nan 191.000000
369.769963 nan nan nan nan nan nan nan 491.000000 197.000000
370.816924 1829.785997 nan nan nan 387.000000 46.000000 nan 1466.000000 188.000000
372.220444 nan nan 524.447207 171.000000 407.000000 53.000000 nan 1109.000000 190.000000
nan 1833.596490 134.997578 526.987788 102.000000 nan nan nan 657.000000 nan
nan nan nan nan 431.000000 416.000000 nan 203.000000 819.000000 nan
372.967276 1825.209471 nan nan nan nan 48.000000 nan nan 205.000000
373.186902 1820.528529 125.982125 534.614620 50.000000 nan 59.000000 5.000000 nan nan
371.006290 1795.606103 nan 531.246685 784.000000 nan 93.000000 nan 0.000000 175.000000
nan nan 83.104344 536.451682 nan nan nan nan nan 158.000000
nan 1791.570924 nan 524.875111 nan 443.000000 nan nan nan 144.000000
368.170289 1794.182040 87.147848 nan 205.000000 437.000000 133.000000 109.000000 0.000000 174.000000
nan nan 94.153121 501.494884 nan 445.000000 nan nan 345.000000 156.000000
nan 1825.226330 nan 497.307789 nan nan 50.000000 274.000000 1263.000000 nan
nan 1832.737737 nan nan 118.000000 nan nan 19.000000 nan nan
nan nan 125.095071 510.693371 457.000000 440.000000 50.000000 nan nan 147.000000
nan 1821.735636 nan nan 273.000000 nan nan 173.000000 1103.000000 nan
nan 1829.870534 nan 526.335247 nan nan 47.000000 234.000000 nan nan
nan 1830.711920 nan nan 259.000000 467.000000 nan nan 315.000000 184.000000
374.257471 1808.663816 110.668345 nan nan nan nan nan nan 194.000000
371.979331 1792.157387 103.362153 533.380828 nan nan nan nan nan 181.000000
371.790767 nan 85.016305 nan nan nan 156.000000 753.000000 nan 134.000000
371.877602 1787.477972 nan nan 1071.000000 404.000000 158.000000 643.000000 nan 163.000000
370.958022 1798.516583 nan 517.300409 373.000000 415.000000 nan nan 0.000000 182.000000
nan 1814.193291 99.813154 508.240234 nan nan 87.000000 137.000000 147.000000 nan
372.374219 1829.416559 nan 500.642168 nan 400.000000 nan 64.000000 nan nan
nan nan nan nan 286.000000 346.000000 43.000000 nan nan nan
nan 1818.899158 114.739740 nan 286.000000 424.000000 58.000000 173.000000 nan nan
nan 1829.209309 136.453887 514.836479 359.000000 nan 54.000000 nan nan 141.000000
376.033569 nan 138.230244 519.337547 113.000000 445.000000 51.000000 nan nan 147.000000
nan 1838.457078 nan nan 111.000000 nan nan nan 0.000000 146.000000
nan nan nan 519.303465 80.000000 388.000000 nan 8.000000 nan nan
nan nan nan 523.394601 197.000000 nan 92.000000 55.000000 nan 164.000000
nan 1808.467055 109.767813 nan 1442.000000 602.000000 nan nan nan nan
369.610903 1811.944188 111.529030 nan 1018.000000 452.000000 191.000000 889.000000 nan nan
371.363293 nan nan 515.994127 464.000000 420.000000 nan 523.000000 0.000000 nan
373.514930 1838.844664 nan 504.892535 264.000000 nan 100.000000 nan nan nan
nan 1840.877876 nan 509.586388 164.000000 nan nan 67.000000 65.000000 128.000000
377.067153 1881.128723 145.027883 498.751965 400.000000 387.000000 59.000000 212.000000 828.000000 nan
nan 1766.346257 126.219074 533.007817 nan 360.000000 nan nan nan 196.000000
356.629474 nan 145.679135 nan 132.000000 418.000000 nan 31.000000 1615.000000 199.000000
357.064613 1756.801064 140.435455 540.337479 133.000000 475.000000 nan nan nan nan
357.847164 nan 125.729893 nan nan 469.000000 nan 31.000000 0.000000 nan
358.099757 nan 119.872662 550.983956 148.000000 nan 77.000000 78.000000 0.000000 nan
nan 1746.705149 nan 546.463509 nan nan nan 76.000000 nan nan
353.192108 1740.564497 104.671210 542.994734 nan nan nan nan 0.000000 nan
350.487826 1740.039619 90.040985 532.886622 1033.000000 590.000000 157.000000 637.000000 nan 161.000000
350.822254 1761.213583 nan nan 660.000000 nan nan nan nan 169.000000
353.567671 1774.715865 nan 534.382861 333.000000 nan 95.000000 nan 156.000000 198.000000
nan nan nan 537.463999 nan nan 74.000000 174.000000 905.000000 188.000000
nan nan 129.890635 nan 347.000000 518.000000 nan nan 1832.000000 nan
356.857541 1772.510125 nan 543.782783 nan 570.000000 61.000000 133.000000 nan 161.000000
357.891112 nan 123.268679 nan nan 516.000000 nan nan nan 174.000000
nan 1786.857538 168.659948 544.363006 142.000000 510.000000 57.000000 nan 1023.000000 nan
360.070903 1773.068092 170.445538 555.282228 0.000000 430.000000 56.000000 nan nan nan
359.837807 nan 154.695807 nan 100.000000 nan 69.000000 nan nan 217.000000
358.173631 1762.771908 122.572172 nan nan nan 101.000000 nan 0.000000 nan
355.205048 1749.643299 nan 561.416534 nan 601.000000 168.000000 435.000000 0.000000 168.000000
352.302904 nan nan 553.531103 nan 527.000000 164.000000 882.000000 0.000000 nan
351.194546 1773.305861 104.767739 531.845944 721.000000 nan nan nan 0.000000 172.000000
353.772947 nan 116.832488 528.347997 nan 278.000000 95.000000 nan nan 224.000000
nan 1794.554461 nan 549.138057 nan nan nan nan 1577.000000 nan
nan nan 134.539499 530.221615 606.000000 599.000000 nan nan nan nan
nan nan 141.325498 547.514585 561.000000 nan 61.000000 195.000000 1687.000000 146.000000
359.348678 1797.770595 nan 540.350266 253.000000 nan 60.000000 74.000000 nan nan
359.956558 1796.210516 nan nan 327.000000 506.000000 nan 105.000000 nan 178.000000
nan 1786.767317 157.711356 nan 150.000000 nan 61.000000 15.000000 69.000000 207.000000
360.043743 1785.385679 161.248938 nan nan nan nan 162.000000 0.000000 187.000000
nan 1766.838592 nan 531.403114 266.000000 269.000000 106.000000 68.000000 0.000000 232.000000
nan nan nan 544.453312 nan nan 155.000000 nan 0.000000 nan
353.314452 1751.511320 102.147326 nan nan nan nan nan 0.000000 nan
351.775176 1770.361777 nan 542.967695 215.000000 313.000000 137.000000 65.000000 0.000000 207.000000
nan 1784.824783 114.341055 nan nan 279.000000 nan nan 111.000000 219.000000
355.766674 1790.518287 123.331174 513.218485 nan nan nan nan 1809.000000 nan
357.839227 1789.302649 138.503151 517.400146 381.000000 nan 61.000000 nan 1412.000000 nan
357.832222 nan 128.900810 526.920219 nan 641.000000 71.000000 nan nan nan
nan 1799.348123 nan 531.450470 nan 514.000000 60.000000 50.000000 1215.000000 160.000000
360.496941 nan nan nan nan 420.000000 58.000000 11.000000 936.000000 nan
362.222536 1801.431026 nan 542.008163 103.000000 nan nan nan 456.000000 nan
360.741134 nan 134.351413 nan 100.000000 nan nan 15.000000 0.000000 nan
nan 1784.244161 nan 532.285276 nan nan nan 208.000000 0.000000 233.000000
nan nan nan nan nan nan nan 430.000000 0.000000 165.000000
353.838498 1767.707837 98.327186 522.210402 1264.000000 nan nan 963.000000 0.000000 nan
nan nan 99.413878 nan 436.000000 448.000000 144.000000 nan nan nan
nan nan 87.722196 510.511714 245.000000 372.000000 100.000000 nan nan nan
nan 1790.048883 nan 498.393878 nan 438.000000 69.000000 nan nan 193.000000
nan 1818.360626 nan 503.662129 204.000000 nan nan nan nan 197.000000
nan 1803.445044 nan 513.470710 260.000000 nan 61.000000 nan 1766.000000 nan
359.996857 1777.096406 125.562592 521.510010 nan nan 58.000000 47.000000 1336.000000 nan
nan 1801.680210 153.004715 nan 150.000000 nan 64.000000 15.000000 nan 184.000000
nan nan 141.521284 nan nan 437.000000 62.000000 nan 50.000000 nan
nan nan nan 531.395771 152.000000 433.000000 80.000000 nan 0.000000 nan
nan nan nan 525.330775 nan 425.000000 nan nan nan nan
nan nan 102.171950 nan 819.000000 423.000000 nan nan 0.000000 178.000000
nan nan nan 540.402984 nan nan nan nan nan 176.000000
354.477088 1769.540000 119.498064 nan nan nan nan 316.000000 0.000000 188.000000
nan nan nan 499.477691 nan 398.000000 98.000000 76.000000 nan 214.000000
359.689015 1795.485030 130.340187 nan 229.000000 453.000000 71.000000 nan 743.000000 183.000000
361.446267 1810.964350 nan 507.262354 495.000000 nan 59.000000 225.000000 nan 166.000000
363.783222 nan 136.049546 505.231146 438.000000 539.000000 62.000000 126.000000 nan nan
362.296235 nan 140.996229 nan 275.000000 494.000000 69.000000 103.000000 583.000000 175.000000
363.189465 1815.974567 164.589961 524.280281 nan nan 62.000000 nan nan nan
363.819737 1806.270821 nan nan nan 460.000000 57.000000 nan 276.000000 nan
nan nan 132.992574 533.732879 nan nan nan nan nan nan
nan nan nan nan nan 385.000000 103.000000 222.000000 0.000000 nan
360.131566 1780.926163 103.042982 nan nan 478.000000 nan nan 0.000000 nan
356.811368 nan nan 528.302569 1079.000000 nan 179.000000 833.000000 nan nan
356.349382 1782.155267 nan 523.337188 nan nan 153.000000 nan 0.000000 nan
nan 1796.832143 100.110308 nan 103.000000 323.000000 nan nan 47.000000 nan
362.341248 1813.650730 nan nan 140.000000 433.000000 nan nan 726.000000 nan
361.254007 1806.518354 107.722367 nan 180.000000 475.000000 56.000000 32.000000 nan nan
nan 1815.382262 141.389363 nan nan nan 56.000000 12.000000 1922.000000 216.000000
365.711003 nan nan nan 107.000000 359.000000 nan 30.000000 613.000000 183.000000
nan nan nan nan nan nan 61.000000 2.000000 778.000000 nan
nan nan 114.973662 530.102377 216.000000 nan nan nan 0.000000 189.000000
nan nan 131.759367 540.023980 nan 413.000000 92.000000 nan nan 226.000000
363.245971 1775.749945 nan nan nan 373.000000 118.000000 36.000000 0.000000 190.000000
nan nan 99.316716 542.247805 1004.000000 524.000000 169.000000 639.000000 0.000000 nan
nan 1777.063453 108.189205 541.850538 nan nan nan 930.000000 0.000000 163.000000
357.966760 nan nan 515.675291 nan nan 144.000000 868.000000 nan 183.000000
nan nan 108.845645 nan 223.000000 392.000000 nan nan 0.000000 198.000000
nan 1806.829488 nan 496.782415 204.000000 nan 71.000000 nan nan 184.000000
363.443737 1812.511094 nan nan nan nan 54.000000 12.000000 nan 208.000000
364.782862 nan 131.237209 520.270386 nan nan 61.000000 67.000000 nan nan
nan 1810.509079 140.172622 519.960956 nan nan nan 107.000000 1416.000000 nan
366.744872 1818.631751 150.308082 529.654546 nan nan 61.000000 nan 732.000000 201.000000
nan nan 141.238366 nan 108.000000 462.000000 nan 22.000000 215.000000 189.000000
nan 1804.613676 130.426070 nan 231.000000 403.000000 nan nan nan 207.000000
nan 1795.494167 nan 533.355160 nan 375.000000 104.000000 59.000000 nan 197.000000
361.680787 nan nan nan 794.000000 525.000000 166.000000 328.000000 nan 183.000000
359.612611 nan nan nan 936.000000 nan nan nan nan nan
nan 1792.139239 97.469020 502.871468 575.000000 433.000000 163.000000 nan nan nan
nan nan 119.009143 nan 197.000000 388.000000 100.000000 108.000000 nan nan
nan 1811.774878 125.193060 nan nan 361.000000 71.000000 54.000000 nan 182.000000
366.204748 1826.373290 146.779345 497.315618 384.000000 nan 54.000000 nan 2120.000000 149.000000
366.843410 1812.045773 nan 515.087506 nan nan 61.000000 30.000000 1526.000000 nan
nan nan 152.142720 517.382160 nan nan 61.000000 122.000000 1360.000000 160.000000
369.080503 nan nan 525.718651 220.000000 nan 60.000000 nan 987.000000 181.000000
nan 1826.807146 168.138416 nan 110.000000 512.000000 54.000000 11.000000 639.000000 211.000000
369.556356 1818.667139 154.059116 nan 0.000000 nan 76.000000 0.000000 0.000000 nan
366.045381 1818.317858 nan nan nan 330.000000 107.000000 nan 0.000000 229.000000
366.033793 nan 123.994502 552.709879 nan 705.000000 177.000000 nan 0.000000 169.000000
362.820940 1804.175761 114.008940 nan 731.000000 486.000000 nan 318.000000 0.000000 160.000000
363.512239 nan 99.704784 534.733911 nan 434.000000 158.000000 nan 0.000000 174.000000
365.734584 nan nan nan 473.000000 404.000000 nan nan nan nan
nan 1833.885598 nan 528.207704 150.000000 367.000000 nan 51.000000 877.000000 187.000000
368.293353 1834.874718 nan 520.787608 nan 344.000000 nan 30.000000 1722.000000 nan
370.366209 nan nan 529.547692 nan nan 62.000000 nan nan 194.000000
nan nan 156.255408 533.331006 0.000000 nan nan nan 1169.000000 nan
nan nan nan 538.757662 70.000000 nan nan nan nan nan
372.306199 1826.264366 nan 541.842430 nan 497.000000 nan 26.000000 203.000000 nan
nan 1834.657628 nan 536.527073 nan nan 77.000000 10.000000 nan nan
371.981542 1807.188142 106.995381 nan nan 382.000000 104.000000 nan nan 186.000000
nan nan 85.177722 534.484457 1161.000000 604.000000 nan nan 0.000000 147.000000
365.083030 nan nan nan nan nan nan nan nan nan
363.219750 1811.648576 nan 507.874393 nan 512.000000 153.000000 422.000000 nan 170.000000
nan nan 99.386719 nan 200.000000 nan 97.000000 38.000000 198.000000 nan
369.519878 1828.533699 nan 506.589017 0.000000 nan nan 0.000000 nan nan
370.830369 1829.720649 113.008451 510.021999 120.000000 nan nan 12.000000 2149.000000 179.000000
371.829253 1819.871556 101.211586 524.311143 nan 379.000000 58.000000 3.000000 nan nan
373.886296 nan 135.539142 nan nan nan nan 4.000000 nan nan
nan 1828.822405 nan 524.386619 138.000000 422.000000 58.000000 14.000000 nan 196.000000
372.989495 1825.884653 137.886971 530.968938 0.000000 nan 61.000000 nan nan 217.000000
nan 1819.440559 126.017004 nan 0.000000 410.000000 77.000000 0.000000 0.000000 nan
nan 1794.940710 nan 531.306145 nan nan 109.000000 504.000000 nan nan
368.951025 nan 83.083472 nan 959.000000 nan 160.000000 226.000000 nan nan
367.629462 1790.377915 81.850461 524.903820 711.000000 nan 168.000000 nan 0.000000 158.000000
367.858446 1791.655754 86.083406 512.883258 nan nan 152.000000 67.000000 0.000000 185.000000
nan nan 94.399885 nan nan 464.000000 102.000000 462.000000 77.000000 170.000000
370.140924 1825.748202 103.621557 497.620111 276.000000 nan 65.000000 124.000000 nan 177.000000
nan nan nan 499.981438 nan nan nan nan 2014.000000 nan
nan 1836.114299 126.007215 510.960631 214.000000 nan nan 33.000000 nan nan
nan nan 123.200366 nan nan nan nan nan nan 184.000000
nan nan 134.861766 526.635470 nan 423.000000 nan nan 813.000000 173.000000
nan 1830.930990 140.070214 nan 103.000000 nan 59.000000 nan 97.000000 191.000000
nan nan nan 531.876215 100.000000 402.000000 nan 23.000000 0.000000 nan
371.960249 nan nan nan 422.000000 326.000000 114.000000 94.000000 nan nan
nan 1783.067000 nan nan nan 571.000000 nan nan nan nan
371.388008 nan nan 526.772172 nan nan nan nan 0.000000 160.000000
370.597269 1797.409571 91.076819 517.767061 293.000000 457.000000 nan nan 0.000000 180.000000
nan 1813.075119 99.881955 508.758995 221.000000 396.000000 nan nan 0.000000 192.000000
372.391300 1830.401159 nan 500.721822 nan 400.000000 nan nan 537.000000 167.000000
nan 1835.755139 121.385074 481.309153 149.000000 nan 54.000000 nan nan 186.000000
nan 1818.113279 114.062505 492.997160 114.000000 415.000000 nan nan 1450.000000 nan
nan 1829.714358 136.850947 514.792224 318.000000 nan nan nan 1241.000000 161.000000
nan nan nan 519.393585 30.000000 nan nan 3.000000 690.000000 177.000000
376.971730 1840.651504 nan 521.715833 50.000000 508.000000 73.000000 5.000000 0.000000 178.000000
nan nan nan 519.258271 60.000000 413.000000 nan 6.000000 nan nan
374.462810 nan nan nan 239.000000 336.000000 120.000000 nan 0.000000 nan
372.911500 nan 111.562449 nan 976.000000 589.000000 167.000000 552.000000 nan 150.000000
369.609820 nan 113.744938 524.002622 nan 472.000000 nan nan nan nan
371.304654 nan 115.566104 516.471242 nan 450.000000 nan 320.000000 nan 162.000000
373.474180 nan 131.321209 nan 371.000000 nan 110.000000 275.000000 0.000000 157.000000
374.453541 1841.342748 nan nan nan 402.000000 75.000000 nan nan 167.000000
nan 1891.830313 nan 498.905864 nan nan nan nan nan nan
nan 1766.348190 nan nan nan 413.000000 59.000000 41.000000 1749.000000 nan
