356.585789 1766.396405 126.187110 532.382747 374.000000 335.000000 85.000000 100.000000 948.000000 178.000000
356.549272 1757.773145 145.375587 535.285785 333.000000 342.000000 78.000000 47.000000 1071.000000 177.000000
357.210783 1758.540476 140.155320 540.373347 117.000000 355.000000 82.000000 17.000000 595.000000 190.000000
357.746027 1754.087282 127.839251 541.006355 40.000000 370.000000 93.000000 4.000000 94.000000 179.000000
358.015648 1762.010123 118.493647 548.743698 100.000000 331.000000 97.000000 169.000000 158.000000 180.000000
356.412223 1748.340444 104.639636 546.565432 0.000000 312.000000 122.000000 0.000000 0.000000 194.000000
352.742498 1740.414461 101.933438 541.112598 90.000000 451.000000 163.000000 9.000000 0.000000 177.000000
350.394156 1739.274822 88.607186 533.037730 573.000000 376.000000 169.000000 197.000000 0.000000 178.000000
350.816383 1760.665041 93.039363 539.775379 187.000000 385.000000 160.000000 368.000000 0.000000 183.000000
353.324401 1775.538264 164.376779 529.846100 222.000000 254.000000 125.000000 389.000000 1.000000 208.000000
354.067681 1769.747514 102.953644 534.592211 135.000000 307.000000 106.000000 36.000000 335.000000 182.000000
355.966765 1775.834969 135.691882 525.060515 278.000000 396.000000 84.000000 50.000000 1155.000000 177.000000
356.949070 1772.305984 137.611814 541.867982 592.000000 419.000000 88.000000 230.000000 684.000000 154.000000
357.871745 1770.753738 130.391314 541.276907 348.000000 374.000000 101.000000 308.000000 259.000000 180.000000
358.931669 1786.436767 167.292216 544.078181 561.000000 472.000000 80.000000 179.000000 766.000000 155.000000
360.115007 1776.103499 170.219530 554.094188 20.000000 324.000000 92.000000 2.000000 138.000000 196.000000
360.127157 1786.946881 156.474302 550.397956 50.000000 334.000000 91.000000 5.000000 328.000000 178.000000
358.577741 1770.225555 117.817195 550.542252 0.000000 354.000000 103.000000 0.000000 134.000000 187.000000
355.281178 1752.613357 92.554847 560.147652 50.000000 392.000000 156.000000 5.000000 1.000000 191.000000
351.811961 1729.664114 83.269969 552.512301 401.000000 404.000000 160.000000 103.000000 0.000000 179.000000
351.142069 1774.099239 102.994270 531.041461 215.000000 414.000000 155.000000 278.000000 22.000000 175.000000
353.794959 1771.319756 117.314349 528.594068 202.000000 341.000000 133.000000 86.000000 0.000000 196.000000
355.329924 1798.073078 119.185540 550.739012 144.000000 343.000000 104.000000 39.000000 221.000000 178.000000
357.800709 1788.379276 137.120635 530.299001 559.000000 575.000000 95.000000 589.000000 410.000000 147.000000
359.446833 1808.328267 139.366761 545.310098 411.000000 439.000000 85.000000 100.000000 627.000000 154.000000
359.364893 1797.122568 159.984442 536.827884 664.000000 491.000000 94.000000 347.000000 78.000000 147.000000
360.127512 1797.172217 162.017994 540.851323 896.000000 456.000000 92.000000 368.000000 322.000000 154.000000
360.014712 1788.702392 157.758433 541.947689 120.000000 329.000000 102.000000 12.000000 0.000000 182.000000
360.588156 1790.024062 168.320116 541.069066 100.000000 423.000000 108.000000 72.000000 0.000000 167.000000
357.426836 1772.404944 115.914108 528.304023 0.000000 338.000000 125.000000 0.000000 0.000000 184.000000
356.474236 1766.629675 107.377830 546.994916 60.000000 371.000000 160.000000 6.000000 0.000000 175.000000
352.937925 1749.747769 89.269097 546.655309 510.000000 441.000000 183.000000 51.000000 0.000000 171.000000
351.839338 1768.784314 94.129294 544.355829 116.000000 328.000000 161.000000 45.000000 0.000000 187.000000
354.620118 1780.562044 110.422012 523.932210 139.000000 344.000000 128.000000 59.000000 0.000000 191.000000
355.739729 1790.282858 122.135564 512.350395 112.000000 303.000000 103.000000 33.000000 423.000000 178.000000
357.884562 1792.286880 140.796519 516.397803 666.000000 533.000000 92.000000 473.000000 794.000000 146.000000
358.053892 1788.265645 128.566942 525.980380 757.000000 612.000000 96.000000 531.000000 301.000000 134.000000
359.693002 1797.131812 146.359401 531.014498 650.000000 506.000000 95.000000 409.000000 391.000000 145.000000
360.256873 1801.151195 141.147928 542.721113 388.000000 400.000000 93.000000 56.000000 227.000000 175.000000
361.993826 1800.477549 149.052690 541.240893 0.000000 307.000000 92.000000 0.000000 187.000000 202.000000
361.142021 1788.325078 133.733763 541.118025 100.000000 381.000000 103.000000 12.000000 0.000000 179.000000
357.581031 1782.228520 101.175925 528.061005 0.000000 284.000000 120.000000 0.000000 0.000000 185.000000
355.589182 1765.812449 87.216036 530.209066 50.000000 411.000000 153.000000 5.000000 1.000000 188.000000
353.327930 1769.907877 100.463637 521.046103 291.000000 421.000000 161.000000 40.000000 0.000000 173.000000
353.708265 1764.054210 98.749199 514.733555 136.000000 340.000000 157.000000 55.000000 19.000000 194.000000
356.014181 1776.479058 90.299883 487.555445 132.000000 431.000000 136.000000 32.000000 0.000000 189.000000
357.048889 1796.431917 109.132472 497.414917 389.000000 425.000000 102.000000 286.000000 476.000000 181.000000
359.116274 1813.557609 135.017667 503.290717 205.000000 396.000000 93.000000 64.000000 524.000000 190.000000
360.438751 1807.703750 145.365649 513.234757 186.000000 321.000000 97.000000 72.000000 419.000000 193.000000
360.435554 1779.188766 125.879922 520.422438 444.000000 443.000000 86.000000 215.000000 732.000000 171.000000
362.499833 nan 154.441345 nan nan 445.000000 nan nan 118.000000 nan
nan nan nan nan 30.000000 383.000000 nan 3.000000 nan nan
361.761086 nan nan 530.848560 nan nan nan nan nan nan
nan nan nan 519.160524 0.000000 422.000000 129.000000 0.000000 nan nan
358.297892 1782.178991 98.702053 nan nan nan 163.000000 6.000000 0.000000 188.000000
nan 1754.512137 141.941704 nan 311.000000 410.000000 186.000000 nan nan nan
355.920217 nan nan 512.911704 344.000000 377.000000 169.000000 442.000000 nan 177.000000
nan nan 133.846924 499.978693 130.000000 nan nan 30.000000 110.000000 nan
nan 1794.023330 128.925890 502.272767 244.000000 nan 91.000000 nan nan nan
362.357162 nan nan nan 653.000000 489.000000 92.000000 nan 510.000000 nan
nan nan nan nan nan 544.000000 nan nan nan nan
nan 1801.048161 136.243404 520.075810 nan nan nan 104.000000 nan 166.000000
363.145200 nan nan nan 276.000000 425.000000 96.000000 36.000000 nan 163.000000
363.843274 nan 146.622425 522.518663 220.000000 359.000000 nan 22.000000 nan nan
nan 1806.880139 132.537045 533.113566 nan 395.000000 nan 3.000000 nan 158.000000
361.879640 nan nan 536.200065 0.000000 343.000000 119.000000 0.000000 nan 194.000000
359.914951 1780.842836 99.488059 533.512937 90.000000 398.000000 nan 9.000000 0.000000 191.000000
nan 1789.013747 87.573096 527.336616 nan nan 182.000000 nan nan nan
356.340922 nan 80.955048 523.296928 128.000000 489.000000 nan nan 0.000000 178.000000
359.118263 1798.635430 96.875812 506.448924 nan 314.000000 127.000000 21.000000 18.000000 nan
362.125229 nan nan 498.674791 112.000000 384.000000 nan 32.000000 16.000000 186.000000
361.618783 1803.708532 nan nan 106.000000 383.000000 101.000000 87.000000 nan 179.000000
364.108406 nan 136.794759 519.625661 110.000000 nan 88.000000 11.000000 346.000000 nan
366.879263 1811.318556 nan 523.063972 nan 338.000000 95.000000 nan nan 152.000000
365.163684 1813.794682 148.191968 nan nan 413.000000 nan 16.000000 nan nan
363.683789 1774.264694 nan nan nan 350.000000 105.000000 nan 0.000000 182.000000
366.232410 nan 127.077597 nan nan nan 109.000000 nan nan nan
363.272005 nan 112.929404 551.310672 nan nan 122.000000 nan 1.000000 198.000000
nan 1774.326411 94.627612 544.505296 700.000000 nan 167.000000 70.000000 nan 162.000000
nan 1774.729172 100.474038 538.965608 210.000000 412.000000 171.000000 21.000000 0.000000 159.000000
nan nan 112.145050 514.398616 191.000000 358.000000 162.000000 46.000000 nan nan
nan 1816.413925 111.212630 nan 130.000000 317.000000 nan nan 49.000000 187.000000
363.102952 nan 106.946641 nan 144.000000 nan nan nan 100.000000 171.000000
363.779954 nan nan 504.273603 nan nan 99.000000 nan 80.000000 nan
nan 1816.050437 nan nan 425.000000 413.000000 nan nan 92.000000 131.000000
366.394219 1807.767776 nan nan nan nan 86.000000 46.000000 683.000000 166.000000
366.723090 1820.014832 nan nan 120.000000 nan nan nan nan nan
nan 1808.131238 134.766369 535.381525 nan nan nan 9.000000 148.000000 nan
nan 1804.629843 nan 533.509514 30.000000 350.000000 132.000000 nan 0.000000 179.000000
nan 1797.685476 110.735655 532.643707 nan 338.000000 124.000000 nan 0.000000 nan
361.595980 1785.218376 78.898512 nan 110.000000 425.000000 nan 11.000000 nan nan
358.918224 1772.183562 nan 513.649977 130.000000 nan nan 13.000000 0.000000 173.000000
nan 1794.980358 nan nan 258.000000 360.000000 nan nan 0.000000 nan
362.162137 1797.118285 108.387187 507.141390 130.000000 nan 128.000000 30.000000 23.000000 nan
nan 1809.538773 nan nan nan nan nan 17.000000 0.000000 nan
366.148752 1822.473988 141.872947 nan nan 400.000000 89.000000 486.000000 736.000000 160.000000
366.775637 nan nan 514.659726 nan nan 95.000000 nan nan nan
nan 1816.594485 151.332391 nan nan 304.000000 nan nan nan 144.000000
369.016976 nan 160.848551 nan nan nan 89.000000 186.000000 307.000000 164.000000
nan 1830.483848 171.368335 526.735991 50.000000 363.000000 nan nan nan nan
nan 1818.264596 nan 546.930622 nan 316.000000 101.000000 9.000000 28.000000 156.000000
nan 1816.742359 nan nan 0.000000 338.000000 nan 0.000000 nan 173.000000
nan nan 110.058794 549.598864 160.000000 425.000000 175.000000 16.000000 0.000000 178.000000
nan 1800.858318 114.668924 544.864021 450.000000 nan 193.000000 58.000000 0.000000 172.000000
363.530553 1795.907061 94.165317 534.535443 229.000000 nan nan 71.000000 0.000000 177.000000
nan 1837.087060 157.289425 nan nan 321.000000 122.000000 nan 183.000000 nan
nan 1833.354023 nan 528.114314 194.000000 nan 102.000000 nan 307.000000 nan
368.992274 nan nan nan nan 340.000000 nan 99.000000 nan 184.000000
370.421170 nan 143.435591 nan 233.000000 nan nan 25.000000 nan 176.000000
nan 1832.356710 154.342192 532.899454 nan nan nan 31.000000 772.000000 185.000000
372.838931 1837.037144 172.528761 nan 110.000000 nan 83.000000 nan nan 188.000000
nan 1829.667286 153.450389 nan nan nan 81.000000 3.000000 614.000000 182.000000
372.349239 nan 149.999172 535.946646 30.000000 312.000000 nan nan 355.000000 185.000000
372.531865 nan 102.767870 nan 0.000000 nan 119.000000 0.000000 nan 187.000000
nan 1780.813080 86.275284 534.798754 320.000000 nan nan nan nan 181.000000
365.125703 1783.358971 81.580265 536.039740 150.000000 400.000000 163.000000 nan 0.000000 nan
nan 1815.894153 109.184162 506.646276 263.000000 nan 154.000000 nan nan nan
nan nan 102.142407 507.690110 130.000000 329.000000 nan nan 54.000000 nan
370.284384 1832.498463 103.872157 nan nan nan 110.000000 23.000000 nan 196.000000
370.790094 nan 121.925954 nan 125.000000 400.000000 86.000000 45.000000 948.000000 nan
nan nan 105.091045 nan 109.000000 nan nan nan nan nan
373.764663 nan nan 527.425774 168.000000 nan nan 47.000000 nan 160.000000
372.526644 nan 133.572276 524.074186 264.000000 368.000000 nan nan nan nan
nan 1824.139083 nan nan nan nan nan 0.000000 nan 200.000000
373.245747 1823.262820 nan 534.578640 nan nan 107.000000 nan nan nan
nan nan 92.294897 531.134855 30.000000 338.000000 126.000000 3.000000 0.000000 nan
368.675389 nan nan 536.694649 90.000000 nan 159.000000 nan nan 190.000000
367.625523 nan 80.990781 nan 140.000000 nan 175.000000 14.000000 0.000000 182.000000
368.961483 nan 89.446388 511.307884 nan 367.000000 nan nan nan 191.000000
nan 1813.314775 nan nan nan 325.000000 nan nan 12.000000 nan
370.084199 1824.200797 104.594032 496.788101 nan 350.000000 92.000000 33.000000 749.000000 nan
373.751257 nan nan 499.244967 106.000000 347.000000 91.000000 45.000000 546.000000 nan
nan nan 123.834489 nan nan 413.000000 94.000000 186.000000 358.000000 155.000000
nan 1821.745041 nan 515.244470 400.000000 nan nan nan nan 177.000000
375.228267 1829.520033 nan 525.767593 290.000000 nan 89.000000 58.000000 431.000000 nan
nan 1830.460554 nan 519.544098 100.000000 350.000000 83.000000 nan 552.000000 nan
374.276484 nan nan nan nan 350.000000 102.000000 6.000000 nan nan
372.017496 nan 104.074213 531.115878 0.000000 338.000000 nan 0.000000 0.000000 nan
371.020071 1786.286187 84.062938 530.495878 130.000000 425.000000 nan nan nan 167.000000
nan nan 85.895114 525.866773 nan 381.000000 nan 297.000000 nan 167.000000
371.925462 nan nan nan 166.000000 nan nan 50.000000 nan nan
369.766111 1816.582818 99.624438 nan nan nan nan 35.000000 nan nan
nan 1828.880139 nan 500.546008 nan nan 113.000000 nan nan nan
nan nan nan nan nan nan nan nan nan 181.000000
nan nan nan 468.354777 204.000000 nan 95.000000 46.000000 426.000000 nan
nan 1828.201461 135.773742 514.924996 nan nan 90.000000 nan 626.000000 nan
376.306977 nan nan nan 179.000000 376.000000 90.000000 37.000000 nan 165.000000
nan 1834.700282 nan nan 70.000000 386.000000 nan 7.000000 nan nan
375.298854 nan nan nan nan 350.000000 102.000000 nan 0.000000 163.000000
374.533453 nan nan 523.265904 nan 338.000000 119.000000 nan 38.000000 185.000000
nan nan nan 541.912925 nan 425.000000 nan 11.000000 0.000000 166.000000
nan nan 106.535595 522.664731 nan 400.000000 167.000000 30.000000 0.000000 nan
371.441910 1823.874709 113.992827 nan 198.000000 363.000000 167.000000 nan nan 164.000000
nan nan 134.408839 nan 130.000000 317.000000 134.000000 35.000000 nan nan
nan 1839.686238 nan 509.551527 nan 323.000000 nan 40.000000 nan 169.000000
376.912783 1861.303863 141.501539 498.561441 nan 343.000000 99.000000 230.000000 449.000000 133.000000
356.500022 nan 126.197764 532.591941 nan nan 76.000000 159.000000 nan 178.000000
nan 1758.014711 145.476769 nan nan 394.000000 68.000000 nan nan 182.000000
357.142749 nan 140.248697 540.361391 nan nan 74.000000 31.000000 nan 192.000000
357.770100 nan 127.112494 nan 148.000000 nan 76.000000 21.000000 nan nan
nan nan 118.933907 549.527770 60.000000 nan nan nan nan 207.000000
nan nan nan 546.541173 nan nan nan 18.000000 nan nan
nan 1740.482802 nan 541.765003 nan 513.000000 178.000000 768.000000 0.000000 152.000000
nan nan 89.085614 532.988612 nan 415.000000 181.000000 840.000000 0.000000 146.000000
nan nan nan 539.991296 241.000000 371.000000 169.000000 512.000000 0.000000 160.000000
353.401444 nan 163.631386 531.404152 273.000000 230.000000 nan 122.000000 0.000000 196.000000
354.156801 1770.359317 nan nan nan 331.000000 nan 84.000000 nan nan
355.858110 1775.652055 133.755730 524.999106 340.000000 478.000000 nan nan 855.000000 nan
356.921638 nan nan 542.526560 nan nan nan nan 604.000000 160.000000
nan nan nan 541.332266 283.000000 419.000000 85.000000 nan 64.000000 183.000000
nan 1786.570410 167.771177 544.171913 457.000000 nan nan 204.000000 nan nan
360.103935 nan 170.340169 nan 40.000000 326.000000 74.000000 4.000000 237.000000 nan
360.017845 1783.682969 155.964432 nan 40.000000 299.000000 nan 4.000000 90.000000 nan
nan nan 119.440644 550.608602 390.000000 nan 102.000000 nan 54.000000 208.000000
355.242161 1751.721915 95.769645 560.641148 291.000000 nan 174.000000 155.000000 0.000000 nan
351.984101 nan nan nan nan nan nan nan nan nan
351.167899 nan nan 531.328895 nan nan 169.000000 300.000000 0.000000 158.000000
nan nan 117.154154 nan 160.000000 nan 123.000000 119.000000 nan 189.000000
nan nan nan 550.396933 nan 333.000000 89.000000 nan 252.000000 184.000000
357.845459 nan nan 530.273206 528.000000 nan nan nan nan nan
359.427813 1807.219927 139.842792 546.141284 451.000000 518.000000 81.000000 nan 638.000000 nan
359.356240 nan 160.184920 538.080872 nan nan 82.000000 245.000000 nan nan
360.065876 nan 161.846086 540.937357 593.000000 483.000000 nan 186.000000 269.000000 nan
nan nan 157.655164 542.071449 191.000000 nan nan 39.000000 0.000000 211.000000
nan 1788.397756 166.052079 540.980459 nan 422.000000 nan 82.000000 0.000000 191.000000
nan nan 115.371236 529.181090 180.000000 228.000000 nan 18.000000 0.000000 194.000000
356.580192 1766.144380 109.279289 546.183536 nan nan nan 225.000000 0.000000 163.000000
353.075336 nan 93.335036 546.477260 716.000000 432.000000 nan 646.000000 0.000000 151.000000
nan nan 95.312587 543.999697 103.000000 nan 163.000000 116.000000 0.000000 182.000000
nan nan nan 523.943708 nan nan 120.000000 nan nan nan
nan nan 122.588916 512.634220 103.000000 nan 84.000000 nan 581.000000 182.000000
nan nan nan 516.724125 569.000000 531.000000 nan nan 492.000000 nan
nan 1788.706695 128.673781 526.290756 655.000000 638.000000 84.000000 650.000000 241.000000 137.000000
359.692473 1797.852890 146.900867 nan nan 505.000000 78.000000 nan 596.000000 163.000000
360.318396 nan nan 542.314318 398.000000 396.000000 nan nan 76.000000 184.000000
362.068980 nan nan 541.496107 20.000000 nan nan 2.000000 nan nan
361.006534 nan nan 541.209035 100.000000 335.000000 89.000000 nan 0.000000 210.000000
nan nan nan nan 214.000000 193.000000 nan 27.000000 0.000000 209.000000
355.574708 1767.200439 87.664550 530.590478 382.000000 439.000000 173.000000 127.000000 0.000000 nan
353.506503 1769.120345 nan nan 516.000000 nan nan 370.000000 nan 143.000000
353.704984 nan nan 515.713596 nan 311.000000 nan nan 0.000000 176.000000
356.063693 1774.751583 88.970742 494.784353 nan 409.000000 nan nan nan nan
nan nan 107.048983 497.705928 nan 449.000000 nan 269.000000 nan 179.000000
359.094489 1814.817192 136.967746 503.402495 174.000000 419.000000 nan 69.000000 305.000000 nan
360.244437 nan 143.210736 513.313402 141.000000 350.000000 nan 45.000000 321.000000 nan
nan 1778.395827 125.537096 520.767794 nan nan 73.000000 220.000000 nan nan
362.493122 nan 153.799889 527.033292 286.000000 466.000000 80.000000 96.000000 nan 181.000000
361.965390 1789.608521 nan 521.567085 nan nan 80.000000 nan nan nan
nan nan 136.900102 531.006446 100.000000 367.000000 nan 16.000000 nan 197.000000
nan nan 102.942385 520.997893 nan nan nan 94.000000 nan 198.000000
358.328610 nan 100.046649 nan 456.000000 nan nan nan nan nan
357.068893 nan 141.938450 540.789353 545.000000 nan 194.000000 335.000000 0.000000 nan
355.416219 1767.710676 nan 513.807558 690.000000 342.000000 nan 1709.000000 nan 172.000000
357.906777 nan 135.031693 nan nan 363.000000 117.000000 48.000000 nan nan
359.648413 1794.122528 129.412843 502.275092 nan nan 80.000000 nan 647.000000 nan
nan 1811.054116 nan 506.925484 725.000000 nan nan nan 374.000000 nan
363.679955 1813.792787 132.817877 nan nan 541.000000 83.000000 395.000000 277.000000 nan
362.260367 1801.809356 136.985819 520.147018 305.000000 438.000000 nan 49.000000 nan 170.000000
363.155366 1815.624046 nan nan 210.000000 nan 80.000000 nan nan 173.000000
363.832125 1805.317682 146.762462 522.965316 130.000000 369.000000 76.000000 13.000000 168.000000 196.000000
363.926966 nan 132.696215 533.293784 nan nan 82.000000 3.000000 77.000000 nan
nan 1771.374925 94.381362 nan nan 249.000000 117.000000 18.000000 1.000000 nan
359.990031 1780.898745 nan 534.434445 nan 426.000000 172.000000 nan nan nan
356.781747 1787.338899 88.248963 nan nan 392.000000 nan 354.000000 0.000000 153.000000
356.341916 nan 81.560163 nan 185.000000 419.000000 184.000000 nan 0.000000 162.000000
359.183017 nan nan nan 106.000000 224.000000 nan 40.000000 nan 205.000000
nan nan nan 498.478361 nan 368.000000 nan nan 0.000000 189.000000
nan nan 105.791231 nan 124.000000 nan 86.000000 nan 147.000000 182.000000
364.107383 1813.579872 nan 521.374965 nan 438.000000 89.000000 2.000000 124.000000 190.000000
nan nan 151.611678 nan 109.000000 372.000000 nan 24.000000 14.000000 nan
365.220137 1814.150957 149.974429 528.095384 20.000000 nan 83.000000 nan nan nan
nan 1777.658811 107.064605 529.597818 40.000000 nan nan 4.000000 0.000000 199.000000
nan nan 128.340805 539.876375 nan nan 95.000000 nan 0.000000 nan
363.224350 1774.258374 nan 551.284826 80.000000 268.000000 122.000000 nan 0.000000 nan
361.975248 nan nan 543.789423 nan 463.000000 177.000000 nan nan nan
359.159128 1774.531708 nan nan nan 415.000000 190.000000 nan nan 147.000000
nan 1805.888208 nan 514.801603 383.000000 nan 167.000000 279.000000 0.000000 159.000000
360.073284 1815.310263 nan nan nan 305.000000 nan 70.000000 0.000000 182.000000
363.033550 nan 106.470516 496.020834 164.000000 nan 96.000000 nan 0.000000 184.000000
363.668830 1814.481211 121.724744 504.629084 181.000000 nan nan 79.000000 nan 177.000000
nan nan 130.751087 519.729425 nan 438.000000 nan nan 168.000000 nan
366.451575 nan 135.914966 519.215296 nan 318.000000 72.000000 57.000000 705.000000 181.000000
366.716457 nan 149.333714 528.904044 nan nan nan 13.000000 118.000000 202.000000
368.533838 1811.188029 136.830284 nan 172.000000 358.000000 74.000000 nan 159.000000 nan
nan 1804.260777 130.722324 nan 100.000000 289.000000 103.000000 11.000000 0.000000 207.000000
365.536093 1796.677643 113.381167 nan nan 275.000000 119.000000 18.000000 0.000000 193.000000
361.616959 nan nan 524.364175 503.000000 463.000000 168.000000 249.000000 nan nan
nan 1772.025348 80.473149 nan nan nan 201.000000 nan 0.000000 145.000000
nan nan 97.858289 502.250361 336.000000 nan nan nan 0.000000 nan
nan 1799.945277 111.408548 nan 106.000000 319.000000 nan 83.000000 nan nan
nan nan nan nan nan 324.000000 nan 19.000000 nan nan
366.173098 1823.647016 142.964366 nan 522.000000 nan 76.000000 313.000000 678.000000 159.000000
366.798383 1811.067965 nan nan nan nan 85.000000 nan nan 178.000000
367.691734 1816.978940 151.599731 516.838589 nan 280.000000 67.000000 309.000000 800.000000 nan
nan nan nan 525.415347 nan nan 74.000000 232.000000 298.000000 181.000000
369.494504 nan 170.210493 527.181813 121.000000 411.000000 nan nan 466.000000 207.000000
369.637979 1818.003173 nan nan nan nan nan nan 29.000000 203.000000
365.598305 1816.820088 129.958285 nan 214.000000 nan 115.000000 28.000000 nan 202.000000
366.058148 1800.834600 114.506168 550.711131 858.000000 463.000000 192.000000 nan nan 154.000000
nan nan 114.075476 544.573873 nan 413.000000 211.000000 674.000000 0.000000 nan
363.528416 nan nan nan nan nan nan nan 0.000000 158.000000
nan nan 158.166235 nan 106.000000 nan 115.000000 28.000000 0.000000 192.000000
367.737563 1833.482951 145.497689 nan 158.000000 333.000000 88.000000 34.000000 nan 191.000000
368.765952 nan 147.967150 520.512736 nan 344.000000 74.000000 110.000000 895.000000 183.000000
nan nan nan nan 103.000000 438.000000 80.000000 49.000000 602.000000 191.000000
371.261622 1833.133491 154.940964 533.035257 nan nan 71.000000 nan nan nan
nan 1836.119990 170.339492 538.601739 nan nan 71.000000 24.000000 485.000000 nan
372.437035 1828.252808 nan nan nan nan nan nan nan nan
372.294450 1835.017611 150.045124 nan 20.000000 nan 82.000000 2.000000 9.000000 216.000000
372.355684 1803.860166 103.978513 539.874641 nan nan 116.000000 nan 9.000000 199.000000
nan 1781.081605 86.065164 534.670709 nan nan nan nan 0.000000 nan
365.113512 1784.479225 81.054882 nan 800.000000 nan 188.000000 nan 0.000000 155.000000
363.224535 1814.490074 105.108034 nan nan 323.000000 163.000000 nan 0.000000 nan
366.055670 1808.149013 nan nan 106.000000 334.000000 nan 40.000000 nan nan
370.030305 1831.124604 102.818564 506.462949 nan nan 93.000000 22.000000 47.000000 nan
nan 1829.853302 nan nan nan 364.000000 72.000000 35.000000 nan nan
372.684220 1820.117010 nan 524.582911 nan 438.000000 81.000000 nan 532.000000 183.000000
nan nan 134.858135 527.208443 nan nan 76.000000 nan 404.000000 nan
372.524493 1828.749972 133.698143 524.157153 353.000000 nan 72.000000 149.000000 nan nan
nan nan nan 531.125205 nan 372.000000 84.000000 0.000000 0.000000 218.000000
nan nan nan 534.581225 30.000000 289.000000 nan nan nan 223.000000
nan 1796.388593 91.891524 531.189695 471.000000 279.000000 nan nan 0.000000 192.000000
368.775040 1791.801975 nan 536.578726 264.000000 463.000000 172.000000 105.000000 0.000000 165.000000
nan nan 81.451752 524.838816 573.000000 376.000000 194.000000 327.000000 0.000000 nan
368.539368 nan 88.294693 nan 119.000000 348.000000 161.000000 116.000000 0.000000 175.000000
nan nan 93.892729 500.970477 288.000000 348.000000 nan nan nan nan
370.104181 1824.710027 104.123938 497.030030 249.000000 nan 79.000000 137.000000 nan 178.000000
373.483647 1833.407008 nan 499.424930 nan 361.000000 nan 46.000000 660.000000 201.000000
nan 1834.361494 nan nan nan nan 78.000000 231.000000 nan 156.000000
nan 1821.734929 124.905705 nan nan nan nan 144.000000 1039.000000 187.000000
375.069586 1829.651729 135.605799 526.045440 nan 425.000000 nan 108.000000 360.000000 179.000000
nan 1830.561006 140.140964 nan 208.000000 nan 74.000000 43.000000 277.000000 200.000000
374.264770 1808.303268 110.382042 nan nan 313.000000 91.000000 nan 0.000000 nan
371.998414 1792.219648 nan 532.237456 220.000000 275.000000 nan 22.000000 nan 200.000000
nan 1785.165615 84.618575 nan 601.000000 483.000000 181.000000 403.000000 0.000000 nan
nan 1789.125923 86.097501 526.167504 1332.000000 338.000000 nan 470.000000 nan nan
371.401902 1799.766657 90.603344 nan 239.000000 329.000000 159.000000 nan 0.000000 183.000000
nan 1815.373872 nan nan 129.000000 nan 119.000000 nan nan 190.000000
372.357139 nan 118.661104 500.583230 nan nan nan nan 0.000000 161.000000
374.663514 nan 122.712368 nan nan 327.000000 69.000000 nan nan nan
376.033906 1819.842439 115.739938 nan nan nan 86.000000 nan nan 124.000000
375.122202 nan 136.098735 514.880736 169.000000 nan nan nan 240.000000 nan
376.165530 nan nan 519.300779 165.000000 401.000000 80.000000 39.000000 77.000000 155.000000
nan 1836.436736 142.358000 nan 121.000000 nan 89.000000 13.000000 0.000000 nan
nan 1821.186282 nan 519.348658 30.000000 313.000000 nan 3.000000 0.000000 159.000000
374.509906 1834.660636 114.813206 523.330013 200.000000 nan 118.000000 20.000000 nan nan
nan 1806.991599 107.805818 541.781348 783.000000 463.000000 179.000000 nan 0.000000 nan
369.609339 1806.322222 109.089358 523.161219 475.000000 389.000000 211.000000 232.000000 0.000000 nan
nan nan 114.487717 nan 330.000000 350.000000 nan nan nan 127.000000
373.540026 nan nan 504.814045 106.000000 nan 132.000000 80.000000 0.000000 nan
374.492783 1840.316249 133.513771 509.562682 161.000000 nan 100.000000 nan 0.000000 146.000000
376.994094 1870.797998 143.105555 498.636906 283.000000 356.000000 nan 149.000000 318.000000 118.000000
356.409179 nan nan nan nan nan 49.000000 nan 1550.000000 nan
356.599309 1758.384042 145.577951 535.501172 313.000000 nan 47.000000 211.000000 nan 168.000000
357.093033 nan 140.342075 nan 191.000000 nan 48.000000 109.000000 550.000000 nan
357.803846 nan 126.408757 541.043973 nan nan 45.000000 nan 71.000000 191.000000
358.069588 nan 119.397631 nan nan 417.000000 55.000000 56.000000 nan 191.000000
nan 1747.185002 nan 546.506933 256.000000 nan 98.000000 254.000000 nan nan
353.043517 nan 103.808875 542.392841 nan nan 155.000000 1790.000000 19.000000 nan
350.456489 1739.774373 nan nan nan 548.000000 150.000000 nan nan nan
nan 1761.028895 93.215796 540.204515 nan nan nan 594.000000 14.000000 156.000000
nan nan 162.681322 532.919925 329.000000 nan 88.000000 175.000000 306.000000 197.000000
nan nan nan nan nan 414.000000 nan nan 375.000000 168.000000
nan 1775.529768 131.815805 524.937697 457.000000 nan nan 440.000000 nan 163.000000
nan nan 138.895732 543.166815 622.000000 537.000000 nan nan 1114.000000 nan
nan 1771.123566 nan 541.387623 nan nan 56.000000 nan 413.000000 nan
358.960806 nan nan 544.266889 400.000000 536.000000 nan 314.000000 866.000000 174.000000
360.089142 nan nan 554.892217 nan 409.000000 43.000000 0.000000 503.000000 209.000000
nan 1780.535618 nan 553.830556 116.000000 366.000000 48.000000 52.000000 nan nan
nan nan 121.031678 nan nan nan 73.000000 496.000000 171.000000 199.000000
355.215443 1750.730381 98.924482 561.063005 782.000000 533.000000 153.000000 nan 25.000000 157.000000
352.149287 1728.366484 84.337448 nan nan nan 160.000000 1326.000000 nan 148.000000
351.185513 1773.440490 104.181142 nan 576.000000 457.000000 134.000000 425.000000 56.000000 155.000000
353.780131 1768.794209 nan nan 255.000000 nan nan nan 66.000000 188.000000
nan 1795.575609 122.402516 549.864329 167.000000 338.000000 nan nan 949.000000 182.000000
nan 1789.242201 135.403204 nan 718.000000 573.000000 nan 833.000000 913.000000 nan
nan 1806.180422 140.495520 nan 615.000000 nan 54.000000 nan 1209.000000 136.000000
nan nan 160.466773 nan 437.000000 nan 54.000000 nan nan nan
nan nan 161.800856 541.070304 629.000000 554.000000 nan 677.000000 559.000000 nan
359.960122 1787.280620 157.637650 nan 238.000000 nan 49.000000 145.000000 0.000000 nan
360.207325 1786.818352 163.670898 540.971917 376.000000 503.000000 59.000000 209.000000 nan nan
nan 1768.701833 nan 530.219427 nan 242.000000 90.000000 115.000000 80.000000 nan
nan 1766.040813 111.392821 nan 1312.000000 nan nan nan nan nan
353.202462 nan nan nan nan 456.000000 nan 1649.000000 17.000000 nan
351.798646 nan nan 543.538667 196.000000 319.000000 131.000000 90.000000 0.000000 185.000000
nan nan nan 523.882178 nan 245.000000 86.000000 nan nan nan
nan nan 122.991918 512.923608 107.000000 nan nan 32.000000 1265.000000 nan
nan nan nan nan nan 532.000000 nan nan 897.000000 151.000000
nan nan nan 526.604181 nan 659.000000 60.000000 1140.000000 665.000000 129.000000
nan nan nan 531.305962 444.000000 543.000000 nan nan 905.000000 149.000000
360.399965 nan nan 541.893836 390.000000 443.000000 nan nan nan 194.000000
362.145455 nan 149.640256 541.752124 50.000000 nan nan 5.000000 nan nan
360.871995 nan nan 541.300277 nan 377.000000 56.000000 nan nan nan
357.832104 1782.771654 nan nan nan nan 86.000000 102.000000 nan nan
nan nan nan 530.970010 nan 515.000000 nan 609.000000 42.000000 nan
353.676661 nan 98.856937 521.822551 nan nan nan nan 0.000000 nan
nan 1763.570832 nan 516.718496 402.000000 nan 132.000000 303.000000 nan 171.000000
356.088209 1773.447942 88.099400 502.611985 226.000000 nan 88.000000 94.000000 152.000000 173.000000
nan 1792.047325 nan 498.033480 321.000000 nan nan 255.000000 640.000000 173.000000
359.037682 nan nan nan 241.000000 nan nan 95.000000 877.000000 176.000000
nan nan nan 513.392053 nan 379.000000 59.000000 78.000000 972.000000 187.000000
360.129539 nan nan nan 428.000000 488.000000 nan 204.000000 nan 163.000000
nan nan 153.309691 527.567588 397.000000 544.000000 52.000000 248.000000 305.000000 nan
nan nan 139.690596 521.874130 nan nan 49.000000 11.000000 nan 191.000000
nan nan 138.002331 531.188101 nan nan nan nan nan 188.000000
359.800395 nan 102.708352 523.079217 565.000000 nan nan 699.000000 0.000000 174.000000
358.353050 1778.336831 nan nan 1077.000000 436.000000 nan nan nan 167.000000
357.137733 nan 141.675132 540.625620 nan 424.000000 170.000000 nan 0.000000 156.000000
354.928015 nan 117.896556 514.757125 nan 393.000000 137.000000 858.000000 nan nan
357.672531 1815.528455 nan 499.571722 nan 355.000000 85.000000 100.000000 311.000000 178.000000
359.668714 nan 129.883852 502.314989 nan nan 60.000000 333.000000 892.000000 167.000000
361.777205 nan 152.036491 nan 823.000000 nan nan 1114.000000 903.000000 149.000000
nan 1815.013474 134.091587 503.515753 506.000000 550.000000 54.000000 nan 1017.000000 149.000000
nan 1802.660511 138.559796 520.232044 443.000000 525.000000 59.000000 350.000000 56.000000 152.000000
363.170042 nan 163.746254 nan 309.000000 nan nan nan nan nan
363.824347 1805.748073 146.968537 523.502721 144.000000 457.000000 nan 55.000000 nan 188.000000
363.894901 1805.498805 nan nan 114.000000 nan 51.000000 nan nan 183.000000
nan 1770.841695 nan nan 206.000000 nan 88.000000 36.000000 nan 196.000000
360.063297 1780.925030 nan 535.536488 nan 486.000000 nan nan 8.000000 167.000000
356.796805 1785.810033 89.051370 527.985812 1449.000000 472.000000 nan nan 0.000000 155.000000
356.344794 1781.853742 82.136662 nan 642.000000 nan 141.000000 593.000000 0.000000 167.000000
359.266351 1797.279127 98.918409 nan 175.000000 263.000000 94.000000 nan 24.000000 nan
362.272082 nan nan nan nan 394.000000 nan nan nan 186.000000
361.386032 nan nan nan nan 427.000000 54.000000 nan 1083.000000 nan
364.094797 1814.297814 139.404958 nan 30.000000 430.000000 50.000000 nan nan nan
nan nan 153.586924 523.271272 181.000000 410.000000 58.000000 nan nan 162.000000
365.275217 nan nan nan 100.000000 437.000000 51.000000 43.000000 nan 187.000000
nan nan nan nan 70.000000 407.000000 49.000000 nan 0.000000 191.000000
366.181153 1792.783859 129.899364 nan 70.000000 366.000000 nan 7.000000 nan 203.000000
363.217127 nan 111.896356 nan 105.000000 342.000000 96.000000 nan nan 184.000000
nan nan 97.798396 nan 1442.000000 583.000000 147.000000 1276.000000 23.000000 nan
359.168078 1775.281604 nan nan 1538.000000 492.000000 162.000000 1630.000000 nan 150.000000
nan nan 113.962762 515.227536 807.000000 nan nan 964.000000 45.000000 167.000000
360.209742 nan 109.520822 nan nan 377.000000 87.000000 277.000000 67.000000 nan
nan nan 106.336877 496.387728 269.000000 371.000000 65.000000 199.000000 231.000000 175.000000
nan nan 120.721117 504.992289 nan 406.000000 51.000000 nan 1097.000000 193.000000
364.833557 nan 130.996196 nan nan 475.000000 nan nan 907.000000 nan
nan 1809.542719 nan 519.575561 nan 351.000000 nan nan 1089.000000 nan
nan 1818.590724 nan 529.254834 nan 419.000000 nan 27.000000 419.000000 197.000000
nan nan 138.987476 nan 247.000000 439.000000 43.000000 73.000000 468.000000 nan
366.633790 1804.244978 130.528569 533.836394 nan 374.000000 64.000000 153.000000 0.000000 188.000000
365.434254 nan 116.153060 533.117719 228.000000 nan 86.000000 92.000000 5.000000 nan
nan nan nan 524.546406 891.000000 nan 153.000000 nan nan 164.000000
359.418137 1772.490945 nan nan 1236.000000 482.000000 nan nan nan nan
nan 1792.637425 nan nan 596.000000 nan 148.000000 nan 0.000000 159.000000
nan 1803.449023 nan 508.195988 248.000000 nan nan nan 303.000000 183.000000
nan 1810.941917 124.780003 491.675837 229.000000 364.000000 62.000000 110.000000 nan 183.000000
366.191781 nan nan nan nan 450.000000 nan 636.000000 1247.000000 147.000000
366.820976 nan nan 514.935580 263.000000 430.000000 54.000000 nan 950.000000 182.000000
367.702448 nan 151.870005 nan nan 301.000000 nan nan 1113.000000 155.000000
nan 1822.145715 161.047859 525.565516 nan nan 47.000000 396.000000 nan 175.000000
369.532072 nan nan 527.701376 nan nan 40.000000 65.000000 nan 195.000000
nan 1818.113245 152.385005 551.178951 nan nan nan 2.000000 nan nan
365.820761 1817.290916 nan nan nan 317.000000 84.000000 nan nan nan
366.047477 1803.068046 nan 551.751098 1591.000000 637.000000 nan nan 0.000000 145.000000
362.767724 nan 113.841994 544.395610 nan 459.000000 nan 899.000000 nan nan
nan 1799.029170 nan nan nan 404.000000 nan 351.000000 nan 159.000000
nan nan 159.128927 nan 351.000000 378.000000 92.000000 68.000000 nan nan
nan nan 145.521054 528.155946 nan 377.000000 nan 147.000000 593.000000 nan
368.528190 nan 145.969145 nan 342.000000 364.000000 51.000000 nan nan nan
370.385586 1831.709309 nan 529.251000 80.000000 426.000000 56.000000 nan 1020.000000 nan
nan 1833.953100 155.579934 nan 102.000000 nan nan 25.000000 772.000000 nan
372.465419 1835.485080 nan 538.670880 nan 409.000000 48.000000 nan 586.000000 205.000000
372.371616 nan 150.326103 nan 371.000000 497.000000 nan 194.000000 625.000000 nan
372.237395 nan nan 536.297252 0.000000 368.000000 nan 0.000000 37.000000 200.000000
nan 1805.263614 nan nan nan 349.000000 86.000000 nan nan 181.000000
366.812618 1780.982382 nan 534.565369 1636.000000 nan 155.000000 2007.000000 26.000000 134.000000
nan 1786.132593 80.584941 536.337782 nan nan 161.000000 1530.000000 0.000000 138.000000
363.221004 nan 101.221450 507.419012 508.000000 408.000000 nan 372.000000 0.000000 nan
nan nan 100.301695 507.513775 151.000000 nan 82.000000 61.000000 nan nan
369.769963 nan nan nan 20.000000 372.000000 nan nan nan 197.000000
nan 1829.785997 nan 509.946392 nan 387.000000 46.000000 34.000000 1466.000000 nan
nan nan nan 524.447207 171.000000 nan 53.000000 nan nan 190.000000
373.846427 nan 134.997578 526.987788 102.000000 355.000000 nan nan 657.000000 nan
nan nan nan nan 431.000000 416.000000 43.000000 203.000000 819.000000 201.000000
372.967276 1825.209471 nan nan nan 446.000000 48.000000 nan nan 205.000000
373.186902 1820.528529 nan 534.614620 nan nan 59.000000 5.000000 nan 210.000000
371.006290 1795.606103 91.541008 nan 784.000000 nan 93.000000 1297.000000 0.000000 175.000000
nan nan 83.104344 536.451682 1132.000000 568.000000 nan 630.000000 nan nan
367.624569 nan nan 524.875111 nan 443.000000 nan nan nan 144.000000
368.170289 1794.182040 87.147848 512.339170 205.000000 437.000000 133.000000 109.000000 0.000000 174.000000
nan nan 94.153121 501.494884 nan 445.000000 83.000000 nan 345.000000 nan
nan 1825.226330 nan 497.307789 nan nan 50.000000 274.000000 1263.000000 nan
nan 1832.737737 nan nan nan nan nan 19.000000 nan nan
nan nan 125.095071 510.693371 457.000000 nan 50.000000 393.000000 nan 147.000000
374.219791 1821.735636 nan 515.571112 273.000000 nan 47.000000 173.000000 1103.000000 174.000000
nan 1829.870534 nan 526.335247 412.000000 nan nan 234.000000 nan nan
374.957529 1830.711920 nan nan 259.000000 nan nan nan 315.000000 184.000000
374.257471 1808.663816 110.668345 nan nan 388.000000 58.000000 nan 0.000000 194.000000
371.979331 1792.157387 103.362153 533.380828 nan 349.000000 nan nan nan 181.000000
nan nan 85.016305 nan nan 599.000000 156.000000 753.000000 7.000000 134.000000
371.877602 1787.477972 nan nan nan 404.000000 158.000000 643.000000 0.000000 163.000000
370.958022 1798.516583 90.840082 517.300409 373.000000 nan nan nan 0.000000 182.000000
nan nan 99.813154 508.240234 nan 390.000000 87.000000 137.000000 147.000000 nan
372.374219 1829.416559 nan nan 164.000000 400.000000 nan nan 190.000000 157.000000
374.624449 nan 122.049447 473.966499 286.000000 346.000000 43.000000 nan 1702.000000 nan
nan nan nan nan 286.000000 424.000000 58.000000 173.000000 nan 132.000000
nan 1829.209309 136.453887 514.836479 359.000000 nan 54.000000 134.000000 446.000000 141.000000
376.033569 nan 138.230244 519.337547 113.000000 445.000000 nan nan nan 147.000000
376.819781 1838.457078 nan nan 111.000000 nan nan nan 0.000000 146.000000
nan 1821.539776 nan nan 80.000000 388.000000 nan 8.000000 nan nan
nan nan nan 523.394601 197.000000 nan nan 55.000000 nan nan
nan 1808.467055 109.767813 nan 1442.000000 nan nan nan 0.000000 nan
369.610903 1811.944188 111.529030 nan 1018.000000 452.000000 191.000000 889.000000 nan nan
nan nan nan 515.994127 464.000000 nan nan nan nan nan
373.514930 1838.844664 nan 504.892535 264.000000 nan 100.000000 163.000000 0.000000 nan
374.475129 1840.877876 132.418863 509.586388 nan nan nan 67.000000 65.000000 128.000000
377.067153 1881.128723 145.027883 498.751965 400.000000 387.000000 59.000000 212.000000 828.000000 nan
356.318074 1766.346257 126.219074 533.007817 255.000000 360.000000 nan nan nan nan
nan nan 145.679135 nan nan 418.000000 55.000000 31.000000 1615.000000 199.000000
357.064613 nan 140.435455 540.337479 133.000000 nan nan nan nan 188.000000
357.847164 1756.674435 nan 541.062782 182.000000 469.000000 nan nan 0.000000 nan
358.099757 nan 119.872662 550.983956 148.000000 nan 77.000000 78.000000 0.000000 213.000000
nan 1746.705149 nan 546.463509 nan nan nan 76.000000 nan nan
353.192108 nan 104.671210 542.994734 nan 608.000000 nan 887.000000 0.000000 155.000000
nan 1740.039619 90.040985 nan 1033.000000 590.000000 157.000000 637.000000 nan 161.000000
350.822254 1761.213583 nan 540.414832 660.000000 507.000000 152.000000 688.000000 nan 169.000000
353.567671 nan 161.581095 534.382861 333.000000 nan 95.000000 nan 156.000000 198.000000
nan 1772.108714 101.935618 537.463999 nan nan 74.000000 174.000000 nan 188.000000
355.686354 nan 129.890635 524.876287 nan 518.000000 nan 98.000000 1832.000000 nan
356.857541 1772.510125 nan 543.782783 nan 570.000000 61.000000 133.000000 1616.000000 161.000000
nan nan 123.268679 nan 255.000000 nan nan nan nan nan
nan 1786.857538 168.659948 544.363006 142.000000 510.000000 57.000000 24.000000 nan nan
360.070903 1773.068092 170.445538 555.282228 nan nan nan nan 321.000000 nan
nan 1777.604475 154.695807 555.489908 nan 375.000000 69.000000 77.000000 nan 217.000000
358.173631 1762.771908 nan nan nan nan 101.000000 nan 0.000000 234.000000
nan 1749.643299 101.949025 561.416534 nan 601.000000 nan 435.000000 0.000000 168.000000
352.302904 nan 84.887893 553.531103 1054.000000 nan 164.000000 882.000000 0.000000 nan
351.194546 nan 104.767739 nan 721.000000 nan nan nan 0.000000 172.000000
353.772947 nan 116.832488 nan nan 278.000000 95.000000 nan 233.000000 224.000000
355.359515 1794.554461 nan nan nan nan nan nan 1577.000000 nan
nan nan 134.539499 530.221615 nan 599.000000 59.000000 nan nan nan
359.390901 nan 141.325498 547.514585 nan nan 61.000000 195.000000 1687.000000 146.000000
nan 1797.770595 nan 540.350266 253.000000 nan nan 74.000000 nan nan
359.956558 1796.210516 nan nan 327.000000 nan nan nan nan 178.000000
nan 1786.767317 157.711356 542.375342 150.000000 nan 61.000000 15.000000 69.000000 207.000000
360.043743 1785.385679 161.248938 nan 208.000000 nan nan 162.000000 0.000000 187.000000
nan nan nan 531.403114 nan nan nan 68.000000 0.000000 nan
nan 1766.409656 nan 544.453312 838.000000 398.000000 155.000000 358.000000 0.000000 198.000000
353.314452 nan nan nan nan nan nan nan 0.000000 192.000000
nan 1770.361777 98.157682 nan nan 313.000000 137.000000 65.000000 0.000000 207.000000
nan nan 114.341055 523.750778 nan 279.000000 nan nan 111.000000 219.000000
nan 1790.518287 123.331174 513.218485 nan nan 61.000000 17.000000 1809.000000 nan
357.839227 1789.302649 138.503151 517.400146 381.000000 nan nan 129.000000 1412.000000 153.000000
357.832222 nan 128.900810 526.920219 590.000000 641.000000 71.000000 218.000000 1042.000000 132.000000
359.689555 1799.348123 nan nan 213.000000 514.000000 60.000000 50.000000 1215.000000 nan
360.496941 1801.398293 nan nan nan nan 58.000000 11.000000 936.000000 nan
nan nan nan nan nan nan nan nan 456.000000 nan
360.741134 1789.147103 134.351413 541.391711 100.000000 nan nan nan 0.000000 nan
nan 1784.244161 107.654349 532.285276 nan nan 106.000000 208.000000 nan nan
nan 1770.517833 88.546362 nan nan 559.000000 150.000000 430.000000 0.000000 165.000000
nan nan 98.327186 nan 1264.000000 nan nan 963.000000 nan nan
nan nan 99.413878 517.742173 436.000000 448.000000 144.000000 214.000000 0.000000 186.000000
nan 1772.598529 nan nan 245.000000 nan 100.000000 nan 171.000000 nan
356.384302 nan 103.229773 498.393878 194.000000 nan nan nan nan 193.000000
358.953882 nan 143.060382 503.662129 nan nan nan 55.000000 2033.000000 197.000000
nan 1803.445044 nan 513.470710 260.000000 nan 61.000000 nan 1766.000000 200.000000
nan 1777.096406 125.562592 521.510010 nan 447.000000 58.000000 47.000000 1336.000000 184.000000
nan nan 153.004715 528.145933 150.000000 nan 64.000000 15.000000 nan nan
nan 1791.346124 141.521284 522.287416 nan nan nan nan nan nan
nan 1793.841225 139.502959 531.395771 152.000000 nan 80.000000 nan nan 207.000000
nan 1767.917866 nan 525.330775 404.000000 425.000000 nan nan 0.000000 nan
358.370824 1776.525357 102.171950 nan 819.000000 423.000000 nan nan 0.000000 178.000000
357.181494 1757.860540 nan nan 756.000000 nan 188.000000 175.000000 nan 176.000000
nan nan 119.498064 515.736491 495.000000 nan nan 316.000000 0.000000 188.000000
357.430184 1817.357828 138.634269 nan 314.000000 398.000000 nan 76.000000 nan nan
359.689015 1795.485030 130.340187 nan 229.000000 453.000000 71.000000 196.000000 743.000000 nan
nan 1810.964350 nan nan 495.000000 538.000000 nan nan 1455.000000 166.000000
363.783222 nan 136.049546 505.231146 nan nan 62.000000 126.000000 nan 158.000000
nan nan 140.996229 520.330115 275.000000 494.000000 69.000000 103.000000 nan 175.000000
nan 1815.974567 164.589961 524.280281 nan nan 62.000000 36.000000 622.000000 nan
363.819737 nan nan nan nan 460.000000 57.000000 nan 276.000000 nan
nan nan 132.992574 533.732879 nan nan nan 17.000000 nan 225.000000
361.798012 nan 97.566422 nan 483.000000 385.000000 nan 222.000000 0.000000 nan
nan 1780.926163 nan 536.794797 nan 478.000000 161.000000 nan nan 193.000000
356.811368 nan nan nan 1079.000000 nan 179.000000 nan 0.000000 nan
356.349382 1782.155267 82.732791 nan nan nan 153.000000 698.000000 nan nan
359.364344 1796.832143 nan nan 103.000000 nan 98.000000 nan nan nan
362.341248 nan nan nan 140.000000 433.000000 78.000000 nan 726.000000 nan
nan 1806.518354 nan nan 180.000000 nan 56.000000 32.000000 1624.000000 nan
364.076691 nan 141.389363 nan 112.000000 nan 56.000000 12.000000 1922.000000 216.000000
365.711003 nan 156.034053 nan 107.000000 359.000000 nan nan 613.000000 nan
365.328469 nan 153.908434 529.737200 nan 410.000000 nan 2.000000 nan nan
364.027671 1785.653357 114.973662 nan nan nan 66.000000 29.000000 nan nan
nan nan nan 540.023980 0.000000 413.000000 92.000000 0.000000 nan nan
363.245971 1775.749945 nan nan 256.000000 373.000000 nan 36.000000 0.000000 190.000000
nan nan 99.316716 542.247805 nan nan 169.000000 nan 0.000000 nan
359.176957 nan 108.189205 541.850538 nan 522.000000 170.000000 930.000000 nan 163.000000
357.966760 1807.171222 nan nan nan nan 144.000000 nan nan nan
360.352283 1813.846507 108.845645 498.870345 223.000000 nan nan nan 0.000000 198.000000
362.884238 1806.829488 106.677565 496.782415 nan 407.000000 71.000000 66.000000 nan nan
363.443737 1812.511094 nan nan nan 385.000000 nan nan nan nan
nan nan 131.237209 nan nan nan 61.000000 67.000000 1593.000000 nan
nan 1810.509079 nan 519.960956 250.000000 nan nan nan nan 179.000000
366.744872 1818.631751 nan 529.654546 nan nan 61.000000 nan 732.000000 201.000000
368.336623 nan 141.238366 533.916711 nan nan nan nan 215.000000 nan
366.596286 1804.613676 130.426070 nan 231.000000 403.000000 82.000000 nan 0.000000 207.000000
nan 1795.494167 nan 533.355160 nan nan 104.000000 59.000000 0.000000 nan
nan nan 83.735058 nan 794.000000 525.000000 nan 328.000000 0.000000 nan
nan 1773.725593 82.387466 514.012769 936.000000 nan nan nan nan nan
359.158823 nan 97.469020 502.871468 575.000000 433.000000 163.000000 nan 0.000000 160.000000
nan 1807.721427 nan 508.353298 197.000000 nan nan 108.000000 205.000000 190.000000
363.910049 nan 125.193060 nan nan nan 71.000000 54.000000 nan 182.000000
366.204748 1826.373290 146.779345 497.315618 384.000000 nan 54.000000 118.000000 2120.000000 149.000000
nan 1812.045773 173.537811 515.087506 nan nan 61.000000 nan 1526.000000 196.000000
nan nan 152.142720 nan nan 327.000000 nan nan 1360.000000 160.000000
369.080503 1823.817513 nan 525.718651 220.000000 nan 60.000000 nan 987.000000 nan
nan 1826.807146 nan 528.287653 110.000000 nan 54.000000 nan nan 211.000000
369.556356 1818.667139 154.059116 553.193380 nan 403.000000 76.000000 nan nan nan
366.045381 1818.317858 nan nan nan 330.000000 107.000000 nan 0.000000 nan
366.033793 nan nan 552.709879 998.000000 705.000000 nan nan 0.000000 169.000000
nan nan 114.008940 544.353058 731.000000 486.000000 nan 318.000000 0.000000 160.000000
363.512239 nan 99.704784 nan 440.000000 nan nan nan nan nan
365.734584 nan 160.196028 nan nan 404.000000 nan nan 0.000000 172.000000
nan 1833.885598 145.578491 nan 150.000000 367.000000 nan 51.000000 nan 187.000000
nan nan 144.380808 520.787608 nan nan nan 30.000000 nan nan
370.366209 nan 147.020380 529.547692 nan 415.000000 62.000000 nan 1512.000000 194.000000
371.286689 1834.813138 156.255408 nan 0.000000 nan 60.000000 nan 1169.000000 224.000000
nan nan 167.067670 538.757662 nan nan 62.000000 nan nan 209.000000
nan nan nan 541.842430 106.000000 nan 58.000000 nan 203.000000 196.000000
nan nan nan 536.527073 nan 394.000000 77.000000 10.000000 nan 225.000000
371.981542 1807.188142 106.995381 nan 485.000000 382.000000 nan nan 0.000000 nan
nan 1780.589010 nan nan nan 604.000000 164.000000 823.000000 0.000000 147.000000
365.083030 nan nan 536.378589 nan nan nan nan nan nan
363.219750 nan nan 507.874393 nan 512.000000 153.000000 422.000000 0.000000 nan
366.058101 nan nan 507.435465 nan 524.000000 nan 38.000000 nan nan
nan nan 101.774153 506.589017 0.000000 366.000000 70.000000 0.000000 1091.000000 nan
370.830369 1829.720649 nan nan nan 365.000000 nan 12.000000 2149.000000 179.000000
371.829253 nan 101.211586 524.311143 30.000000 nan 58.000000 3.000000 nan 209.000000
373.886296 nan 135.539142 526.766393 nan 322.000000 nan nan 1045.000000 nan
nan nan 134.175241 524.386619 138.000000 422.000000 58.000000 14.000000 1053.000000 196.000000
372.989495 nan 137.886971 530.968938 nan 468.000000 nan nan nan nan
nan nan nan nan 0.000000 410.000000 77.000000 nan 0.000000 nan
nan nan 91.256458 nan nan 504.000000 109.000000 nan 0.000000 178.000000
368.951025 nan nan nan 959.000000 500.000000 nan nan 0.000000 187.000000
367.629462 nan 81.850461 524.903820 711.000000 nan 168.000000 nan 0.000000 158.000000
nan 1791.655754 86.083406 nan 116.000000 438.000000 nan 67.000000 nan nan
368.898219 1812.924064 94.399885 nan 661.000000 464.000000 102.000000 nan nan nan
nan 1825.748202 nan 497.620111 276.000000 400.000000 65.000000 nan 1587.000000 177.000000
nan nan 118.198021 499.981438 165.000000 368.000000 nan 31.000000 2014.000000 nan
375.116194 1836.114299 nan 510.960631 nan 429.000000 57.000000 33.000000 1976.000000 159.000000
374.213499 1821.751108 123.200366 515.773224 136.000000 412.000000 nan 33.000000 1274.000000 nan
nan 1830.184976 134.861766 526.635470 194.000000 423.000000 nan 40.000000 813.000000 173.000000
374.974880 nan 140.070214 520.937613 nan 464.000000 nan nan 97.000000 nan
nan 1809.144546 111.159416 531.876215 100.000000 402.000000 nan nan nan 209.000000
371.960249 1792.111949 nan nan nan 326.000000 114.000000 nan nan nan
nan 1783.067000 85.238953 538.612583 594.000000 571.000000 166.000000 nan 0.000000 nan
371.388008 1785.853113 nan 526.772172 914.000000 454.000000 171.000000 624.000000 nan 160.000000
nan 1797.409571 91.076819 517.767061 293.000000 457.000000 154.000000 nan 0.000000 180.000000
nan nan 99.881955 508.758995 221.000000 396.000000 106.000000 64.000000 nan 192.000000
372.391300 1830.401159 nan 500.721822 163.000000 400.000000 79.000000 67.000000 537.000000 nan
nan 1835.755139 nan 481.309153 nan 406.000000 nan nan 2344.000000 nan
nan 1818.113279 nan nan 114.000000 nan 61.000000 15.000000 1450.000000 162.000000
375.122590 1829.714358 nan nan nan nan 62.000000 107.000000 nan 161.000000
375.917768 1829.436510 nan 519.393585 30.000000 430.000000 60.000000 3.000000 690.000000 177.000000
376.971730 1840.651504 144.326921 521.715833 nan 508.000000 nan 5.000000 nan nan
375.307567 1821.849188 nan nan nan 413.000000 79.000000 nan nan 199.000000
nan 1840.671215 115.355307 523.459474 239.000000 nan 120.000000 65.000000 0.000000 187.000000
372.911500 1810.175510 111.562449 nan nan nan 167.000000 nan nan nan
nan nan 113.744938 524.002622 877.000000 472.000000 184.000000 nan nan 153.000000
371.304654 1827.169321 115.566104 516.471242 494.000000 450.000000 157.000000 320.000000 0.000000 162.000000
373.474180 nan 131.321209 505.022421 371.000000 380.000000 110.000000 nan nan nan
374.453541 nan 131.560543 nan nan 402.000000 75.000000 10.000000 916.000000 nan
nan nan 147.196104 498.905864 nan 364.000000 60.000000 149.000000 nan 142.000000
nan 1766.348190 126.229730 nan 318.000000 nan nan 41.000000 nan 190.000000
nan 1759.511315 145.780319 535.718119 nan 399.000000 63.000000 146.000000 1231.000000 206.000000
nan 1756.890033 140.528837 540.325523 258.000000 nan 72.000000 nan nan 169.000000
357.899729 1757.868678 125.077435 541.081592 nan nan 87.000000 197.000000 nan nan
nan nan 120.349605 551.656160 nan 496.000000 115.000000 109.000000 0.000000 191.000000
nan nan 104.393175 nan nan nan 168.000000 91.000000 nan 186.000000
nan nan nan nan 936.000000 592.000000 174.000000 1400.000000 13.000000 143.000000
350.518838 1740.314025 90.515585 532.833885 894.000000 nan 173.000000 1152.000000 31.000000 149.000000
nan 1761.399950 93.562551 nan nan 575.000000 nan 1170.000000 0.000000 141.000000
nan nan 160.374314 nan nan nan nan 365.000000 nan nan
354.472846 nan 101.789027 nan nan 464.000000 nan nan nan 174.000000
355.632065 1775.476516 127.996103 nan 221.000000 504.000000 nan 82.000000 1485.000000 nan
356.824299 nan 140.017529 nan 486.000000 nan 66.000000 236.000000 nan nan
357.903170 nan 121.072103 nan 128.000000 514.000000 nan 58.000000 829.000000 168.000000
358.993898 1787.014982 169.087375 nan nan 508.000000 nan nan 298.000000 179.000000
nan 1772.341275 170.479202 555.663382 nan nan 78.000000 54.000000 nan nan
359.772110 1774.970744 153.982724 557.074384 219.000000 nan 113.000000 300.000000 nan nan
nan nan nan 550.744104 375.000000 nan nan nan nan nan
nan 1748.467272 104.779412 nan 924.000000 nan nan 1352.000000 26.000000 149.000000
352.441046 nan nan 553.935151 nan nan 175.000000 nan 10.000000 153.000000
351.194711 nan 105.360052 532.072779 662.000000 575.000000 148.000000 932.000000 99.000000 nan
nan nan nan nan nan 322.000000 112.000000 54.000000 nan nan
nan 1793.763363 125.840291 nan 224.000000 nan nan nan 1077.000000 nan
357.979609 nan 133.701664 nan nan nan 66.000000 519.000000 nan 126.000000
nan nan 142.329655 nan 523.000000 657.000000 61.000000 362.000000 1700.000000 132.000000
359.351431 1798.150345 nan 541.306778 434.000000 nan 69.000000 nan nan 154.000000
359.914977 1795.948199 nan nan 194.000000 513.000000 nan 107.000000 nan 184.000000
359.920992 nan nan nan nan 471.000000 nan 99.000000 299.000000 nan
nan 1784.175733 158.843791 nan 512.000000 597.000000 nan 681.000000 nan 162.000000
357.316654 1764.980344 nan 532.716910 nan 370.000000 nan 189.000000 nan nan
356.839453 nan nan 543.605501 nan 460.000000 172.000000 nan 1.000000 176.000000
nan 1753.278787 106.706814 nan nan nan nan nan 0.000000 nan
nan nan 99.797469 542.284749 nan nan 150.000000 277.000000 nan 186.000000
nan 1787.174283 115.886681 nan 204.000000 nan nan 98.000000 nan nan
355.776092 nan nan nan nan nan nan 81.000000 1361.000000 192.000000
357.824279 1789.395273 nan 517.748757 nan nan 67.000000 198.000000 nan nan
357.797126 nan nan 527.238419 489.000000 nan nan nan 866.000000 nan
359.687375 1800.116672 149.211014 nan 206.000000 nan 72.000000 50.000000 nan 152.000000
360.605246 nan 143.001857 541.324380 104.000000 nan 68.000000 58.000000 750.000000 184.000000
362.299328 1801.733452 150.217440 nan 184.000000 nan 77.000000 79.000000 502.000000 nan
360.615782 1789.422652 134.554744 541.483297 nan 439.000000 nan nan nan nan
358.004914 nan nan 533.618132 nan nan 140.000000 316.000000 0.000000 188.000000
nan 1772.478678 nan 531.715267 nan 540.000000 nan 707.000000 6.000000 nan
353.992300 1767.095070 98.114199 522.596588 691.000000 471.000000 nan nan nan nan
nan 1764.979327 99.635434 nan nan 497.000000 156.000000 nan 52.000000 nan
nan nan 87.846893 nan nan 382.000000 nan nan 360.000000 184.000000
356.207522 nan nan nan 158.000000 426.000000 76.000000 nan 1120.000000 nan
nan nan 147.128553 nan 171.000000 nan 62.000000 nan 1430.000000 176.000000
nan nan 142.294504 nan 292.000000 nan 61.000000 nan nan nan
359.884250 1776.672271 nan 521.903759 105.000000 433.000000 nan nan 1164.000000 nan
362.467741 nan 152.903848 528.761493 nan nan 76.000000 6.000000 nan nan
361.970156 nan 143.673201 nan 100.000000 nan 83.000000 10.000000 nan 201.000000
nan 1793.591722 nan 531.629665 nan nan nan nan nan 177.000000
nan 1767.929136 103.356969 nan 250.000000 438.000000 nan 279.000000 0.000000 195.000000
358.381851 1774.889691 nan 534.674423 nan nan 185.000000 371.000000 0.000000 176.000000
357.198399 1759.926591 nan nan 477.000000 468.000000 nan nan nan nan
354.081103 nan 121.658926 nan 378.000000 459.000000 nan 159.000000 nan nan
nan nan 141.227274 nan nan 432.000000 nan nan nan 182.000000
nan 1796.892015 nan 502.502909 234.000000 476.000000 86.000000 160.000000 455.000000 nan
361.116807 nan 162.044149 nan 362.000000 nan nan nan nan 155.000000
363.858003 1818.293608 138.723243 nan nan 560.000000 68.000000 nan 1140.000000 nan
362.316157 nan nan 520.440199 nan 495.000000 nan 109.000000 375.000000 174.000000
nan nan nan 524.883771 167.000000 nan nan 117.000000 nan 166.000000
nan 1806.882972 147.560212 nan nan 477.000000 81.000000 nan nan nan
nan nan nan 533.989650 nan 504.000000 115.000000 69.000000 nan 197.000000
nan 1770.246341 99.444493 nan 565.000000 nan nan 275.000000 nan nan
360.191724 1780.904953 nan nan nan 474.000000 172.000000 130.000000 nan nan
nan nan nan nan nan nan 195.000000 424.000000 nan nan
nan nan nan 523.016809 680.000000 555.000000 165.000000 nan 0.000000 150.000000
359.471311 1796.594807 nan 508.235155 nan nan 110.000000 nan nan 204.000000
nan 1818.256947 nan 498.225370 130.000000 nan 90.000000 nan 314.000000 nan
361.130950 nan nan 506.944849 185.000000 519.000000 65.000000 120.000000 nan 161.000000
364.058846 nan nan 527.155009 200.000000 nan 61.000000 nan 1564.000000 194.000000
365.293581 nan 158.958615 nan 113.000000 nan nan nan 480.000000 177.000000
365.379766 1816.651510 nan 530.577610 104.000000 413.000000 66.000000 nan nan nan
364.199246 1790.237899 119.451815 530.425538 nan nan nan nan nan nan
nan 1794.390238 nan 540.114526 20.000000 463.000000 126.000000 nan nan 219.000000
nan 1777.062041 nan 550.076167 537.000000 nan 156.000000 530.000000 0.000000 173.000000
361.969181 nan nan nan nan 455.000000 nan 500.000000 0.000000 153.000000
359.185566 1779.889880 111.647455 nan nan nan 188.000000 498.000000 nan 151.000000
357.977995 1808.660264 115.921041 516.145759 522.000000 nan 161.000000 nan nan 157.000000
nan nan nan nan nan nan 116.000000 nan nan 187.000000
362.817882 nan nan 497.202244 177.000000 431.000000 nan nan nan nan
363.337793 1812.434959 120.117820 505.728000 0.000000 nan 63.000000 0.000000 nan nan
364.726889 nan nan nan nan nan 65.000000 40.000000 1299.000000 nan
366.581586 1811.523739 nan 520.368464 433.000000 nan nan 261.000000 nan nan
nan 1819.271421 nan nan nan 447.000000 73.000000 39.000000 550.000000 187.000000
nan 1817.461659 143.584431 533.702679 nan 544.000000 nan nan nan 172.000000
366.570331 nan nan 534.325697 403.000000 486.000000 119.000000 nan 0.000000 183.000000
365.302936 nan 122.118256 nan 467.000000 425.000000 139.000000 nan 18.000000 nan
361.723260 1791.401966 85.999353 524.917172 458.000000 nan nan nan nan 175.000000
nan 1775.821815 83.958005 nan nan 459.000000 179.000000 608.000000 nan nan
nan 1792.104565 97.333050 nan nan nan 185.000000 228.000000 nan 155.000000
nan 1812.818409 123.706957 nan nan nan nan nan 144.000000 nan
nan nan 125.617468 nan nan 406.000000 nan nan nan nan
366.212352 1827.896166 149.402191 497.636852 566.000000 463.000000 nan nan nan 141.000000
366.865663 nan nan nan 100.000000 nan 66.000000 17.000000 1270.000000 183.000000
367.724242 nan 152.416997 517.691833 nan 364.000000 71.000000 nan 831.000000 160.000000
nan nan nan 525.874773 171.000000 384.000000 67.000000 66.000000 854.000000 nan
369.598268 1825.835372 nan nan nan 483.000000 71.000000 13.000000 686.000000 nan
369.539359 1819.705524 156.297224 555.053901 101.000000 435.000000 nan 17.000000 nan nan
366.260169 1820.026749 137.576649 544.165403 nan nan 149.000000 66.000000 0.000000 208.000000
366.017366 nan nan 553.588786 nan nan 196.000000 nan nan 167.000000
nan 1805.764932 114.575005 544.464825 nan nan 184.000000 228.000000 nan nan
nan 1803.394145 nan 534.724483 332.000000 nan 184.000000 93.000000 0.000000 160.000000
365.784762 nan nan 523.969441 552.000000 nan 132.000000 448.000000 nan 157.000000
367.736853 1834.164696 145.669218 nan 128.000000 402.000000 88.000000 nan 303.000000 nan
nan nan nan 520.947040 237.000000 nan 62.000000 130.000000 1413.000000 nan
370.347035 nan nan 529.883243 nan nan 67.000000 23.000000 nan 192.000000
371.295511 1835.708513 nan 533.489483 0.000000 nan 70.000000 0.000000 nan 219.000000
nan 1835.461695 nan 538.860600 225.000000 nan 72.000000 nan nan 193.000000
372.241535 1825.843858 149.349168 541.715939 20.000000 nan nan 2.000000 nan nan
372.118408 1834.458331 nan 536.790704 nan nan 110.000000 nan nan 194.000000
371.796433 1809.693251 108.918217 539.672664 488.000000 409.000000 nan 916.000000 0.000000 163.000000
366.794579 1780.002056 nan 534.429021 nan nan 180.000000 nan 0.000000 nan
365.065027 1790.693111 79.989338 nan 587.000000 nan nan nan 0.000000 162.000000
nan 1810.368015 94.695418 508.372731 nan 660.000000 167.000000 299.000000 nan nan
366.057529 1807.645154 98.546663 507.363668 30.000000 nan nan 3.000000 nan 180.000000
369.292437 nan nan 506.650078 nan 394.000000 82.000000 nan nan nan
370.843885 nan nan nan 137.000000 369.000000 60.000000 14.000000 1711.000000 159.000000
371.518490 1820.246698 101.232141 nan nan 399.000000 66.000000 nan nan nan
373.941370 1834.756907 nan 526.546273 0.000000 nan 76.000000 nan nan nan
372.512759 1828.864893 134.553063 nan 60.000000 463.000000 72.000000 6.000000 478.000000 nan
373.014915 1826.643561 138.370915 530.890876 149.000000 515.000000 86.000000 nan 77.000000 208.000000
373.129953 1818.596610 126.347339 534.765062 20.000000 nan 124.000000 nan 0.000000 215.000000
370.954035 nan nan 531.368371 808.000000 546.000000 145.000000 823.000000 nan 155.000000
nan nan 83.141631 nan nan 441.000000 179.000000 358.000000 2.000000 185.000000
367.633917 nan 81.863472 524.926070 386.000000 504.000000 178.000000 179.000000 0.000000 nan
367.598056 1789.416849 nan 513.442550 180.000000 nan 159.000000 nan 0.000000 nan
368.650670 1812.887151 94.621233 502.626189 533.000000 495.000000 nan 411.000000 15.000000 nan
370.157869 nan nan nan 301.000000 nan 75.000000 178.000000 1125.000000 nan
372.628873 1831.713401 nan 500.350121 212.000000 378.000000 64.000000 72.000000 nan nan
374.878892 1837.026337 127.134283 511.257164 272.000000 445.000000 60.000000 82.000000 1465.000000 nan
374.206189 1821.784434 122.682713 nan nan 439.000000 66.000000 nan 856.000000 nan
374.675682 1830.597631 134.707900 526.944066 211.000000 425.000000 71.000000 99.000000 632.000000 nan
nan 1831.233819 nan nan 100.000000 518.000000 86.000000 10.000000 nan 187.000000
nan 1809.747057 nan 531.973063 nan nan 115.000000 46.000000 0.000000 186.000000
nan 1792.087461 nan 535.674258 331.000000 nan 150.000000 178.000000 nan 157.000000
nan nan 85.281200 nan nan 514.000000 186.000000 131.000000 0.000000 154.000000
nan nan 86.100314 527.076320 790.000000 487.000000 185.000000 nan nan 146.000000
370.308350 1796.455101 91.313555 nan 277.000000 500.000000 171.000000 nan 0.000000 150.000000
369.591693 nan 99.935648 nan 100.000000 428.000000 nan 17.000000 nan nan
372.408381 nan 118.835167 500.821198 nan 415.000000 95.000000 nan 154.000000 150.000000
374.523141 1835.873720 nan 488.367422 106.000000 nan nan nan nan 163.000000
nan 1817.523863 113.762817 nan nan 443.000000 65.000000 10.000000 1268.000000 157.000000
nan nan nan 514.747971 nan 421.000000 66.000000 194.000000 nan nan
375.822900 1828.710798 139.013871 nan 104.000000 437.000000 70.000000 nan 643.000000 nan
nan 1842.849253 nan nan 102.000000 nan 97.000000 nan nan nan
375.310628 1822.100047 nan nan 70.000000 428.000000 113.000000 7.000000 nan nan
nan nan 115.455109 nan 236.000000 nan nan 171.000000 0.000000 nan
372.888273 1811.895421 113.072388 540.209688 576.000000 nan nan nan 0.000000 nan
369.606261 nan 115.621398 524.349340 nan nan 197.000000 nan nan 148.000000
371.233981 nan 115.909574 516.957550 nan 488.000000 171.000000 nan 0.000000 148.000000
nan 1839.598813 nan 505.203515 492.000000 404.000000 131.000000 462.000000 0.000000 nan
374.428354 1841.675536 nan 509.674914 150.000000 nan nan nan 775.000000 160.000000
nan 1902.242340 149.497282 nan nan nan nan 275.000000 1415.000000 139.000000
356.149791 1766.366175 nan 533.417351 300.000000 nan nan nan nan nan
nan 1760.263585 nan 535.827108 488.000000 nan 80.000000 nan nan 175.000000
nan nan 140.622220 nan 533.000000 585.000000 93.000000 265.000000 152.000000 156.000000
357.960964 1759.217149 124.452587 nan nan nan 120.000000 476.000000 0.000000 nan
nan 1762.238376 120.821182 552.291485 nan nan 160.000000 200.000000 0.000000 nan
nan nan 104.335455 546.351980 nan nan 217.000000 30.000000 nan 155.000000
353.482113 1740.595151 nan 544.116974 nan 555.000000 201.000000 618.000000 nan nan
350.549238 nan nan 532.780060 nan nan 205.000000 1286.000000 24.000000 135.000000
350.813192 nan 93.785522 540.826040 715.000000 nan 189.000000 1043.000000 0.000000 119.000000
353.749374 nan 159.095994 nan nan nan nan nan nan 153.000000
354.594359 nan 101.745672 nan nan 502.000000 100.000000 159.000000 112.000000 nan
nan nan 126.145360 524.753467 276.000000 486.000000 nan 88.000000 1382.000000 147.000000
356.792093 nan nan nan 673.000000 650.000000 71.000000 nan nan nan
357.917750 1772.985844 118.968021 nan nan 530.000000 nan nan 662.000000 152.000000
nan nan 169.512229 544.558346 nan 532.000000 92.000000 91.000000 41.000000 164.000000
nan 1771.794414 170.521981 nan 377.000000 541.000000 111.000000 680.000000 47.000000 nan
359.724569 1772.697469 153.240577 558.564025 572.000000 524.000000 nan 266.000000 0.000000 168.000000
357.959076 1758.301096 125.416418 nan 578.000000 nan nan nan 1.000000 nan
nan 1747.212110 nan nan nan nan 195.000000 nan 20.000000 134.000000
352.560746 1727.354664 86.009969 554.363670 527.000000 nan 210.000000 nan nan 149.000000
351.185671 1773.452078 105.965483 nan 740.000000 nan nan nan 39.000000 114.000000
nan 1766.380300 116.531848 nan 245.000000 nan 134.000000 nan nan 161.000000
355.475834 nan 127.628887 nan 382.000000 464.000000 85.000000 134.000000 803.000000 143.000000
nan 1791.585132 132.906179 530.170019 1027.000000 nan nan 481.000000 nan 117.000000
359.363131 nan nan nan 688.000000 689.000000 73.000000 415.000000 nan 115.000000
359.359312 1798.629952 nan nan 823.000000 591.000000 nan 677.000000 nan nan
nan nan 162.479686 541.812539 nan nan nan 198.000000 nan 165.000000
359.906779 nan 158.143636 nan nan nan 113.000000 291.000000 106.000000 160.000000
nan nan nan 541.465811 nan 625.000000 148.000000 1184.000000 95.000000 135.000000
nan 1763.136716 112.327838 nan 530.000000 468.000000 nan nan nan 153.000000
356.879771 1768.686742 nan nan nan nan nan nan 0.000000 nan
353.479188 nan 111.215264 545.145248 599.000000 nan 204.000000 nan 17.000000 149.000000
351.722015 1771.618804 nan 541.491199 353.000000 nan 183.000000 617.000000 17.000000 nan
nan 1789.949221 nan 523.297328 nan nan nan 37.000000 33.000000 171.000000
nan 1790.847902 nan nan nan nan nan nan 959.000000 155.000000
357.809564 1790.046747 nan 518.103581 nan 564.000000 nan nan 896.000000 138.000000
nan 1790.888249 nan nan 556.000000 nan 72.000000 215.000000 1032.000000 nan
359.684828 1800.892480 nan nan nan 552.000000 79.000000 52.000000 676.000000 145.000000
nan nan 143.456326 nan 159.000000 nan nan 70.000000 432.000000 168.000000
nan 1802.027354 150.501995 542.517319 339.000000 468.000000 108.000000 149.000000 170.000000 176.000000
360.497049 1789.697696 nan 541.574996 nan nan 150.000000 365.000000 nan 168.000000
358.044464 nan nan nan nan nan 189.000000 83.000000 nan 147.000000
355.548771 1774.638136 89.404197 532.076246 nan 507.000000 213.000000 nan 0.000000 143.000000
354.138158 1766.546777 98.278007 522.979967 671.000000 455.000000 216.000000 nan nan nan
nan 1766.478540 99.856989 519.819759 368.000000 504.000000 181.000000 231.000000 nan nan
356.012835 1772.268641 nan 524.378546 nan 394.000000 nan nan 185.000000 157.000000
nan nan nan nan nan nan nan nan 953.000000 157.000000
358.748235 nan nan nan nan nan 81.000000 209.000000 nan nan
359.624492 nan 143.880574 513.628042 582.000000 519.000000 nan 185.000000 nan nan
359.795157 nan 126.759828 522.309867 nan 478.000000 73.000000 nan nan 166.000000
nan 1801.514924 153.012728 529.405892 322.000000 563.000000 94.000000 129.000000 139.000000 nan
nan nan nan nan nan 488.000000 110.000000 nan 152.000000 nan
nan nan 143.734802 531.888435 476.000000 609.000000 161.000000 nan nan nan
