356.585789 1766.396405 126.187110 532.382747 374.000000 335.000000 85.000000 100.000000 948.000000 178.000000
356.549272 1757.773145 145.375587 535.285785 333.000000 342.000000 78.000000 47.000000 1071.000000 177.000000
357.210783 1758.540476 140.155320 540.373347 117.000000 355.000000 82.000000 17.000000 595.000000 190.000000
357.746027 1754.087282 127.839251 541.006355 40.000000 370.000000 93.000000 4.000000 94.000000 179.000000
358.015648 1762.010123 118.493647 548.743698 100.000000 331.000000 97.000000 169.000000 158.000000 180.000000
356.412223 1748.340444 104.639636 546.565432 0.000000 312.000000 122.000000 0.000000 0.000000 194.000000
352.742498 1740.414461 101.933438 541.112598 90.000000 451.000000 163.000000 9.000000 0.000000 177.000000
350.394156 1739.274822 88.607186 533.037730 573.000000 376.000000 169.000000 197.000000 0.000000 178.000000
350.816383 1760.665041 93.039363 539.775379 187.000000 385.000000 160.000000 368.000000 0.000000 183.000000
353.324401 1775.538264 164.376779 529.846100 222.000000 254.000000 125.000000 389.000000 1.000000 208.000000
354.067681 1769.747514 102.953644 534.592211 135.000000 307.000000 106.000000 36.000000 335.000000 182.000000
355.966765 1775.834969 135.691882 525.060515 278.000000 396.000000 84.000000 50.000000 1155.000000 177.000000
356.949070 1772.305984 137.611814 541.867982 592.000000 419.000000 88.000000 230.000000 684.000000 154.000000
357.871745 1770.753738 130.391314 541.276907 348.000000 374.000000 101.000000 308.000000 259.000000 180.000000
358.931669 1786.436767 167.292216 544.078181 561.000000 472.000000 80.000000 179.000000 766.000000 155.000000
360.115007 1776.103499 170.219530 554.094188 20.000000 324.000000 92.000000 2.000000 138.000000 196.000000
360.127157 1786.946881 156.474302 550.397956 50.000000 334.000000 91.000000 5.000000 328.000000 178.000000
358.577741 1770.225555 117.817195 550.542252 0.000000 354.000000 103.000000 0.000000 134.000000 187.000000
355.281178 1752.613357 92.554847 560.147652 50.000000 392.000000 156.000000 5.000000 1.000000 191.000000
351.811961 1729.664114 83.269969 552.512301 401.000000 404.000000 160.000000 103.000000 0.000000 179.000000
351.142069 1774.099239 102.994270 531.041461 215.000000 414.000000 155.000000 278.000000 22.000000 175.000000
353.794959 1771.319756 117.314349 528.594068 202.000000 341.000000 133.000000 86.000000 0.000000 196.000000
355.329924 1798.073078 119.185540 550.739012 144.000000 343.000000 104.000000 39.000000 221.000000 178.000000
357.800709 1788.379276 137.120635 530.299001 559.000000 575.000000 95.000000 589.000000 410.000000 147.000000
359.446833 1808.328267 139.366761 545.310098 411.000000 439.000000 85.000000 100.000000 627.000000 154.000000
359.364893 1797.122568 159.984442 536.827884 664.000000 491.000000 94.000000 347.000000 78.000000 147.000000
360.127512 1797.172217 162.017994 540.851323 896.000000 456.000000 92.000000 368.000000 322.000000 154.000000
360.014712 1788.702392 157.758433 541.947689 120.000000 329.000000 102.000000 12.000000 0.000000 182.000000
360.588156 1790.024062 168.320116 541.069066 100.000000 423.000000 108.000000 72.000000 0.000000 167.000000
357.426836 1772.404944 115.914108 528.304023 0.000000 338.000000 125.000000 0.000000 0.000000 184.000000
356.474236 1766.629675 107.377830 546.994916 60.000000 371.000000 160.000000 6.000000 0.000000 175.000000
352.937925 1749.747769 89.269097 546.655309 510.000000 441.000000 183.000000 51.000000 0.000000 171.000000
351.839338 1768.784314 94.129294 544.355829 116.000000 328.000000 161.000000 45.000000 0.000000 187.000000
354.620118 1780.562044 110.422012 523.932210 139.000000 344.000000 128.000000 59.000000 0.000000 191.000000
355.739729 1790.282858 122.135564 512.350395 112.000000 303.000000 103.000000 33.000000 423.000000 178.000000
357.884562 1792.286880 140.796519 516.397803 666.000000 533.000000 92.000000 473.000000 794.000000 146.000000
358.053892 1788.265645 128.566942 525.980380 757.000000 612.000000 96.000000 531.000000 301.000000 134.000000
359.693002 1797.131812 146.359401 531.014498 650.000000 506.000000 95.000000 409.000000 391.000000 145.000000
360.256873 1801.151195 141.147928 542.721113 388.000000 400.000000 93.000000 56.000000 227.000000 175.000000
361.993826 1800.477549 149.052690 541.240893 0.000000 307.000000 92.000000 0.000000 187.000000 202.000000
361.142021 1788.325078 133.733763 541.118025 100.000000 381.000000 103.000000 12.000000 0.000000 179.000000
357.581031 1782.228520 101.175925 528.061005 0.000000 284.000000 120.000000 0.000000 0.000000 185.000000
355.589182 1765.812449 87.216036 530.209066 50.000000 411.000000 153.000000 5.000000 1.000000 188.000000
353.327930 1769.907877 100.463637 521.046103 291.000000 421.000000 161.000000 40.000000 0.000000 173.000000
353.708265 1764.054210 98.749199 514.733555 136.000000 340.000000 157.000000 55.000000 19.000000 194.000000
356.014181 1776.479058 90.299883 487.555445 132.000000 431.000000 136.000000 32.000000 0.000000 189.000000
357.048889 1796.431917 109.132472 497.414917 389.000000 425.000000 102.000000 286.000000 476.000000 181.000000
359.116274 1813.557609 135.017667 503.290717 205.000000 396.000000 93.000000 64.000000 524.000000 190.000000
360.438751 1807.703750 145.365649 513.234757 186.000000 321.000000 97.000000 72.000000 419.000000 193.000000
360.435554 1779.188766 125.879922 520.422438 444.000000 443.000000 86.000000 215.000000 732.000000 171.000000
362.499833 1802.170173 154.441345 nan 321.000000 445.000000 95.000000 63.000000 118.000000 179.000000
361.964235 1789.005998 137.116839 521.368175 30.000000 383.000000 92.000000 3.000000 59.000000 185.000000
361.761086 1794.942981 136.152867 530.848560 100.000000 418.000000 102.000000 32.000000 63.000000 175.000000
359.839210 1768.076319 103.414702 519.160524 0.000000 422.000000 129.000000 0.000000 0.000000 186.000000
358.297892 1782.178991 98.702053 522.512605 60.000000 415.000000 163.000000 6.000000 0.000000 188.000000
nan 1754.512137 141.941704 540.901845 311.000000 410.000000 186.000000 47.000000 0.000000 161.000000
355.920217 1767.575094 116.201078 512.911704 344.000000 377.000000 169.000000 442.000000 0.000000 177.000000
358.124767 1813.190388 133.846924 499.978693 130.000000 360.000000 124.000000 30.000000 110.000000 194.000000
359.628112 1794.023330 128.925890 502.272767 244.000000 446.000000 91.000000 38.000000 791.000000 171.000000
362.357162 1811.702030 145.575334 506.804119 653.000000 489.000000 92.000000 298.000000 510.000000 161.000000
363.636356 1812.791099 nan 500.624001 606.000000 544.000000 91.000000 382.000000 288.000000 141.000000
362.244554 1801.048161 136.243404 520.075810 368.000000 421.000000 105.000000 104.000000 0.000000 166.000000
363.145200 nan 162.499001 522.950037 276.000000 425.000000 96.000000 36.000000 0.000000 163.000000
363.843274 1804.977282 146.622425 522.518663 220.000000 359.000000 92.000000 22.000000 268.000000 nan
363.960651 1806.880139 132.537045 533.113566 30.000000 395.000000 93.000000 3.000000 215.000000 158.000000
361.879640 nan 93.097327 536.200065 0.000000 343.000000 119.000000 0.000000 59.000000 194.000000
359.914951 1780.842836 99.488059 533.512937 90.000000 398.000000 nan 9.000000 0.000000 191.000000
356.766512 1789.013747 87.573096 527.336616 190.000000 387.000000 182.000000 19.000000 0.000000 nan
356.340922 1781.710470 80.955048 523.296928 128.000000 489.000000 190.000000 45.000000 0.000000 178.000000
359.118263 1798.635430 96.875812 506.448924 130.000000 314.000000 127.000000 21.000000 18.000000 206.000000
362.125229 1801.543016 116.205648 498.674791 112.000000 384.000000 112.000000 32.000000 16.000000 186.000000
361.618783 1803.708532 106.016414 506.823158 106.000000 383.000000 101.000000 87.000000 469.000000 179.000000
364.108406 1813.130829 136.794759 519.625661 110.000000 413.000000 88.000000 11.000000 346.000000 178.000000
366.879263 1811.318556 nan 523.063972 132.000000 338.000000 95.000000 38.000000 64.000000 152.000000
365.163684 1813.794682 148.191968 527.347657 160.000000 413.000000 nan 16.000000 320.000000 nan
363.683789 1774.264694 nan 529.417023 20.000000 350.000000 105.000000 2.000000 0.000000 182.000000
366.232410 nan 127.077597 539.820231 50.000000 350.000000 109.000000 nan 0.000000 186.000000
363.272005 1774.029144 112.929404 551.310672 0.000000 338.000000 122.000000 nan 1.000000 198.000000
361.979046 1774.326411 94.627612 544.505296 700.000000 425.000000 167.000000 70.000000 0.000000 162.000000
359.150343 1774.729172 100.474038 538.965608 210.000000 412.000000 171.000000 21.000000 0.000000 159.000000
357.932766 nan 112.145050 514.398616 191.000000 358.000000 162.000000 46.000000 nan 164.000000
359.950224 1816.413925 111.212630 497.308480 130.000000 317.000000 124.000000 39.000000 49.000000 187.000000
363.102952 1804.433067 106.946641 495.684004 144.000000 322.000000 107.000000 41.000000 100.000000 171.000000
363.779954 1816.188634 123.061897 504.273603 212.000000 400.000000 99.000000 107.000000 80.000000 163.000000
364.888092 1816.050437 130.501201 519.564858 425.000000 413.000000 101.000000 125.000000 92.000000 131.000000
366.394219 1807.767776 134.372708 518.882558 105.000000 314.000000 86.000000 46.000000 683.000000 166.000000
366.723090 1820.014832 149.332262 528.605296 120.000000 365.000000 86.000000 12.000000 301.000000 198.000000
nan 1808.131238 134.766369 535.381525 nan 360.000000 92.000000 9.000000 148.000000 171.000000
366.742049 1804.629843 130.994221 533.509514 30.000000 350.000000 132.000000 3.000000 0.000000 179.000000
365.659108 1797.685476 110.735655 532.643707 0.000000 338.000000 124.000000 0.000000 0.000000 178.000000
361.595980 1785.218376 78.898512 524.183813 110.000000 425.000000 155.000000 11.000000 0.000000 194.000000
358.918224 1772.183562 80.003417 513.649977 130.000000 415.000000 181.000000 13.000000 0.000000 173.000000
359.244470 1794.980358 98.091089 501.953666 258.000000 360.000000 nan 31.000000 0.000000 159.000000
362.162137 1797.118285 108.387187 507.141390 130.000000 323.000000 128.000000 30.000000 23.000000 187.000000
nan 1809.538773 123.992347 491.401216 158.000000 350.000000 112.000000 17.000000 0.000000 187.000000
366.148752 1822.473988 141.872947 496.578665 654.000000 400.000000 89.000000 486.000000 736.000000 160.000000
366.775637 1810.622640 167.000129 514.659726 383.000000 413.000000 95.000000 nan 379.000000 155.000000
367.681065 1816.594485 151.332391 516.609148 685.000000 304.000000 88.000000 528.000000 520.000000 144.000000
369.016976 1819.458028 160.848551 525.268087 519.000000 413.000000 89.000000 186.000000 307.000000 164.000000
369.458112 1830.483848 171.368335 526.735991 50.000000 363.000000 88.000000 5.000000 565.000000 177.000000
369.722974 1818.264596 150.466078 546.930622 90.000000 316.000000 101.000000 9.000000 28.000000 156.000000
nan 1816.742359 128.425037 541.323769 0.000000 338.000000 123.000000 0.000000 0.000000 173.000000
366.065468 nan 110.058794 549.598864 160.000000 425.000000 175.000000 16.000000 0.000000 178.000000
362.669980 1800.858318 114.668924 544.864021 450.000000 400.000000 193.000000 58.000000 0.000000 172.000000
363.530553 1795.907061 94.165317 534.535443 229.000000 356.000000 164.000000 71.000000 0.000000 177.000000
365.575272 1837.087060 157.289425 525.119688 130.000000 321.000000 122.000000 16.000000 183.000000 206.000000
367.737755 1833.354023 145.506412 528.114314 194.000000 nan 102.000000 27.000000 307.000000 184.000000
368.992274 1836.247810 150.258194 520.398757 256.000000 340.000000 89.000000 99.000000 887.000000 184.000000
370.421170 1829.211372 143.435591 528.769069 233.000000 413.000000 92.000000 25.000000 562.000000 176.000000
371.244240 1832.356710 154.342192 532.899454 198.000000 400.000000 84.000000 31.000000 772.000000 185.000000
372.838931 1837.037144 172.528761 538.550419 110.000000 nan 83.000000 17.000000 727.000000 188.000000
372.501501 1829.667286 153.450389 542.376030 30.000000 nan 81.000000 3.000000 614.000000 182.000000
372.349239 nan 149.999172 535.946646 30.000000 312.000000 nan 3.000000 355.000000 185.000000
372.531865 1802.908149 102.767870 539.938676 0.000000 nan 119.000000 0.000000 31.000000 187.000000
366.831733 1780.813080 86.275284 534.798754 320.000000 425.000000 159.000000 32.000000 0.000000 181.000000
365.125703 1783.358971 81.580265 536.039740 150.000000 400.000000 163.000000 15.000000 0.000000 200.000000
nan 1815.894153 109.184162 506.646276 263.000000 357.000000 154.000000 154.000000 31.000000 191.000000
366.052414 1808.469160 102.142407 507.690110 130.000000 329.000000 120.000000 30.000000 54.000000 212.000000
370.284384 1832.498463 103.872157 506.394139 nan nan 110.000000 23.000000 119.000000 196.000000
370.790094 1829.918142 121.925954 509.857996 125.000000 400.000000 86.000000 45.000000 948.000000 184.000000
373.203640 nan 105.091045 nan 109.000000 413.000000 90.000000 38.000000 553.000000 160.000000
373.764663 1833.035778 135.018514 527.425774 168.000000 400.000000 91.000000 47.000000 408.000000 160.000000
372.526644 nan 133.572276 524.074186 264.000000 368.000000 88.000000 40.000000 462.000000 nan
372.933317 1824.139083 137.057010 531.203428 nan 350.000000 95.000000 0.000000 96.000000 200.000000
373.245747 1823.262820 126.720634 534.578640 30.000000 350.000000 107.000000 3.000000 0.000000 187.000000
371.073651 1797.268199 92.294897 531.134855 30.000000 338.000000 126.000000 3.000000 0.000000 176.000000
368.675389 1793.168065 nan 536.694649 90.000000 425.000000 159.000000 9.000000 nan 190.000000
367.625523 nan 80.990781 524.794193 140.000000 402.000000 175.000000 14.000000 0.000000 182.000000
368.961483 1799.700609 89.446388 511.307884 116.000000 367.000000 nan 45.000000 0.000000 191.000000
369.886434 1813.314775 93.628492 500.476455 210.000000 325.000000 127.000000 nan 12.000000 nan
370.084199 1824.200797 104.594032 496.788101 237.000000 350.000000 92.000000 33.000000 749.000000 180.000000
373.751257 1834.034535 118.507974 499.244967 106.000000 347.000000 91.000000 45.000000 546.000000 184.000000
nan 1833.522268 123.834489 510.257432 526.000000 413.000000 94.000000 186.000000 358.000000 155.000000
374.227142 1821.745041 126.027131 515.244470 400.000000 330.000000 81.000000 196.000000 1112.000000 177.000000
375.228267 1829.520033 136.170390 525.767593 290.000000 413.000000 89.000000 58.000000 431.000000 168.000000
374.928786 1830.460554 140.400828 519.544098 100.000000 350.000000 83.000000 10.000000 552.000000 184.000000
374.276484 1808.057698 110.276103 nan 60.000000 350.000000 102.000000 6.000000 0.000000 177.000000
372.017496 1792.294800 104.074213 531.115878 0.000000 338.000000 120.000000 0.000000 0.000000 188.000000
371.020071 1786.286187 84.062938 530.495878 130.000000 425.000000 164.000000 13.000000 0.000000 167.000000
372.957395 1790.753341 85.895114 525.866773 1119.000000 381.000000 166.000000 297.000000 0.000000 167.000000
371.925462 1801.133642 90.366605 516.299368 166.000000 358.000000 159.000000 50.000000 22.000000 190.000000
369.766111 1816.582818 99.624438 507.218708 130.000000 325.000000 128.000000 35.000000 nan 190.000000
372.340058 1828.880139 119.407403 500.546008 200.000000 350.000000 113.000000 70.000000 0.000000 148.000000
374.692929 1835.160562 123.351125 459.733886 nan 333.000000 86.000000 105.000000 996.000000 181.000000
376.454984 1820.893982 116.989903 468.354777 204.000000 413.000000 95.000000 46.000000 426.000000 139.000000
375.120650 1828.201461 135.773742 514.924996 207.000000 328.000000 90.000000 nan 626.000000 169.000000
376.306977 1831.790106 138.167707 519.283240 179.000000 376.000000 90.000000 37.000000 395.000000 165.000000
376.570682 1834.700282 141.765119 520.862326 70.000000 386.000000 96.000000 7.000000 0.000000 nan
375.298854 1820.800167 127.299117 519.393850 30.000000 350.000000 102.000000 3.000000 0.000000 163.000000
374.533453 1832.081730 114.395657 523.265904 0.000000 338.000000 119.000000 0.000000 38.000000 185.000000
372.966185 1805.865980 105.759147 541.912925 110.000000 425.000000 157.000000 11.000000 0.000000 166.000000
369.605077 nan 106.535595 522.664731 235.000000 400.000000 167.000000 30.000000 0.000000 147.000000
371.441910 1823.874709 113.992827 515.072959 198.000000 363.000000 167.000000 87.000000 0.000000 164.000000
nan 1837.509781 134.408839 504.785444 130.000000 317.000000 134.000000 35.000000 0.000000 nan
nan 1839.686238 134.826731 509.551527 171.000000 323.000000 111.000000 40.000000 nan 169.000000
376.912783 1861.303863 141.501539 498.561441 381.000000 343.000000 99.000000 230.000000 449.000000 133.000000
356.500022 1766.376414 126.197764 532.591941 267.000000 361.000000 76.000000 159.000000 904.000000 178.000000
356.572497 1758.014711 145.476769 535.393268 313.000000 394.000000 68.000000 183.000000 1061.000000 182.000000
357.142749 1757.668099 140.248697 540.361391 133.000000 393.000000 74.000000 31.000000 261.000000 192.000000
357.770100 1754.781710 127.112494 541.025163 148.000000 369.000000 76.000000 21.000000 50.000000 200.000000
358.041374 1761.906540 118.933907 549.527770 60.000000 324.000000 86.000000 6.000000 41.000000 207.000000
356.443481 nan 104.578456 546.541173 180.000000 266.000000 120.000000 18.000000 0.000000 210.000000
352.893619 1740.482802 nan 541.765003 628.000000 513.000000 178.000000 768.000000 0.000000 152.000000
350.425145 nan 89.085614 532.988612 707.000000 415.000000 181.000000 840.000000 0.000000 146.000000
350.820854 1760.846032 93.103106 539.991296 241.000000 371.000000 169.000000 512.000000 0.000000 160.000000
353.401444 1775.246236 163.631386 531.404152 273.000000 230.000000 119.000000 122.000000 0.000000 196.000000
354.156801 1770.359317 102.523468 535.570311 nan 331.000000 93.000000 84.000000 81.000000 183.000000
355.858110 1775.652055 133.755730 524.999106 340.000000 478.000000 72.000000 183.000000 855.000000 174.000000
356.921638 nan 138.279460 542.526560 427.000000 472.000000 80.000000 nan 604.000000 160.000000
357.875295 1770.846717 nan 541.332266 283.000000 419.000000 85.000000 77.000000 64.000000 183.000000
358.945719 1786.570410 167.771177 544.171913 457.000000 485.000000 69.000000 204.000000 649.000000 168.000000
360.103935 1774.975316 170.340169 554.495343 40.000000 326.000000 74.000000 4.000000 237.000000 220.000000
360.017845 1783.682969 155.964432 552.122228 40.000000 299.000000 80.000000 4.000000 90.000000 209.000000
358.438009 nan 119.440644 550.608602 390.000000 277.000000 102.000000 nan 54.000000 208.000000
355.242161 1751.721915 95.769645 560.641148 291.000000 417.000000 174.000000 155.000000 0.000000 166.000000
351.984101 1728.967087 83.797338 552.815785 464.000000 405.000000 182.000000 240.000000 0.000000 153.000000
351.167899 1773.708927 103.592590 531.328895 nan 406.000000 169.000000 300.000000 0.000000 158.000000
353.787479 1769.996306 117.154154 528.516377 160.000000 302.000000 123.000000 119.000000 0.000000 189.000000
355.321308 1796.775685 120.764847 550.396933 143.000000 333.000000 89.000000 56.000000 252.000000 184.000000
357.845459 nan 136.272307 530.273206 528.000000 nan 82.000000 426.000000 345.000000 154.000000
359.427813 1807.219927 139.842792 546.141284 451.000000 518.000000 81.000000 243.000000 638.000000 156.000000
359.356240 1797.273561 160.184920 538.080872 540.000000 525.000000 82.000000 245.000000 23.000000 nan
360.065876 1796.856827 161.846086 540.937357 593.000000 483.000000 76.000000 186.000000 269.000000 162.000000
359.985427 1787.929271 157.655164 542.071449 191.000000 nan nan 39.000000 0.000000 211.000000
360.391925 1788.397756 166.052079 540.980459 100.000000 422.000000 94.000000 82.000000 0.000000 191.000000
357.390145 1770.560576 115.371236 529.181090 180.000000 228.000000 120.000000 18.000000 0.000000 194.000000
356.580192 1766.144380 109.279289 546.183536 406.000000 345.000000 169.000000 225.000000 0.000000 163.000000
353.075336 1749.791993 93.335036 546.477260 716.000000 432.000000 194.000000 646.000000 0.000000 151.000000
351.820018 1769.271776 95.312587 543.999697 103.000000 nan 163.000000 116.000000 0.000000 182.000000
354.672076 1781.522414 111.598996 523.943708 127.000000 251.000000 120.000000 50.000000 0.000000 192.000000
355.748501 1790.335978 122.588916 512.634220 103.000000 289.000000 84.000000 34.000000 581.000000 182.000000
nan 1790.785915 139.906509 516.724125 569.000000 531.000000 82.000000 552.000000 492.000000 nan
357.964226 1788.706695 128.673781 526.290756 655.000000 638.000000 84.000000 650.000000 241.000000 137.000000
359.692473 1797.852890 146.900867 531.160555 597.000000 505.000000 78.000000 190.000000 596.000000 163.000000
360.318396 1801.056656 141.616627 542.314318 398.000000 396.000000 79.000000 205.000000 76.000000 184.000000
362.068980 1800.802648 149.347769 541.496107 20.000000 284.000000 77.000000 2.000000 54.000000 220.000000
361.006534 1788.597591 133.940509 541.209035 100.000000 335.000000 89.000000 30.000000 0.000000 210.000000
357.710301 1782.154789 102.748203 529.454115 214.000000 193.000000 119.000000 27.000000 0.000000 209.000000
355.574708 1767.200439 87.664550 530.590478 382.000000 439.000000 173.000000 127.000000 0.000000 171.000000
353.506503 1769.120345 99.606818 521.434118 516.000000 nan 185.000000 370.000000 0.000000 143.000000
353.704984 1763.606644 98.970760 515.713596 nan 311.000000 160.000000 146.000000 0.000000 176.000000
356.063693 1774.751583 88.970742 494.784353 106.000000 409.000000 120.000000 42.000000 nan 179.000000
356.816772 nan 107.048983 497.705928 332.000000 449.000000 90.000000 269.000000 312.000000 179.000000
359.094489 1814.817192 136.967746 503.402495 174.000000 419.000000 nan 69.000000 305.000000 189.000000
360.244437 1806.063945 143.210736 513.313402 141.000000 350.000000 nan 45.000000 321.000000 192.000000
360.277612 1778.395827 125.537096 520.767794 353.000000 447.000000 73.000000 220.000000 703.000000 178.000000
362.493122 1801.983639 153.799889 527.033292 286.000000 466.000000 80.000000 96.000000 54.000000 181.000000
361.965390 1789.608521 138.217518 521.567085 nan 375.000000 80.000000 13.000000 nan 201.000000
nan 1794.521958 136.900102 531.006446 100.000000 367.000000 nan 16.000000 0.000000 197.000000
359.819901 1767.995459 102.942385 520.997893 334.000000 355.000000 136.000000 94.000000 0.000000 198.000000
358.328610 1780.252930 100.046649 525.496079 456.000000 408.000000 170.000000 nan 0.000000 163.000000
357.068893 1755.243265 141.938450 540.789353 545.000000 nan 194.000000 335.000000 0.000000 149.000000
355.416219 1767.710676 nan 513.807558 690.000000 342.000000 168.000000 1709.000000 0.000000 172.000000
357.906777 nan 135.031693 499.738965 106.000000 363.000000 117.000000 48.000000 0.000000 186.000000
359.648413 1794.122528 129.412843 502.275092 229.000000 nan 80.000000 94.000000 647.000000 175.000000
362.087602 1811.054116 148.443652 506.925484 725.000000 551.000000 76.000000 833.000000 374.000000 159.000000
363.679955 1813.792787 132.817877 501.964080 420.000000 541.000000 83.000000 395.000000 277.000000 153.000000
362.260367 1801.809356 136.985819 520.147018 305.000000 438.000000 89.000000 49.000000 0.000000 170.000000
363.155366 1815.624046 163.051810 523.306135 210.000000 436.000000 80.000000 21.000000 51.000000 173.000000
363.832125 1805.317682 146.762462 522.965316 130.000000 369.000000 76.000000 13.000000 168.000000 196.000000
363.926966 1806.136188 132.696215 533.293784 30.000000 345.000000 82.000000 3.000000 77.000000 192.000000
361.853375 1771.374925 94.381362 nan 180.000000 249.000000 117.000000 18.000000 1.000000 nan
359.990031 1780.898745 100.700700 534.434445 432.000000 426.000000 172.000000 151.000000 0.000000 168.000000
356.781747 1787.338899 88.248963 527.662801 882.000000 392.000000 194.000000 354.000000 0.000000 153.000000
356.341916 1781.701631 81.560163 523.496016 185.000000 419.000000 184.000000 137.000000 0.000000 162.000000
359.183017 1797.895341 97.835536 506.881409 106.000000 224.000000 123.000000 40.000000 0.000000 205.000000
362.201059 1805.271629 118.417663 498.478361 103.000000 368.000000 107.000000 23.000000 0.000000 189.000000
361.511763 1804.262495 105.791231 506.821368 124.000000 392.000000 86.000000 71.000000 147.000000 182.000000
364.107383 1813.579872 137.889477 521.374965 20.000000 438.000000 89.000000 2.000000 124.000000 190.000000
366.528535 1811.734656 151.611678 523.165857 109.000000 372.000000 81.000000 24.000000 14.000000 167.000000
365.220137 1814.150957 149.974429 528.095384 20.000000 399.000000 83.000000 2.000000 69.000000 182.000000
363.763056 1777.658811 107.064605 529.597818 40.000000 nan 90.000000 4.000000 0.000000 199.000000
366.206523 1792.589606 128.340805 539.876375 nan 285.000000 95.000000 nan 0.000000 217.000000
363.224350 1774.258374 112.332653 551.284826 80.000000 268.000000 122.000000 8.000000 0.000000 210.000000
361.975248 1775.531442 96.235395 543.789423 1487.000000 463.000000 177.000000 998.000000 0.000000 157.000000
359.159128 1774.531708 102.668763 540.063685 864.000000 415.000000 190.000000 649.000000 0.000000 147.000000
357.943986 1805.888208 113.029271 514.801603 383.000000 329.000000 167.000000 279.000000 0.000000 159.000000
360.073284 1815.310263 110.341942 497.760608 106.000000 305.000000 119.000000 70.000000 0.000000 182.000000
363.033550 1805.135235 106.470516 496.020834 164.000000 324.000000 96.000000 42.000000 0.000000 184.000000
363.668830 1814.481211 121.724744 504.629084 181.000000 374.000000 79.000000 79.000000 353.000000 177.000000
364.870697 nan 130.751087 519.729425 301.000000 438.000000 91.000000 107.000000 168.000000 151.000000
366.451575 1808.628579 135.914966 519.215296 158.000000 318.000000 72.000000 57.000000 705.000000 181.000000
366.716457 1819.089580 149.333714 528.904044 115.000000 375.000000 78.000000 13.000000 118.000000 202.000000
368.533838 1811.188029 136.830284 534.754714 172.000000 358.000000 74.000000 27.000000 159.000000 194.000000
366.682623 1804.260777 130.722324 533.653720 100.000000 289.000000 103.000000 11.000000 0.000000 207.000000
365.536093 1796.677643 113.381167 nan 180.000000 275.000000 119.000000 18.000000 0.000000 193.000000
361.616959 1786.077310 80.187959 524.364175 503.000000 463.000000 168.000000 249.000000 nan 170.000000
359.187301 1772.025348 80.473149 513.750030 570.000000 409.000000 201.000000 123.000000 0.000000 145.000000
359.219990 1793.599292 97.858289 502.250361 336.000000 334.000000 192.000000 361.000000 0.000000 157.000000
362.217315 1799.945277 111.408548 nan 106.000000 319.000000 116.000000 83.000000 0.000000 187.000000
363.811726 1810.195192 124.379464 491.514368 117.000000 324.000000 nan 19.000000 87.000000 nan
366.173098 1823.647016 142.964366 496.784978 522.000000 425.000000 76.000000 313.000000 678.000000 159.000000
366.798383 1811.067965 168.924645 514.793018 238.000000 438.000000 85.000000 89.000000 461.000000 178.000000
367.691734 1816.978940 151.599731 516.838589 521.000000 280.000000 67.000000 309.000000 800.000000 160.000000
369.037861 1820.693621 160.744746 525.415347 nan 450.000000 74.000000 232.000000 298.000000 181.000000
369.494504 nan 170.210493 527.181813 121.000000 411.000000 74.000000 nan 466.000000 207.000000
369.637979 1818.003173 151.215355 549.070434 100.000000 294.000000 84.000000 14.000000 29.000000 203.000000
365.598305 1816.820088 129.958285 541.969929 214.000000 275.000000 115.000000 28.000000 23.000000 202.000000
366.058148 1800.834600 114.506168 550.711131 858.000000 463.000000 192.000000 nan 0.000000 154.000000
362.716929 1801.792673 114.075476 544.573873 685.000000 413.000000 211.000000 674.000000 0.000000 nan
363.528416 1797.308666 95.617704 534.641666 381.000000 319.000000 174.000000 471.000000 0.000000 158.000000
365.631346 1838.041032 158.166235 524.797664 106.000000 307.000000 115.000000 28.000000 0.000000 192.000000
367.737563 1833.482951 145.497689 528.124859 158.000000 333.000000 88.000000 34.000000 273.000000 191.000000
368.765952 1835.578763 147.967150 520.512736 284.000000 344.000000 74.000000 110.000000 895.000000 183.000000
370.404219 1830.402302 144.438168 nan 103.000000 438.000000 80.000000 49.000000 602.000000 191.000000
371.261622 1833.133491 154.940964 533.035257 109.000000 338.000000 71.000000 32.000000 708.000000 209.000000
372.652010 1836.119990 170.339492 538.601739 107.000000 375.000000 71.000000 24.000000 485.000000 204.000000
372.437035 1828.252808 nan 542.173434 207.000000 nan 71.000000 nan 446.000000 201.000000
372.294450 1835.017611 150.045124 536.103385 20.000000 283.000000 82.000000 2.000000 9.000000 216.000000
372.355684 1803.860166 103.978513 539.874641 nan 275.000000 116.000000 37.000000 9.000000 199.000000
366.822027 1781.081605 86.065164 534.670709 856.000000 nan 179.000000 826.000000 0.000000 147.000000
365.113512 1784.479225 81.054882 536.232596 800.000000 413.000000 188.000000 573.000000 0.000000 155.000000
363.224535 1814.490074 105.108034 507.009300 321.000000 323.000000 163.000000 243.000000 0.000000 177.000000
366.055670 1808.149013 101.240223 nan 106.000000 334.000000 111.000000 40.000000 0.000000 200.000000
370.030305 1831.124604 102.818564 506.462949 103.000000 nan 93.000000 22.000000 47.000000 201.000000
370.803512 1829.853302 118.734754 509.891823 104.000000 364.000000 72.000000 35.000000 1085.000000 nan
372.684220 1820.117010 103.255079 524.582911 nan 438.000000 81.000000 61.000000 532.000000 183.000000
373.809972 1833.288825 134.858135 527.208443 109.000000 333.000000 76.000000 27.000000 404.000000 187.000000
372.524493 1828.749972 133.698143 524.157153 353.000000 376.000000 72.000000 149.000000 564.000000 196.000000
372.948513 1824.626428 nan 531.125205 0.000000 372.000000 84.000000 0.000000 0.000000 218.000000
373.216228 1821.822528 126.229284 534.581225 30.000000 289.000000 91.000000 nan 0.000000 223.000000
371.038335 1796.388593 91.891524 531.189695 471.000000 279.000000 132.000000 259.000000 0.000000 192.000000
368.775040 1791.801975 83.213204 536.578726 264.000000 463.000000 172.000000 105.000000 0.000000 165.000000
367.622786 1793.044002 81.451752 524.838816 573.000000 376.000000 194.000000 327.000000 0.000000 138.000000
368.539368 1796.900256 88.294693 nan 119.000000 348.000000 161.000000 116.000000 0.000000 175.000000
369.519066 1813.140563 93.892729 500.970477 288.000000 348.000000 122.000000 402.000000 0.000000 163.000000
370.104181 1824.710027 104.123938 497.030030 249.000000 350.000000 79.000000 137.000000 nan 178.000000
373.483647 1833.407008 118.191466 499.424930 104.000000 361.000000 75.000000 46.000000 660.000000 201.000000
375.604519 1834.361494 nan 510.458292 432.000000 nan 78.000000 231.000000 612.000000 156.000000
nan 1821.734929 124.905705 515.394412 267.000000 348.000000 69.000000 144.000000 1039.000000 187.000000
375.069586 1829.651729 135.605799 526.045440 260.000000 425.000000 74.000000 108.000000 360.000000 179.000000
374.942135 1830.561006 140.140964 519.944970 208.000000 388.000000 74.000000 43.000000 277.000000 200.000000
374.264770 1808.303268 110.382042 531.700341 100.000000 313.000000 91.000000 10.000000 0.000000 209.000000
371.998414 1792.219648 103.751216 532.237456 220.000000 275.000000 118.000000 22.000000 0.000000 200.000000
371.385921 1785.165615 84.618575 533.297543 601.000000 483.000000 181.000000 403.000000 0.000000 142.000000
372.405917 1789.125923 86.097501 526.167504 1332.000000 338.000000 181.000000 470.000000 0.000000 154.000000
371.401902 1799.766657 90.603344 516.810904 239.000000 329.000000 159.000000 154.000000 0.000000 183.000000
369.727233 1815.373872 99.727837 507.726427 129.000000 319.000000 119.000000 84.000000 0.000000 190.000000
372.357139 1828.904270 118.661104 500.583230 123.000000 nan 97.000000 49.000000 0.000000 161.000000
374.663514 1835.400398 122.712368 nan 259.000000 327.000000 69.000000 125.000000 1090.000000 189.000000
376.033906 1819.842439 115.739938 476.307664 nan 438.000000 86.000000 nan 307.000000 124.000000
375.122202 1828.704547 136.098735 514.880736 169.000000 365.000000 79.000000 48.000000 240.000000 161.000000
376.165530 1831.006759 138.113059 519.300779 165.000000 401.000000 80.000000 39.000000 77.000000 155.000000
376.682818 1836.436736 142.358000 521.095534 121.000000 412.000000 89.000000 13.000000 0.000000 151.000000
375.301734 1821.186282 128.524308 519.348658 30.000000 313.000000 99.000000 3.000000 0.000000 159.000000
374.509906 1834.660636 114.813206 523.330013 200.000000 275.000000 118.000000 20.000000 nan 189.000000
372.950548 1806.991599 107.805818 541.781348 783.000000 463.000000 179.000000 418.000000 0.000000 141.000000
369.609339 1806.322222 109.089358 523.161219 475.000000 389.000000 211.000000 232.000000 0.000000 105.000000
371.409286 1824.950043 114.487717 515.527564 330.000000 350.000000 182.000000 392.000000 0.000000 127.000000
373.540026 1838.225135 nan 504.814045 106.000000 302.000000 132.000000 80.000000 0.000000 134.000000
374.492783 1840.316249 133.513771 509.562682 161.000000 314.000000 100.000000 nan 0.000000 146.000000
376.994094 1870.797998 143.105555 498.636906 283.000000 356.000000 nan 149.000000 318.000000 118.000000
356.409179 1766.357335 nan 532.800463 321.000000 377.000000 49.000000 108.000000 1550.000000 181.000000
356.599309 1758.384042 145.577951 535.501172 313.000000 450.000000 47.000000 211.000000 1176.000000 168.000000
357.093033 1757.072080 140.342075 540.349435 191.000000 472.000000 48.000000 109.000000 550.000000 nan
357.803846 1755.644062 126.408757 541.043973 253.000000 459.000000 45.000000 125.000000 71.000000 191.000000
358.069588 1761.872317 119.397631 550.274539 230.000000 417.000000 55.000000 56.000000 0.000000 191.000000
356.474323 1747.185002 104.515938 546.506933 256.000000 357.000000 98.000000 254.000000 0.000000 192.000000
353.043517 1740.531580 103.808875 542.392841 1490.000000 605.000000 155.000000 1790.000000 19.000000 143.000000
350.456489 1739.774373 89.563983 532.938218 1344.000000 548.000000 150.000000 762.000000 nan 139.000000
350.822837 1761.028895 93.215796 540.204515 588.000000 463.000000 142.000000 594.000000 14.000000 156.000000
353.482409 1774.964411 162.681322 532.919925 329.000000 270.000000 88.000000 175.000000 306.000000 197.000000
354.253755 1771.148266 102.182044 536.528172 415.000000 414.000000 64.000000 nan 375.000000 168.000000
355.762959 1775.529768 131.815805 524.937697 457.000000 499.000000 49.000000 440.000000 1141.000000 163.000000
356.890515 1772.334811 138.895732 543.166815 622.000000 537.000000 54.000000 384.000000 1114.000000 nan
357.881776 1771.123566 125.556022 541.387623 546.000000 nan 56.000000 703.000000 413.000000 159.000000
358.960806 1786.709919 168.223788 544.266889 400.000000 536.000000 44.000000 314.000000 866.000000 174.000000
360.089142 1773.954158 170.406011 554.892217 0.000000 409.000000 43.000000 0.000000 503.000000 209.000000
359.920427 1780.535618 155.363229 553.830556 116.000000 366.000000 48.000000 52.000000 221.000000 190.000000
358.301436 1765.198411 121.031678 550.664475 405.000000 254.000000 73.000000 496.000000 171.000000 199.000000
355.215443 1750.730381 98.924482 561.063005 782.000000 533.000000 153.000000 551.000000 25.000000 157.000000
352.149287 1728.366484 84.337448 nan 1125.000000 488.000000 160.000000 1326.000000 13.000000 148.000000
351.185513 1773.440490 104.181142 531.597532 576.000000 457.000000 134.000000 425.000000 56.000000 155.000000
353.780131 1768.794209 116.992391 528.434419 255.000000 261.000000 85.000000 66.000000 66.000000 188.000000
355.330723 1795.575609 122.402516 549.864329 167.000000 338.000000 59.000000 95.000000 949.000000 182.000000
357.891589 1789.242201 135.403204 530.247411 718.000000 573.000000 55.000000 833.000000 913.000000 152.000000
359.408671 1806.180422 140.495520 546.882366 615.000000 581.000000 54.000000 775.000000 1209.000000 136.000000
nan 1797.482988 160.466773 539.266505 437.000000 557.000000 54.000000 376.000000 398.000000 140.000000
360.007785 1796.523855 161.800856 541.070304 629.000000 554.000000 48.000000 677.000000 559.000000 164.000000
359.960122 1787.280620 157.637650 542.214475 238.000000 409.000000 49.000000 145.000000 0.000000 206.000000
360.207325 1786.818352 163.670898 540.971917 376.000000 503.000000 59.000000 209.000000 0.000000 167.000000
357.359030 1768.701833 114.735257 530.219427 200.000000 242.000000 90.000000 115.000000 80.000000 197.000000
356.682655 1766.040813 111.392821 545.323995 1312.000000 396.000000 141.000000 nan 58.000000 163.000000
353.202462 1750.357085 97.656670 546.220406 1220.000000 456.000000 161.000000 1649.000000 17.000000 159.000000
351.798646 1769.796600 96.656865 543.538667 196.000000 319.000000 131.000000 90.000000 0.000000 185.000000
nan 1782.938099 nan 523.882178 273.000000 245.000000 86.000000 nan 253.000000 203.000000
nan 1790.411090 122.991918 512.923608 107.000000 nan nan 32.000000 1265.000000 195.000000
357.854323 1789.774403 139.102673 517.058410 617.000000 532.000000 57.000000 nan 897.000000 151.000000
357.888966 1789.187796 128.784852 526.604181 872.000000 659.000000 60.000000 1140.000000 665.000000 129.000000
359.691287 1798.592322 147.554028 531.305962 444.000000 543.000000 49.000000 294.000000 905.000000 149.000000
360.399965 1801.120305 nan 541.893836 390.000000 443.000000 50.000000 206.000000 493.000000 194.000000
362.145455 1801.120603 149.640256 541.752124 50.000000 341.000000 43.000000 5.000000 338.000000 207.000000
360.871995 1788.871834 134.146533 541.300277 257.000000 377.000000 56.000000 53.000000 34.000000 196.000000
357.832104 1782.771654 104.900400 530.883461 238.000000 nan 86.000000 102.000000 nan 209.000000
355.563542 1768.762163 nan 530.970010 1100.000000 515.000000 146.000000 609.000000 42.000000 170.000000
353.676661 1768.384389 98.856937 521.822551 1099.000000 528.000000 nan 775.000000 0.000000 135.000000
353.698047 1763.570832 99.192319 516.718496 402.000000 402.000000 132.000000 303.000000 nan 171.000000
356.088209 1773.447942 88.099400 502.611985 226.000000 394.000000 88.000000 94.000000 152.000000 173.000000
nan 1792.047325 105.069128 498.033480 321.000000 473.000000 62.000000 255.000000 640.000000 173.000000
359.037682 nan nan 503.526450 241.000000 442.000000 54.000000 95.000000 877.000000 176.000000
360.061041 1804.603003 141.932398 513.392053 217.000000 379.000000 59.000000 78.000000 972.000000 187.000000
360.129539 nan 125.419079 nan 428.000000 488.000000 49.000000 204.000000 812.000000 163.000000
362.485255 1801.817417 153.309691 527.567588 397.000000 544.000000 52.000000 248.000000 305.000000 174.000000
361.966802 1790.387903 139.690596 521.874130 110.000000 456.000000 49.000000 11.000000 92.000000 191.000000
361.723450 1794.152288 138.002331 531.188101 227.000000 429.000000 60.000000 80.000000 0.000000 188.000000
359.800395 1767.941135 102.708352 523.079217 565.000000 409.000000 103.000000 699.000000 0.000000 174.000000
358.353050 1778.336831 101.202513 528.561074 1077.000000 436.000000 154.000000 743.000000 25.000000 167.000000
357.137733 1756.324793 141.675132 540.625620 1081.000000 424.000000 170.000000 888.000000 0.000000 156.000000
354.928015 nan 117.896556 514.757125 682.000000 393.000000 137.000000 858.000000 nan 176.000000
357.672531 1815.528455 136.590241 499.571722 185.000000 355.000000 85.000000 100.000000 311.000000 178.000000
359.668714 1794.581351 129.883852 502.314989 406.000000 457.000000 60.000000 333.000000 892.000000 167.000000
361.777205 1810.736329 152.036491 507.078593 823.000000 565.000000 54.000000 1114.000000 903.000000 149.000000
363.726156 1815.013474 134.091587 503.515753 506.000000 550.000000 54.000000 407.000000 1017.000000 149.000000
362.277612 1802.660511 138.559796 520.232044 443.000000 525.000000 59.000000 350.000000 56.000000 152.000000
363.170042 1815.677112 163.746254 523.751275 309.000000 513.000000 52.000000 152.000000 357.000000 170.000000
363.824347 1805.748073 146.968537 523.502721 144.000000 457.000000 44.000000 55.000000 nan 188.000000
363.894901 1805.498805 nan 533.500392 114.000000 417.000000 51.000000 35.000000 172.000000 183.000000
361.826189 1770.841695 95.871767 nan 206.000000 304.000000 88.000000 36.000000 7.000000 196.000000
360.063297 1780.925030 101.889344 535.536488 616.000000 486.000000 147.000000 469.000000 8.000000 167.000000
356.796805 1785.810033 89.051370 527.985812 1449.000000 472.000000 165.000000 1802.000000 0.000000 155.000000
356.344794 1781.853742 82.136662 523.505504 642.000000 453.000000 141.000000 593.000000 0.000000 167.000000
359.266351 1797.279127 98.918409 507.324840 175.000000 263.000000 94.000000 102.000000 24.000000 205.000000
362.272082 1809.311431 120.723203 498.339109 140.000000 394.000000 69.000000 114.000000 98.000000 186.000000
361.386032 1805.147761 106.330466 506.841217 216.000000 427.000000 54.000000 121.000000 1083.000000 184.000000
364.094797 1814.297814 139.404958 523.267742 30.000000 430.000000 50.000000 3.000000 970.000000 192.000000
366.131215 nan 153.586924 523.271272 181.000000 410.000000 58.000000 167.000000 nan 162.000000
365.275217 1814.740123 151.886109 nan 100.000000 437.000000 51.000000 43.000000 210.000000 187.000000
363.879910 1781.460172 110.852840 529.825849 70.000000 407.000000 49.000000 7.000000 0.000000 191.000000
366.181153 1792.783859 129.899364 539.944312 70.000000 366.000000 64.000000 7.000000 0.000000 203.000000
363.217127 nan 111.896356 551.056127 105.000000 342.000000 96.000000 13.000000 0.000000 184.000000
361.972249 1777.335549 97.798396 543.015818 1442.000000 583.000000 147.000000 1276.000000 23.000000 162.000000
359.168078 1775.281604 105.216451 541.028688 1538.000000 492.000000 162.000000 1630.000000 0.000000 150.000000
357.955381 1806.259383 113.962762 515.227536 807.000000 416.000000 136.000000 964.000000 45.000000 167.000000
360.209742 1814.433067 109.520822 nan 285.000000 377.000000 87.000000 277.000000 67.000000 179.000000
362.958367 1805.933679 106.336877 496.387728 269.000000 371.000000 65.000000 199.000000 231.000000 175.000000
363.555415 1813.216468 120.721117 504.992289 nan 406.000000 51.000000 nan 1097.000000 193.000000
364.833557 1816.521760 130.996196 519.963344 nan 475.000000 59.000000 324.000000 907.000000 151.000000
366.501881 1809.542719 137.847876 519.575561 276.000000 351.000000 49.000000 320.000000 1089.000000 nan
366.723460 1818.590724 149.635073 529.254834 183.000000 419.000000 50.000000 27.000000 419.000000 197.000000
368.434804 1813.630988 138.987476 nan 247.000000 439.000000 43.000000 73.000000 468.000000 185.000000
366.633790 1804.244978 130.528569 533.836394 309.000000 374.000000 64.000000 153.000000 0.000000 188.000000
365.434254 1795.931881 116.153060 533.117719 228.000000 350.000000 86.000000 92.000000 5.000000 186.000000
nan 1787.393745 81.794926 524.546406 891.000000 538.000000 153.000000 494.000000 nan 164.000000
359.418137 1772.490945 81.242664 513.870384 1236.000000 482.000000 167.000000 919.000000 0.000000 136.000000
359.191458 1792.637425 97.645375 502.556276 596.000000 416.000000 148.000000 nan 0.000000 159.000000
362.259123 1803.449023 114.924548 508.195988 248.000000 392.000000 86.000000 96.000000 303.000000 183.000000
363.859452 1810.941917 124.780003 491.675837 229.000000 364.000000 62.000000 110.000000 507.000000 183.000000
366.191781 1824.950561 144.610634 497.030991 564.000000 450.000000 49.000000 636.000000 1247.000000 147.000000
366.820976 1811.542708 171.091534 514.935580 263.000000 430.000000 54.000000 112.000000 950.000000 182.000000
367.702448 1817.401916 151.870005 517.096881 588.000000 301.000000 49.000000 760.000000 1113.000000 155.000000
nan 1822.145715 161.047859 525.565516 550.000000 520.000000 47.000000 396.000000 747.000000 175.000000
369.532072 nan 169.120252 527.701376 nan 504.000000 40.000000 65.000000 750.000000 195.000000
369.585368 1818.113245 152.385005 551.178951 20.000000 376.000000 52.000000 2.000000 113.000000 199.000000
365.820761 1817.290916 131.941047 542.661437 162.000000 317.000000 84.000000 89.000000 39.000000 nan
366.047477 1803.068046 119.180046 551.751098 1591.000000 637.000000 164.000000 nan 0.000000 145.000000
362.767724 1802.869957 113.841994 544.395610 nan 459.000000 173.000000 899.000000 0.000000 148.000000
363.522083 1799.029170 nan nan 626.000000 404.000000 144.000000 351.000000 0.000000 159.000000
365.684056 1839.232627 159.128927 524.496420 351.000000 378.000000 92.000000 68.000000 34.000000 178.000000
367.737268 nan 145.521054 528.155946 220.000000 377.000000 62.000000 147.000000 593.000000 186.000000
368.528190 1835.111024 145.969145 520.642558 342.000000 364.000000 51.000000 nan nan 176.000000
370.385586 1831.709309 nan 529.251000 80.000000 426.000000 56.000000 8.000000 1020.000000 191.000000
371.275568 1833.953100 155.579934 533.179308 102.000000 377.000000 48.000000 25.000000 772.000000 204.000000
372.465419 1835.485080 168.442329 538.670880 126.000000 409.000000 48.000000 36.000000 586.000000 205.000000
372.371616 1827.089046 150.326103 541.994827 371.000000 497.000000 43.000000 194.000000 625.000000 205.000000
372.237395 1834.846763 150.098516 536.297252 0.000000 368.000000 53.000000 0.000000 37.000000 200.000000
372.169232 1805.263614 105.367880 539.806631 370.000000 349.000000 86.000000 210.000000 54.000000 181.000000
366.812618 1780.982382 85.685939 534.565369 1636.000000 617.000000 155.000000 2007.000000 26.000000 134.000000
365.099242 1786.132593 80.584941 536.337782 1386.000000 462.000000 161.000000 1530.000000 0.000000 138.000000
363.221004 1813.040790 101.221450 507.419012 508.000000 408.000000 133.000000 372.000000 0.000000 167.000000
nan 1807.901766 100.301695 507.513775 151.000000 408.000000 82.000000 61.000000 227.000000 191.000000
369.769963 nan 102.089716 506.527217 20.000000 372.000000 63.000000 2.000000 491.000000 197.000000
370.816924 1829.785997 115.711140 509.946392 182.000000 387.000000 46.000000 34.000000 1466.000000 188.000000
372.220444 1819.844314 101.917236 524.447207 171.000000 407.000000 53.000000 nan 1109.000000 190.000000
373.846427 1833.596490 134.997578 526.987788 102.000000 355.000000 52.000000 43.000000 657.000000 185.000000
372.521390 nan 133.894306 524.261659 431.000000 416.000000 43.000000 203.000000 819.000000 201.000000
372.967276 1825.209471 nan 531.047036 0.000000 446.000000 48.000000 nan 71.000000 205.000000
373.186902 1820.528529 125.982125 534.614620 50.000000 374.000000 59.000000 5.000000 0.000000 210.000000
371.006290 1795.606103 91.541008 531.246685 784.000000 nan 93.000000 1297.000000 0.000000 175.000000
368.867694 1790.417313 83.104344 536.451682 1132.000000 568.000000 148.000000 630.000000 nan 158.000000
367.624569 1791.570924 81.727848 524.875111 1070.000000 443.000000 159.000000 960.000000 0.000000 144.000000
368.170289 1794.182040 87.147848 512.339170 205.000000 437.000000 133.000000 109.000000 0.000000 174.000000
369.187527 nan 94.153121 501.494884 nan 445.000000 83.000000 862.000000 345.000000 156.000000
nan 1825.226330 103.777653 497.307789 361.000000 nan 50.000000 274.000000 1263.000000 170.000000
373.195616 1832.737737 118.055655 499.671484 118.000000 386.000000 49.000000 19.000000 1238.000000 202.000000
375.363139 1835.225361 125.095071 510.693371 457.000000 440.000000 50.000000 393.000000 1362.000000 147.000000
374.219791 1821.735636 123.949575 515.571112 273.000000 388.000000 47.000000 173.000000 1103.000000 174.000000
374.920637 1829.870534 nan 526.335247 412.000000 448.000000 47.000000 234.000000 583.000000 170.000000
374.957529 1830.711920 140.014551 nan 259.000000 467.000000 nan 131.000000 315.000000 184.000000
374.257471 1808.663816 110.668345 531.785106 165.000000 388.000000 58.000000 nan 0.000000 194.000000
371.979331 1792.157387 103.362153 533.380828 nan 349.000000 88.000000 nan 0.000000 181.000000
371.790767 1784.079198 85.016305 nan nan 599.000000 156.000000 753.000000 7.000000 134.000000
371.877602 1787.477972 86.203267 526.469323 1071.000000 404.000000 158.000000 643.000000 0.000000 163.000000
370.958022 1798.516583 90.840082 517.300409 373.000000 415.000000 138.000000 nan 0.000000 182.000000
nan 1814.193291 99.813154 508.240234 293.000000 390.000000 87.000000 137.000000 147.000000 186.000000
372.374219 1829.416559 118.336601 500.642168 164.000000 400.000000 68.000000 64.000000 190.000000 157.000000
374.624449 nan 122.049447 473.966499 286.000000 346.000000 43.000000 210.000000 1702.000000 183.000000
375.628013 1818.899158 114.739740 484.668497 286.000000 424.000000 58.000000 173.000000 nan 132.000000
375.122849 1829.209309 136.453887 514.836479 359.000000 nan 54.000000 134.000000 446.000000 141.000000
376.033569 1830.211140 138.230244 519.337547 113.000000 445.000000 51.000000 48.000000 225.000000 147.000000
376.819781 1838.457078 143.234418 nan 111.000000 503.000000 60.000000 nan 0.000000 146.000000
375.304620 1821.539776 129.899504 519.303465 80.000000 388.000000 62.000000 8.000000 0.000000 150.000000
374.486358 1837.576820 115.137225 523.394601 197.000000 nan 92.000000 55.000000 nan 164.000000
372.932290 1808.467055 109.767813 541.437680 1442.000000 602.000000 nan 1473.000000 0.000000 130.000000
369.610903 1811.944188 111.529030 523.607128 1018.000000 452.000000 191.000000 889.000000 0.000000 116.000000
371.363293 1826.090699 115.046613 515.994127 464.000000 420.000000 148.000000 523.000000 0.000000 124.000000
373.514930 1838.844664 132.282940 504.892535 264.000000 nan 100.000000 163.000000 0.000000 122.000000
374.475129 1840.877876 132.418863 509.586388 164.000000 362.000000 71.000000 67.000000 65.000000 128.000000
377.067153 1881.128723 145.027883 498.751965 400.000000 387.000000 59.000000 212.000000 828.000000 110.000000
356.318074 1766.346257 126.219074 533.007817 255.000000 360.000000 54.000000 44.000000 2240.000000 196.000000
356.629474 1758.883245 145.679135 535.609466 132.000000 418.000000 55.000000 31.000000 1615.000000 199.000000
357.064613 1756.801064 140.435455 540.337479 133.000000 475.000000 58.000000 29.000000 839.000000 188.000000
357.847164 1756.674435 125.729893 541.062782 182.000000 469.000000 nan 31.000000 0.000000 187.000000
358.099757 1761.914454 119.872662 550.983956 148.000000 461.000000 77.000000 78.000000 0.000000 213.000000
356.504499 1746.705149 nan 546.463509 nan 396.000000 132.000000 76.000000 0.000000 205.000000
353.192108 1740.564497 104.671210 542.994734 1332.000000 608.000000 162.000000 887.000000 0.000000 155.000000
350.487826 1740.039619 90.040985 532.886622 1033.000000 590.000000 157.000000 637.000000 0.000000 161.000000
350.822254 1761.213583 nan 540.414832 660.000000 507.000000 152.000000 688.000000 0.000000 169.000000
353.567671 1774.715865 161.581095 534.382861 333.000000 337.000000 95.000000 nan 156.000000 198.000000
354.359093 1772.108714 101.935618 537.463999 350.000000 446.000000 74.000000 174.000000 905.000000 188.000000
355.686354 1775.470950 129.890635 524.876287 347.000000 518.000000 55.000000 98.000000 1832.000000 nan
356.857541 1772.510125 nan 543.782783 nan 570.000000 61.000000 133.000000 1616.000000 161.000000
357.891112 1771.578843 123.268679 541.442978 255.000000 516.000000 61.000000 92.000000 1047.000000 174.000000
nan 1786.857538 168.659948 544.363006 142.000000 510.000000 57.000000 24.000000 1023.000000 181.000000
360.070903 1773.068092 170.445538 555.282228 0.000000 430.000000 56.000000 0.000000 321.000000 212.000000
359.837807 1777.604475 154.695807 555.489908 100.000000 375.000000 69.000000 77.000000 0.000000 217.000000
358.173631 1762.771908 122.572172 550.709675 327.000000 311.000000 101.000000 73.000000 0.000000 234.000000
355.205048 1749.643299 101.949025 561.416534 907.000000 601.000000 168.000000 435.000000 0.000000 168.000000
352.302904 1727.884459 84.887893 553.531103 1054.000000 527.000000 164.000000 882.000000 0.000000 164.000000
351.194546 1773.305861 104.767739 531.845944 721.000000 494.000000 nan 628.000000 0.000000 172.000000
353.772947 1767.764650 116.832488 528.347997 161.000000 278.000000 95.000000 66.000000 233.000000 224.000000
355.359515 1794.554461 124.095885 549.138057 137.000000 340.000000 nan 37.000000 1577.000000 nan
357.937030 1789.892765 134.539499 530.221615 606.000000 599.000000 59.000000 nan 1618.000000 159.000000
359.390901 1805.277405 141.325498 547.514585 561.000000 608.000000 61.000000 195.000000 1687.000000 146.000000
359.348678 1797.770595 160.837673 540.350266 253.000000 520.000000 60.000000 74.000000 1246.000000 162.000000
359.956558 1796.210516 161.887741 541.258905 327.000000 506.000000 60.000000 105.000000 795.000000 178.000000
359.938698 1786.767317 157.711356 542.375342 150.000000 420.000000 61.000000 15.000000 69.000000 207.000000
360.043743 1785.385679 161.248938 541.048153 208.000000 539.000000 75.000000 162.000000 0.000000 187.000000
357.334331 1766.838592 114.011900 531.403114 266.000000 269.000000 106.000000 68.000000 0.000000 232.000000
356.771834 1766.409656 nan 544.453312 838.000000 398.000000 155.000000 358.000000 0.000000 198.000000
353.314452 1751.511320 102.147326 545.900422 1046.000000 472.000000 168.000000 374.000000 0.000000 192.000000
351.775176 1770.361777 98.157682 542.967695 215.000000 313.000000 137.000000 65.000000 0.000000 207.000000
354.781533 1784.824783 114.341055 523.750778 273.000000 279.000000 96.000000 nan 111.000000 219.000000
355.766674 1790.518287 123.331174 513.218485 122.000000 312.000000 61.000000 17.000000 1809.000000 221.000000
357.839227 1789.302649 138.503151 517.400146 381.000000 nan 61.000000 129.000000 1412.000000 153.000000
357.832222 1789.712013 128.900810 526.920219 590.000000 641.000000 71.000000 218.000000 1042.000000 132.000000
359.689555 1799.348123 148.323780 531.450470 213.000000 514.000000 60.000000 50.000000 1215.000000 160.000000
360.496941 1801.398293 142.543648 541.548323 102.000000 420.000000 58.000000 11.000000 936.000000 nan
362.222536 1801.431026 149.930163 542.008163 103.000000 nan 56.000000 14.000000 456.000000 228.000000
360.741134 1789.147103 134.351413 541.391711 100.000000 392.000000 nan 15.000000 0.000000 229.000000
357.932863 1784.244161 107.654349 532.285276 500.000000 nan 106.000000 208.000000 0.000000 233.000000
355.555656 1770.517833 88.546362 531.345687 1039.000000 559.000000 150.000000 430.000000 0.000000 165.000000
353.838498 1767.707837 98.327186 522.210402 1264.000000 nan 176.000000 963.000000 0.000000 161.000000
nan 1764.013616 99.413878 517.742173 436.000000 448.000000 144.000000 214.000000 0.000000 186.000000
356.087024 1772.598529 87.722196 510.511714 245.000000 372.000000 100.000000 73.000000 171.000000 195.000000
356.384302 1790.048883 103.229773 498.393878 194.000000 438.000000 69.000000 68.000000 1195.000000 193.000000
358.953882 1818.360626 143.060382 503.662129 204.000000 450.000000 nan 55.000000 2033.000000 197.000000
359.894440 1803.445044 141.623709 513.470710 260.000000 403.000000 61.000000 nan 1766.000000 200.000000
359.996857 1777.096406 125.562592 521.510010 153.000000 447.000000 58.000000 47.000000 1336.000000 184.000000
362.476670 1801.680210 153.004715 528.145933 150.000000 519.000000 64.000000 15.000000 nan 184.000000
361.968412 1791.346124 141.521284 522.287416 40.000000 437.000000 62.000000 4.000000 50.000000 192.000000
nan 1793.841225 139.502959 531.395771 152.000000 433.000000 80.000000 46.000000 0.000000 207.000000
359.780690 1767.917866 102.817880 525.330775 404.000000 425.000000 125.000000 nan 0.000000 204.000000
358.370824 1776.525357 102.171950 531.636093 819.000000 423.000000 184.000000 333.000000 0.000000 178.000000
357.181494 1757.860540 141.446174 540.402984 756.000000 460.000000 188.000000 175.000000 0.000000 176.000000
354.477088 1769.540000 119.498064 515.736491 495.000000 nan 150.000000 316.000000 0.000000 188.000000
357.430184 1817.357828 138.634269 499.477691 314.000000 398.000000 98.000000 76.000000 49.000000 214.000000
359.689015 1795.485030 130.340187 502.391491 229.000000 453.000000 71.000000 196.000000 743.000000 183.000000
361.446267 1810.964350 156.528424 507.262354 495.000000 538.000000 59.000000 225.000000 1455.000000 166.000000
363.783222 1816.501946 136.049546 505.231146 438.000000 539.000000 62.000000 126.000000 1350.000000 158.000000
362.296235 1803.599527 140.996229 520.330115 275.000000 494.000000 69.000000 103.000000 583.000000 175.000000
363.189465 1815.974567 164.589961 524.280281 nan 531.000000 62.000000 36.000000 622.000000 175.000000
363.819737 1806.270821 147.237139 524.127475 103.000000 460.000000 57.000000 11.000000 276.000000 192.000000
363.864547 nan 132.992574 533.732879 100.000000 443.000000 nan 17.000000 nan 225.000000
361.798012 nan 97.566422 537.383196 483.000000 385.000000 103.000000 222.000000 0.000000 221.000000
360.131566 1780.926163 103.042982 536.794797 455.000000 478.000000 161.000000 348.000000 0.000000 193.000000
356.811368 1784.506432 90.039665 528.302569 1079.000000 524.000000 179.000000 833.000000 0.000000 163.000000
356.349382 1782.155267 82.732791 523.337188 752.000000 nan 153.000000 698.000000 0.000000 174.000000
359.364344 1796.832143 100.110308 507.777017 103.000000 323.000000 98.000000 44.000000 47.000000 230.000000
362.341248 1813.650730 123.211127 498.255640 140.000000 433.000000 78.000000 41.000000 726.000000 211.000000
361.254007 1806.518354 107.722367 nan 180.000000 475.000000 56.000000 32.000000 1624.000000 188.000000
364.076691 1815.382262 141.389363 525.228530 112.000000 426.000000 56.000000 12.000000 1922.000000 216.000000
365.711003 1812.991985 156.034053 523.380074 107.000000 359.000000 70.000000 30.000000 613.000000 183.000000
365.328469 1815.574093 153.908434 529.737200 20.000000 410.000000 61.000000 2.000000 778.000000 nan
364.027671 1785.653357 114.973662 530.102377 216.000000 nan 66.000000 29.000000 0.000000 189.000000
nan nan 131.759367 540.023980 0.000000 413.000000 92.000000 0.000000 0.000000 226.000000
363.245971 1775.749945 111.692486 nan 256.000000 373.000000 118.000000 36.000000 0.000000 190.000000
361.970199 1779.674964 99.316716 542.247805 1004.000000 524.000000 169.000000 639.000000 0.000000 nan
359.176957 1777.063453 108.189205 541.850538 1086.000000 522.000000 170.000000 930.000000 0.000000 163.000000
357.966760 1807.171222 nan 515.675291 721.000000 443.000000 144.000000 868.000000 0.000000 183.000000
360.352283 1813.846507 108.845645 498.870345 223.000000 392.000000 nan nan 0.000000 198.000000
362.884238 1806.829488 106.677565 496.782415 204.000000 407.000000 71.000000 66.000000 909.000000 184.000000
363.443737 1812.511094 120.161970 505.359866 nan 385.000000 54.000000 12.000000 1858.000000 208.000000
364.782862 1816.812924 131.237209 520.270386 262.000000 nan 61.000000 67.000000 1593.000000 157.000000
366.545111 1810.509079 140.172622 519.960956 250.000000 343.000000 59.000000 107.000000 1416.000000 179.000000
366.744872 1818.631751 150.308082 529.654546 172.000000 401.000000 61.000000 19.000000 732.000000 201.000000
368.336623 nan 141.238366 533.916711 108.000000 462.000000 54.000000 22.000000 215.000000 189.000000
366.596286 1804.613676 130.426070 nan 231.000000 403.000000 82.000000 nan 0.000000 207.000000
365.356662 1795.494167 119.062790 533.355160 nan 375.000000 104.000000 59.000000 0.000000 197.000000
361.680787 nan 83.735058 524.730649 794.000000 525.000000 166.000000 328.000000 0.000000 183.000000
359.612611 1773.725593 82.387466 514.012769 936.000000 494.000000 168.000000 584.000000 0.000000 155.000000
359.158823 1792.139239 97.469020 502.871468 575.000000 433.000000 163.000000 405.000000 0.000000 160.000000
nan 1807.721427 119.009143 508.353298 197.000000 388.000000 100.000000 108.000000 205.000000 190.000000
363.910049 1811.774878 125.193060 491.886398 nan 361.000000 71.000000 54.000000 1030.000000 182.000000
366.204748 1826.373290 146.779345 497.315618 384.000000 450.000000 54.000000 118.000000 2120.000000 149.000000
366.843410 1812.045773 173.537811 515.087506 nan 432.000000 61.000000 30.000000 1526.000000 196.000000
367.713268 1817.863365 152.142720 517.382160 nan 327.000000 61.000000 122.000000 1360.000000 160.000000
369.080503 1823.817513 161.818503 525.718651 220.000000 381.000000 60.000000 45.000000 987.000000 181.000000
nan 1826.807146 168.138416 528.287653 110.000000 512.000000 54.000000 11.000000 639.000000 211.000000
369.556356 1818.667139 154.059116 553.193380 0.000000 403.000000 76.000000 0.000000 0.000000 nan
366.045381 1818.317858 134.461731 543.394946 338.000000 330.000000 107.000000 nan 0.000000 229.000000
366.033793 nan 123.994502 552.709879 998.000000 705.000000 177.000000 792.000000 0.000000 169.000000
362.820940 1804.175761 114.008940 544.353058 731.000000 486.000000 179.000000 318.000000 0.000000 160.000000
363.512239 nan 99.704784 534.733911 440.000000 434.000000 158.000000 222.000000 0.000000 174.000000
365.734584 nan 160.196028 524.219579 473.000000 404.000000 112.000000 nan 0.000000 172.000000
367.736997 1833.885598 145.578491 528.207704 150.000000 367.000000 73.000000 51.000000 877.000000 187.000000
368.293353 1834.874718 144.380808 520.787608 267.000000 344.000000 55.000000 30.000000 1722.000000 175.000000
370.366209 1833.127657 147.020380 529.547692 100.000000 415.000000 62.000000 10.000000 1512.000000 194.000000
371.286689 1834.813138 156.255408 533.331006 0.000000 363.000000 60.000000 0.000000 1169.000000 224.000000
nan 1835.241645 167.067670 538.757662 70.000000 419.000000 62.000000 7.000000 nan 209.000000
372.306199 1826.264366 nan 541.842430 106.000000 497.000000 58.000000 26.000000 203.000000 196.000000
372.178583 1834.657628 150.199994 536.527073 100.000000 394.000000 77.000000 10.000000 nan 225.000000
371.981542 1807.188142 106.995381 539.738516 485.000000 382.000000 104.000000 221.000000 0.000000 186.000000
366.803481 1780.589010 85.177722 534.484457 1161.000000 604.000000 164.000000 823.000000 0.000000 147.000000
365.083030 1788.241623 80.220332 536.378589 954.000000 478.000000 171.000000 669.000000 0.000000 167.000000
363.219750 1811.648576 97.711255 507.874393 563.000000 512.000000 153.000000 422.000000 0.000000 170.000000
366.058101 1807.733446 99.386719 507.435465 200.000000 524.000000 97.000000 38.000000 198.000000 nan
369.519878 1828.533699 101.774153 506.589017 0.000000 366.000000 70.000000 0.000000 1091.000000 nan
370.830369 1829.720649 113.008451 510.021999 120.000000 365.000000 nan 12.000000 2149.000000 179.000000
371.829253 1819.871556 101.211586 524.311143 30.000000 379.000000 58.000000 3.000000 1769.000000 209.000000
373.886296 1834.058758 135.539142 526.766393 40.000000 322.000000 61.000000 4.000000 1045.000000 188.000000
nan 1828.822405 134.175241 524.386619 138.000000 422.000000 58.000000 14.000000 1053.000000 196.000000
372.989495 1825.884653 137.886971 530.968938 0.000000 468.000000 61.000000 0.000000 14.000000 217.000000
373.158074 1819.440559 126.017004 534.676889 0.000000 410.000000 77.000000 0.000000 0.000000 nan
nan 1794.940710 91.256458 531.306145 838.000000 504.000000 109.000000 504.000000 0.000000 178.000000
368.951025 1789.054929 83.083472 536.315255 959.000000 500.000000 160.000000 226.000000 0.000000 187.000000
367.629462 1790.377915 81.850461 524.903820 711.000000 487.000000 168.000000 409.000000 0.000000 158.000000
367.858446 1791.655754 86.083406 512.883258 116.000000 438.000000 152.000000 67.000000 0.000000 185.000000
368.898219 1812.924064 94.399885 nan 661.000000 464.000000 102.000000 462.000000 77.000000 170.000000
370.140924 1825.748202 103.621557 497.620111 276.000000 400.000000 65.000000 124.000000 1587.000000 177.000000
nan 1832.135675 118.198021 499.981438 165.000000 368.000000 55.000000 31.000000 2014.000000 nan
375.116194 1836.114299 126.007215 510.960631 214.000000 429.000000 57.000000 33.000000 1976.000000 159.000000
374.213499 1821.751108 123.200366 515.773224 136.000000 412.000000 59.000000 33.000000 1274.000000 184.000000
374.787873 1830.184976 134.861766 526.635470 194.000000 423.000000 59.000000 40.000000 813.000000 173.000000
374.974880 1830.930990 140.070214 520.937613 103.000000 464.000000 nan 11.000000 97.000000 191.000000
374.254735 1809.144546 111.159416 531.876215 100.000000 402.000000 77.000000 23.000000 0.000000 209.000000
371.960249 1792.111949 102.936335 534.530958 422.000000 326.000000 114.000000 94.000000 0.000000 nan
nan 1783.067000 85.238953 538.612583 594.000000 571.000000 166.000000 215.000000 0.000000 157.000000
371.388008 1785.853113 nan 526.772172 914.000000 454.000000 171.000000 624.000000 nan 160.000000
370.597269 1797.409571 91.076819 517.767061 293.000000 457.000000 154.000000 nan 0.000000 180.000000
369.639077 1813.075119 99.881955 508.758995 221.000000 396.000000 106.000000 64.000000 0.000000 192.000000
372.391300 1830.401159 118.418069 500.721822 163.000000 400.000000 79.000000 67.000000 537.000000 167.000000
374.577186 1835.755139 121.385074 481.309153 149.000000 406.000000 54.000000 nan 2344.000000 186.000000
375.253155 1818.113279 114.062505 492.997160 114.000000 415.000000 61.000000 15.000000 1450.000000 162.000000
375.122590 1829.714358 136.850947 514.792224 318.000000 392.000000 62.000000 107.000000 1241.000000 161.000000
375.917768 1829.436510 138.532913 519.393585 30.000000 430.000000 60.000000 3.000000 690.000000 177.000000
376.971730 1840.651504 144.326921 521.715833 50.000000 508.000000 73.000000 5.000000 0.000000 nan
375.307567 1821.849188 131.359999 519.258271 60.000000 413.000000 79.000000 6.000000 0.000000 199.000000
374.462810 1840.671215 115.355307 523.459474 239.000000 336.000000 120.000000 65.000000 0.000000 187.000000
372.911500 1810.175510 111.562449 nan 976.000000 589.000000 167.000000 552.000000 nan 150.000000
369.609820 1817.651106 113.744938 524.002622 877.000000 472.000000 184.000000 556.000000 nan 153.000000
371.304654 1827.169321 115.566104 516.471242 494.000000 450.000000 157.000000 320.000000 0.000000 162.000000
373.474180 1839.322064 131.321209 505.022421 371.000000 380.000000 110.000000 nan 0.000000 nan
374.453541 1841.342748 131.560543 509.623744 100.000000 402.000000 75.000000 10.000000 916.000000 167.000000
nan nan 147.196104 498.905864 380.000000 364.000000 60.000000 149.000000 1576.000000 142.000000
nan 1766.348190 126.229730 533.213570 318.000000 nan 59.000000 41.000000 1749.000000 190.000000
356.662725 1759.511315 145.780319 535.718119 177.000000 399.000000 63.000000 146.000000 1231.000000 206.000000
357.058691 1756.890033 140.528837 540.325523 258.000000 518.000000 72.000000 182.000000 451.000000 169.000000
357.899729 1757.868678 125.077435 541.081592 265.000000 525.000000 87.000000 197.000000 0.000000 173.000000
nan 1762.036585 120.349605 551.656160 184.000000 496.000000 115.000000 109.000000 0.000000 191.000000
356.533690 1746.307602 104.393175 546.411632 125.000000 443.000000 168.000000 91.000000 0.000000 186.000000
nan 1740.584801 105.484757 543.569666 936.000000 592.000000 174.000000 1400.000000 13.000000 143.000000
350.518838 1740.314025 90.515585 532.833885 894.000000 575.000000 173.000000 1152.000000 31.000000 149.000000
350.819050 1761.399950 93.562551 540.622063 505.000000 575.000000 175.000000 1170.000000 0.000000 141.000000
353.657024 1774.517753 160.374314 535.785915 410.000000 370.000000 nan 365.000000 276.000000 178.000000
354.472846 1773.229685 101.789027 538.376294 404.000000 464.000000 87.000000 nan nan 174.000000
355.632065 1775.476516 127.996103 524.814877 221.000000 504.000000 61.000000 82.000000 1485.000000 nan
356.824299 1772.797043 140.017529 544.369702 486.000000 597.000000 66.000000 236.000000 1356.000000 132.000000
357.903170 1772.203905 121.072103 541.498332 128.000000 514.000000 67.000000 58.000000 829.000000 168.000000
358.993898 1787.014982 169.087375 544.460182 104.000000 508.000000 nan 45.000000 298.000000 179.000000
nan 1772.341275 170.479202 555.663382 145.000000 465.000000 78.000000 54.000000 282.000000 202.000000
359.772110 1774.970744 153.982724 557.074384 219.000000 434.000000 113.000000 300.000000 nan 200.000000
358.058674 1760.462203 124.041549 550.744104 375.000000 395.000000 138.000000 364.000000 37.000000 nan
355.213815 1748.467272 104.779412 561.704731 924.000000 593.000000 173.000000 1352.000000 26.000000 149.000000
352.441046 nan 85.446226 553.935151 755.000000 530.000000 175.000000 364.000000 10.000000 153.000000
351.194711 1773.310017 105.360052 532.072779 662.000000 575.000000 148.000000 932.000000 99.000000 138.000000
353.765961 1766.949745 116.677864 528.256918 133.000000 322.000000 112.000000 54.000000 247.000000 196.000000
355.408132 1793.763363 125.840291 548.218932 224.000000 408.000000 78.000000 134.000000 1077.000000 171.000000
357.979609 nan 133.701664 530.195817 nan 631.000000 66.000000 519.000000 nan 126.000000
359.375530 1804.562177 142.329655 548.021856 523.000000 657.000000 61.000000 362.000000 1700.000000 132.000000
359.351431 1798.150345 nan 541.306778 434.000000 526.000000 69.000000 313.000000 1063.000000 154.000000
359.914977 1795.948199 162.112735 541.506595 194.000000 513.000000 73.000000 107.000000 445.000000 184.000000
359.920992 1786.395492 157.879656 542.552676 258.000000 471.000000 81.000000 99.000000 299.000000 nan
359.907864 1784.175733 158.843791 541.212413 512.000000 597.000000 102.000000 681.000000 300.000000 162.000000
357.316654 1764.980344 113.207116 532.716910 420.000000 370.000000 141.000000 189.000000 35.000000 192.000000
356.839453 1767.294801 116.219879 543.605501 529.000000 460.000000 172.000000 349.000000 1.000000 176.000000
353.407516 1753.278787 106.706814 nan nan 483.000000 179.000000 487.000000 0.000000 172.000000
nan 1770.969298 99.797469 542.284749 433.000000 402.000000 150.000000 277.000000 20.000000 186.000000
354.839622 1787.174283 115.886681 523.553929 204.000000 304.000000 114.000000 98.000000 129.000000 196.000000
355.776092 1790.663420 123.595234 513.518695 194.000000 375.000000 nan 81.000000 1361.000000 192.000000
357.824279 1789.395273 138.167372 517.748757 325.000000 506.000000 67.000000 198.000000 1287.000000 145.000000
357.797126 1790.279780 129.022325 527.238419 489.000000 618.000000 nan 277.000000 866.000000 125.000000
359.687375 1800.116672 149.211014 nan 206.000000 nan 72.000000 50.000000 731.000000 152.000000
360.605246 1801.919601 143.001857 541.324380 104.000000 425.000000 68.000000 58.000000 750.000000 184.000000
362.299328 1801.733452 150.217440 542.263473 184.000000 419.000000 77.000000 79.000000 502.000000 207.000000
360.615782 1789.422652 134.554744 541.483297 101.000000 439.000000 105.000000 61.000000 219.000000 209.000000
358.004914 1786.642305 110.977287 533.618132 nan 413.000000 140.000000 316.000000 0.000000 188.000000
355.550851 1772.478678 88.978553 531.715267 745.000000 540.000000 171.000000 707.000000 6.000000 152.000000
353.992300 1767.095070 98.114199 522.596588 691.000000 471.000000 187.000000 875.000000 0.000000 167.000000
353.674391 1764.979327 99.635434 518.778122 379.000000 497.000000 156.000000 171.000000 52.000000 nan
356.061098 1772.209369 87.846893 517.930065 288.000000 382.000000 114.000000 75.000000 360.000000 184.000000
356.207522 1788.342819 101.560891 nan 158.000000 426.000000 76.000000 48.000000 1120.000000 186.000000
358.853759 1820.673931 147.128553 503.808795 171.000000 454.000000 62.000000 184.000000 1430.000000 176.000000
359.748310 1802.676280 142.294504 nan 292.000000 455.000000 61.000000 129.000000 1643.000000 176.000000
359.884250 1776.672271 126.001751 521.903759 105.000000 433.000000 63.000000 20.000000 1164.000000 186.000000
362.467741 1801.578168 152.903848 528.761493 nan 531.000000 76.000000 6.000000 454.000000 176.000000
361.970156 1792.474958 143.673201 522.801316 100.000000 442.000000 83.000000 10.000000 309.000000 201.000000
361.687017 1793.591722 141.419883 531.629665 385.000000 522.000000 115.000000 494.000000 nan 177.000000
359.760787 1767.929136 103.356969 527.669938 250.000000 438.000000 154.000000 279.000000 0.000000 195.000000
358.381851 1774.889691 102.970232 534.674423 409.000000 435.000000 185.000000 371.000000 0.000000 176.000000
357.198399 1759.926591 141.531866 540.121391 477.000000 468.000000 196.000000 50.000000 0.000000 174.000000
354.081103 1771.428328 121.658926 516.719456 378.000000 459.000000 157.000000 159.000000 nan 176.000000
357.188193 1819.610692 141.227274 499.454639 282.000000 432.000000 119.000000 126.000000 0.000000 182.000000
359.709316 1796.892015 130.782661 502.502909 234.000000 476.000000 86.000000 160.000000 455.000000 176.000000
361.116807 1811.910193 162.044149 507.474900 362.000000 516.000000 72.000000 nan 1078.000000 155.000000
363.858003 1818.293608 138.723243 507.057885 391.000000 560.000000 68.000000 144.000000 1140.000000 144.000000
362.316157 1804.620629 144.275666 520.440199 244.000000 495.000000 76.000000 109.000000 375.000000 174.000000
363.213678 1816.574824 165.575647 524.883771 167.000000 534.000000 77.000000 117.000000 364.000000 166.000000
363.818006 1806.882972 147.560212 nan 50.000000 477.000000 81.000000 nan 285.000000 191.000000
363.835837 1804.591178 133.132041 533.989650 124.000000 504.000000 115.000000 69.000000 0.000000 197.000000
361.768772 1770.246341 99.444493 537.826161 565.000000 439.000000 138.000000 275.000000 68.000000 188.000000
360.191724 1780.904953 104.150639 538.181109 269.000000 474.000000 172.000000 130.000000 nan 182.000000
356.825239 1783.491462 91.257319 528.610384 564.000000 543.000000 195.000000 424.000000 0.000000 155.000000
356.355478 nan nan 523.016809 680.000000 555.000000 165.000000 908.000000 0.000000 150.000000
359.471311 1796.594807 101.393189 508.235155 115.000000 357.000000 110.000000 34.000000 177.000000 204.000000
362.411272 1818.256947 125.952073 498.225370 130.000000 491.000000 90.000000 28.000000 314.000000 185.000000
361.130950 1808.504225 110.012057 506.944849 185.000000 519.000000 65.000000 120.000000 1213.000000 161.000000
364.058846 1816.895000 143.853112 527.155009 200.000000 448.000000 61.000000 29.000000 1564.000000 194.000000
365.293581 1813.877826 158.958615 523.492065 113.000000 383.000000 80.000000 14.000000 480.000000 177.000000
365.379766 1816.651510 nan 530.577610 104.000000 413.000000 66.000000 12.000000 915.000000 199.000000
364.199246 1790.237899 119.451815 530.425538 341.000000 498.000000 84.000000 83.000000 233.000000 nan
366.132387 1794.390238 133.910811 540.114526 20.000000 463.000000 126.000000 2.000000 0.000000 219.000000
363.304301 1777.062041 111.774426 550.076167 537.000000 403.000000 156.000000 530.000000 0.000000 173.000000
361.969181 nan 100.796723 541.548891 nan 455.000000 nan 500.000000 0.000000 153.000000
359.185566 1779.889880 111.647455 542.535761 830.000000 521.000000 188.000000 498.000000 0.000000 151.000000
357.977995 1808.660264 115.921041 516.145759 522.000000 486.000000 161.000000 638.000000 43.000000 157.000000
360.493158 1813.592170 108.410979 499.515285 nan nan 116.000000 3.000000 187.000000 187.000000
362.817882 1807.819630 107.603139 497.202244 177.000000 431.000000 83.000000 116.000000 nan nan
363.337793 1812.434959 120.117820 505.728000 0.000000 388.000000 63.000000 0.000000 1517.000000 193.000000
364.726889 nan 131.474183 520.638756 187.000000 488.000000 65.000000 40.000000 1299.000000 143.000000
366.581586 1811.523739 nan 520.368464 433.000000 nan 67.000000 261.000000 nan 152.000000
nan 1819.271421 151.394655 530.096555 nan 447.000000 73.000000 39.000000 550.000000 187.000000
368.243953 1817.461659 143.584431 533.702679 263.000000 544.000000 80.000000 144.000000 384.000000 172.000000
366.570331 1805.369590 130.420725 534.325697 403.000000 486.000000 119.000000 367.000000 0.000000 183.000000
365.302936 1795.379355 122.118256 533.592277 467.000000 425.000000 139.000000 89.000000 18.000000 178.000000
361.723260 1791.401966 85.999353 524.917172 458.000000 500.000000 173.000000 167.000000 5.000000 175.000000
359.777163 1775.821815 83.958005 514.178640 725.000000 459.000000 179.000000 608.000000 0.000000 155.000000
359.122187 1792.104565 97.333050 503.196060 nan 476.000000 185.000000 228.000000 0.000000 155.000000
362.304272 1812.818409 123.706957 508.209241 456.000000 410.000000 116.000000 62.000000 144.000000 173.000000
363.964795 1812.686371 125.617468 492.145273 231.000000 406.000000 78.000000 nan 821.000000 nan
366.212352 1827.896166 149.402191 497.636852 566.000000 463.000000 58.000000 332.000000 1810.000000 141.000000
366.865663 1812.574942 176.276074 nan 100.000000 454.000000 66.000000 17.000000 1270.000000 183.000000
367.724242 1818.361513 152.416997 517.691833 187.000000 364.000000 71.000000 62.000000 831.000000 160.000000
369.102236 1825.702052 163.092013 525.874773 171.000000 384.000000 67.000000 66.000000 854.000000 185.000000
369.598268 1825.835372 167.285214 nan 118.000000 483.000000 71.000000 13.000000 686.000000 205.000000
369.539359 1819.705524 156.297224 555.053901 101.000000 435.000000 115.000000 17.000000 0.000000 212.000000
366.260169 1820.026749 137.576649 544.165403 198.000000 372.000000 149.000000 66.000000 0.000000 208.000000
366.017366 1809.461703 128.861254 553.588786 534.000000 661.000000 196.000000 450.000000 0.000000 167.000000
362.875159 1805.764932 114.575005 544.464825 556.000000 494.000000 184.000000 228.000000 0.000000 149.000000
nan 1803.394145 nan 534.724483 332.000000 477.000000 184.000000 93.000000 0.000000 160.000000
365.784762 1842.499165 161.372965 523.969441 552.000000 465.000000 132.000000 448.000000 0.000000 157.000000
367.736853 1834.164696 145.669218 528.279608 128.000000 402.000000 88.000000 154.000000 303.000000 nan
368.076188 nan 143.280438 520.947040 237.000000 345.000000 62.000000 130.000000 1413.000000 154.000000
370.347035 nan 148.576165 529.883243 165.000000 433.000000 67.000000 23.000000 1225.000000 192.000000
371.295511 1835.708513 nan 533.489483 0.000000 398.000000 70.000000 0.000000 750.000000 219.000000
372.112772 1835.461695 166.391252 538.860600 225.000000 463.000000 72.000000 89.000000 512.000000 193.000000
372.241535 1825.843858 149.349168 541.715939 20.000000 518.000000 83.000000 2.000000 16.000000 200.000000
372.118408 1834.458331 150.362986 536.790704 138.000000 429.000000 110.000000 34.000000 nan 194.000000
371.796433 1809.693251 108.918217 539.672664 488.000000 409.000000 144.000000 916.000000 0.000000 163.000000
366.794579 1780.002056 84.590678 534.429021 731.000000 547.000000 180.000000 608.000000 0.000000 147.000000
365.065027 1790.693111 79.989338 536.376094 587.000000 460.000000 186.000000 389.000000 0.000000 162.000000
363.220754 1810.368015 94.695418 508.372731 417.000000 660.000000 167.000000 299.000000 0.000000 160.000000
366.057529 1807.645154 98.546663 507.363668 30.000000 556.000000 nan 3.000000 209.000000 180.000000
369.292437 1827.621839 101.929111 506.650078 0.000000 394.000000 82.000000 0.000000 608.000000 205.000000
370.843885 1829.660975 110.758076 510.118348 137.000000 369.000000 60.000000 14.000000 1711.000000 159.000000
371.518490 1820.246698 101.232141 524.174703 0.000000 399.000000 66.000000 0.000000 1179.000000 189.000000
373.941370 1834.756907 136.549852 526.546273 0.000000 343.000000 76.000000 0.000000 472.000000 183.000000
372.512759 1828.864893 134.553063 nan 60.000000 463.000000 72.000000 6.000000 478.000000 196.000000
373.014915 1826.643561 138.370915 530.890876 149.000000 515.000000 86.000000 15.000000 77.000000 208.000000
373.129953 1818.596610 126.347339 534.765062 20.000000 439.000000 124.000000 2.000000 0.000000 215.000000
370.954035 nan 91.049469 531.368371 808.000000 546.000000 145.000000 823.000000 0.000000 155.000000
369.023499 1787.753058 83.141631 536.171191 549.000000 441.000000 179.000000 358.000000 2.000000 185.000000
367.633917 1789.411891 81.863472 524.926070 386.000000 504.000000 178.000000 179.000000 0.000000 158.000000
367.598056 1789.416849 85.168200 513.442550 180.000000 480.000000 159.000000 63.000000 0.000000 nan
368.650670 1812.887151 94.621233 502.626189 533.000000 495.000000 125.000000 411.000000 15.000000 140.000000
370.157869 1826.273636 103.713855 497.964980 301.000000 432.000000 75.000000 178.000000 1125.000000 145.000000
372.628873 1831.713401 118.698258 500.350121 212.000000 378.000000 64.000000 72.000000 1665.000000 150.000000
374.878892 1837.026337 127.134283 511.257164 272.000000 445.000000 60.000000 82.000000 1465.000000 151.000000
374.206189 1821.784434 122.682713 515.998796 239.000000 439.000000 66.000000 79.000000 856.000000 169.000000
374.675682 1830.597631 134.707900 526.944066 211.000000 425.000000 71.000000 99.000000 632.000000 174.000000
nan 1831.233819 140.347136 521.518949 100.000000 518.000000 86.000000 10.000000 39.000000 187.000000
374.256574 1809.747057 111.871808 531.973063 138.000000 429.000000 115.000000 46.000000 0.000000 186.000000
371.941166 1792.087461 102.501832 535.674258 331.000000 343.000000 150.000000 178.000000 0.000000 157.000000
372.599018 1782.157415 85.281200 540.847591 341.000000 514.000000 186.000000 131.000000 0.000000 154.000000
nan 1784.285081 86.100314 527.076320 790.000000 487.000000 185.000000 679.000000 0.000000 146.000000
370.308350 1796.455101 91.313555 518.212117 277.000000 500.000000 171.000000 nan 0.000000 150.000000
369.591693 1812.045127 99.935648 509.281619 100.000000 428.000000 124.000000 17.000000 10.000000 172.000000
372.408381 1831.788756 118.835167 500.821198 294.000000 415.000000 95.000000 175.000000 154.000000 150.000000
374.523141 1835.873720 120.736900 488.367422 106.000000 452.000000 nan 22.000000 1837.000000 163.000000
374.920721 1817.523863 113.762817 500.859874 100.000000 443.000000 65.000000 10.000000 1268.000000 157.000000
375.121504 1830.217949 137.298479 514.747971 361.000000 421.000000 66.000000 194.000000 1157.000000 158.000000
375.822900 1828.710798 139.013871 nan 104.000000 437.000000 70.000000 25.000000 643.000000 nan
377.125846 1842.849253 145.505401 522.097992 102.000000 538.000000 97.000000 13.000000 0.000000 177.000000
375.310628 1822.100047 132.785484 519.213075 70.000000 428.000000 113.000000 7.000000 0.000000 182.000000
374.439262 1843.671410 115.455109 523.524438 236.000000 357.000000 159.000000 171.000000 0.000000 161.000000
372.888273 1811.895421 113.072388 540.209688 576.000000 540.000000 183.000000 480.000000 0.000000 143.000000
369.606261 nan 115.621398 524.349340 580.000000 464.000000 197.000000 408.000000 0.000000 148.000000
371.233981 1828.010774 115.909574 516.957550 347.000000 488.000000 171.000000 184.000000 0.000000 148.000000
373.417709 1839.598813 130.364214 505.203515 492.000000 404.000000 131.000000 462.000000 0.000000 137.000000
374.428354 1841.675536 130.894024 509.674914 150.000000 434.000000 nan 102.000000 775.000000 160.000000
377.173269 1902.242340 149.497282 499.096664 399.000000 399.000000 66.000000 275.000000 1415.000000 139.000000
356.149791 1766.366175 126.240386 533.417351 300.000000 481.000000 67.000000 30.000000 1278.000000 nan
nan 1760.263585 145.881505 535.827108 488.000000 472.000000 80.000000 nan 733.000000 175.000000
357.074937 1757.356650 140.622220 540.313567 533.000000 585.000000 93.000000 265.000000 152.000000 156.000000
357.960964 1759.217149 124.452587 541.100402 492.000000 605.000000 120.000000 476.000000 0.000000 148.000000
358.163476 1762.238376 120.821182 552.291485 356.000000 568.000000 160.000000 200.000000 0.000000 156.000000
356.561498 1745.998473 104.335455 546.351980 147.000000 468.000000 217.000000 30.000000 0.000000 155.000000
353.482113 1740.595151 106.250644 544.116974 695.000000 555.000000 201.000000 618.000000 18.000000 nan
350.549238 1740.596772 90.986948 532.780060 708.000000 530.000000 205.000000 1286.000000 24.000000 135.000000
350.813192 1761.587755 93.785522 540.826040 715.000000 566.000000 189.000000 1043.000000 0.000000 119.000000
353.749374 1774.381529 159.095994 537.124439 529.000000 nan 136.000000 403.000000 180.000000 153.000000
354.594359 1774.491777 101.745672 539.263861 458.000000 502.000000 100.000000 159.000000 112.000000 nan
355.602174 1775.545065 126.145360 524.753467 276.000000 486.000000 68.000000 88.000000 1382.000000 147.000000
356.792093 1773.195826 140.543104 544.923848 673.000000 650.000000 71.000000 372.000000 1179.000000 112.000000
357.917750 1772.985844 118.968021 541.553684 249.000000 530.000000 nan 54.000000 662.000000 152.000000
359.011790 1787.183572 169.512229 544.558346 nan 532.000000 92.000000 91.000000 41.000000 164.000000
nan 1771.794414 170.521981 556.034165 377.000000 541.000000 111.000000 680.000000 47.000000 nan
359.724569 1772.697469 153.240577 558.564025 572.000000 524.000000 nan 266.000000 0.000000 168.000000
357.959076 1758.301096 125.416418 550.767765 578.000000 461.000000 nan 982.000000 1.000000 153.000000
nan 1747.212110 107.356120 561.930306 770.000000 546.000000 195.000000 785.000000 20.000000 134.000000
352.560746 1727.354664 86.009969 554.363670 527.000000 496.000000 210.000000 776.000000 20.000000 149.000000
351.185671 1773.452078 105.965483 532.276700 740.000000 584.000000 nan 1304.000000 39.000000 114.000000
353.759202 1766.380300 116.531848 528.160995 245.000000 388.000000 134.000000 29.000000 141.000000 161.000000
355.475834 1793.227417 127.628887 547.112065 382.000000 464.000000 85.000000 134.000000 803.000000 143.000000
nan 1791.585132 132.906179 530.170019 1027.000000 686.000000 79.000000 481.000000 811.000000 117.000000
359.363131 1804.069227 143.500804 548.391189 688.000000 689.000000 73.000000 415.000000 1343.000000 115.000000
359.359312 1798.629952 161.866362 542.119046 nan 591.000000 85.000000 677.000000 490.000000 133.000000
359.885077 nan 162.479686 541.812539 168.000000 530.000000 93.000000 198.000000 138.000000 165.000000
nan 1786.165709 158.143636 542.745161 267.000000 573.000000 113.000000 291.000000 106.000000 160.000000
359.803465 1783.236418 156.500128 541.465811 976.000000 625.000000 148.000000 1184.000000 95.000000 135.000000
357.306319 1763.136716 112.327838 nan 530.000000 468.000000 189.000000 937.000000 nan 153.000000
356.879771 1768.686742 118.832051 542.810182 525.000000 438.000000 202.000000 616.000000 0.000000 153.000000
353.479188 1755.630876 111.215264 545.145248 599.000000 479.000000 204.000000 835.000000 17.000000 149.000000
351.722015 1771.618804 101.544448 541.491199 353.000000 449.000000 183.000000 617.000000 17.000000 153.000000
354.898911 1789.949221 117.525965 523.297328 100.000000 328.000000 138.000000 37.000000 33.000000 171.000000
nan 1790.847902 123.774816 513.823982 365.000000 431.000000 85.000000 147.000000 959.000000 155.000000
357.809564 1790.046747 nan 518.103581 525.000000 564.000000 76.000000 144.000000 896.000000 138.000000
357.785519 1790.888249 129.150067 527.558314 556.000000 633.000000 72.000000 215.000000 1032.000000 128.000000
359.684828 1800.892480 nan 531.735536 416.000000 552.000000 79.000000 52.000000 676.000000 145.000000
360.720749 1802.687790 143.456326 541.241430 159.000000 493.000000 86.000000 nan 432.000000 168.000000
362.374720 1802.027354 150.501995 542.517319 339.000000 468.000000 108.000000 nan 170.000000 176.000000
360.497049 1789.697696 134.756128 541.574996 327.000000 491.000000 nan 365.000000 114.000000 168.000000
358.044464 1789.945506 114.788877 534.855356 535.000000 495.000000 189.000000 83.000000 0.000000 147.000000
355.548771 1774.638136 89.404197 532.076246 590.000000 507.000000 213.000000 1127.000000 nan 143.000000
354.138158 1766.546777 98.278007 522.979967 671.000000 455.000000 216.000000 221.000000 0.000000 153.000000
353.658358 1766.478540 nan 519.819759 368.000000 504.000000 181.000000 231.000000 33.000000 141.000000
356.012835 1772.268641 88.455649 524.378546 265.000000 394.000000 134.000000 183.000000 185.000000 157.000000
356.068883 nan 100.084309 499.195435 80.000000 453.000000 81.000000 8.000000 953.000000 157.000000
358.748235 1823.317966 151.742940 503.965529 315.000000 503.000000 81.000000 209.000000 1109.000000 148.000000
nan 1802.341754 143.880574 513.628042 582.000000 519.000000 68.000000 185.000000 1368.000000 161.000000
359.795157 1776.447232 126.759828 nan 150.000000 478.000000 73.000000 nan 956.000000 166.000000
362.458721 1801.514924 153.012728 529.405892 322.000000 563.000000 94.000000 129.000000 139.000000 158.000000
361.971968 1793.754872 146.089779 523.407078 204.000000 488.000000 110.000000 241.000000 152.000000 185.000000
361.669176 1793.402366 143.734802 531.888435 476.000000 609.000000 161.000000 488.000000 0.000000 143.000000
