356.585789 1766.396405 126.187110 532.382747 374.000000 335.000000 85.000000 100.000000 948.000000 178.000000
356.549272 1757.773145 145.375587 535.285785 333.000000 342.000000 78.000000 47.000000 1071.000000 177.000000
357.210783 1758.540476 140.155320 540.373347 117.000000 355.000000 82.000000 17.000000 595.000000 190.000000
357.746027 1754.087282 127.839251 541.006355 40.000000 370.000000 93.000000 4.000000 94.000000 179.000000
358.015648 1762.010123 118.493647 548.743698 100.000000 331.000000 97.000000 169.000000 158.000000 180.000000
356.412223 1748.340444 104.639636 546.565432 0.000000 312.000000 122.000000 0.000000 0.000000 194.000000
352.742498 1740.414461 101.933438 541.112598 90.000000 451.000000 163.000000 9.000000 0.000000 177.000000
350.394156 1739.274822 88.607186 533.037730 573.000000 376.000000 169.000000 197.000000 0.000000 178.000000
350.816383 1760.665041 93.039363 539.775379 187.000000 385.000000 160.000000 368.000000 0.000000 183.000000
353.324401 1775.538264 164.376779 529.846100 222.000000 254.000000 125.000000 389.000000 1.000000 208.000000
354.067681 1769.747514 102.953644 534.592211 135.000000 307.000000 106.000000 36.000000 335.000000 182.000000
355.966765 1775.834969 135.691882 525.060515 278.000000 396.000000 84.000000 50.000000 1155.000000 177.000000
356.949070 1772.305984 137.611814 541.867982 592.000000 419.000000 88.000000 230.000000 684.000000 154.000000
357.871745 1770.753738 130.391314 541.276907 348.000000 374.000000 101.000000 308.000000 259.000000 180.000000
358.931669 1786.436767 167.292216 544.078181 561.000000 472.000000 80.000000 179.000000 766.000000 155.000000
360.115007 1776.103499 170.219530 554.094188 20.000000 324.000000 92.000000 2.000000 138.000000 196.000000
360.127157 1786.946881 156.474302 550.397956 50.000000 334.000000 91.000000 5.000000 328.000000 178.000000
358.577741 1770.225555 117.817195 550.542252 0.000000 354.000000 103.000000 0.000000 134.000000 187.000000
355.281178 1752.613357 92.554847 560.147652 50.000000 392.000000 156.000000 5.000000 1.000000 191.000000
351.811961 1729.664114 83.269969 552.512301 401.000000 404.000000 160.000000 103.000000 0.000000 179.000000
351.142069 1774.099239 102.994270 531.041461 215.000000 414.000000 155.000000 278.000000 22.000000 175.000000
353.794959 1771.319756 117.314349 528.594068 202.000000 341.000000 133.000000 86.000000 0.000000 196.000000
355.329924 1798.073078 119.185540 550.739012 144.000000 343.000000 104.000000 39.000000 221.000000 178.000000
357.800709 1788.379276 137.120635 530.299001 559.000000 575.000000 95.000000 589.000000 410.000000 147.000000
359.446833 1808.328267 139.366761 545.310098 411.000000 439.000000 85.000000 100.000000 627.000000 154.000000
359.364893 1797.122568 159.984442 536.827884 664.000000 491.000000 94.000000 347.000000 78.000000 147.000000
360.127512 1797.172217 162.017994 540.851323 896.000000 456.000000 92.000000 368.000000 322.000000 154.000000
360.014712 1788.702392 157.758433 541.947689 120.000000 329.000000 102.000000 12.000000 0.000000 182.000000
360.588156 1790.024062 168.320116 541.069066 100.000000 423.000000 108.000000 72.000000 0.000000 167.000000
357.426836 1772.404944 115.914108 528.304023 0.000000 338.000000 125.000000 0.000000 0.000000 184.000000
356.474236 1766.629675 107.377830 546.994916 60.000000 371.000000 160.000000 6.000000 0.000000 175.000000
352.937925 1749.747769 89.269097 546.655309 510.000000 441.000000 183.000000 51.000000 0.000000 171.000000
351.839338 1768.784314 94.129294 544.355829 116.000000 328.000000 161.000000 45.000000 0.000000 187.000000
354.620118 1780.562044 110.422012 523.932210 139.000000 344.000000 128.000000 59.000000 0.000000 191.000000
355.739729 1790.282858 122.135564 512.350395 112.000000 303.000000 103.000000 33.000000 423.000000 178.000000
357.884562 1792.286880 140.796519 516.397803 666.000000 533.000000 92.000000 473.000000 794.000000 146.000000
358.053892 1788.265645 128.566942 525.980380 757.000000 612.000000 96.000000 531.000000 301.000000 134.000000
359.693002 1797.131812 146.359401 531.014498 650.000000 506.000000 95.000000 409.000000 391.000000 145.000000
360.256873 1801.151195 141.147928 542.721113 388.000000 400.000000 93.000000 56.000000 227.000000 175.000000
361.993826 1800.477549 149.052690 541.240893 0.000000 307.000000 92.000000 0.000000 187.000000 202.000000
361.142021 1788.325078 133.733763 541.118025 100.000000 381.000000 103.000000 12.000000 0.000000 179.000000
357.581031 1782.228520 101.175925 528.061005 0.000000 284.000000 120.000000 0.000000 0.000000 185.000000
355.589182 1765.812449 87.216036 530.209066 50.000000 411.000000 153.000000 5.000000 1.000000 188.000000
353.327930 1769.907877 100.463637 521.046103 291.000000 421.000000 161.000000 40.000000 0.000000 173.000000
353.708265 1764.054210 98.749199 514.733555 136.000000 340.000000 157.000000 55.000000 19.000000 194.000000
356.014181 1776.479058 90.299883 487.555445 132.000000 431.000000 136.000000 32.000000 0.000000 189.000000
357.048889 1796.431917 109.132472 497.414917 389.000000 425.000000 102.000000 286.000000 476.000000 181.000000
359.116274 1813.557609 135.017667 503.290717 205.000000 396.000000 93.000000 64.000000 524.000000 190.000000
360.438751 1807.703750 145.365649 513.234757 186.000000 321.000000 97.000000 72.000000 419.000000 193.000000
360.435554 1779.188766 125.879922 520.422438 444.000000 443.000000 86.000000 215.000000 732.000000 171.000000
nan nan 154.441345 nan nan nan nan 63.000000 118.000000 nan
nan nan nan nan nan nan nan nan 59.000000 nan
361.761086 nan nan 530.848560 nan nan nan nan nan nan
nan nan 103.414702 nan nan 422.000000 129.000000 nan nan nan
nan 1782.178991 nan nan nan nan 163.000000 nan nan 188.000000
nan 1754.512137 nan nan nan nan 186.000000 nan nan nan
355.920217 nan nan 512.911704 344.000000 nan 169.000000 442.000000 nan nan
nan nan nan nan nan nan nan 30.000000 nan nan
nan nan 128.925890 nan 244.000000 nan 91.000000 nan nan nan
nan 1811.702030 nan nan nan nan nan nan nan nan
nan nan nan nan nan 544.000000 nan nan nan nan
nan 1801.048161 nan 520.075810 nan nan 105.000000 nan nan 166.000000
363.145200 nan nan nan 276.000000 425.000000 nan nan nan 163.000000
363.843274 1804.977282 146.622425 522.518663 220.000000 nan nan nan nan nan
nan nan 132.537045 533.113566 nan nan 93.000000 3.000000 215.000000 158.000000
nan nan nan 536.200065 0.000000 343.000000 nan nan nan nan
nan 1780.842836 nan 533.512937 90.000000 nan nan nan 0.000000 nan
nan nan 87.573096 nan nan 387.000000 nan nan nan nan
356.340922 nan 80.955048 523.296928 nan 489.000000 nan 45.000000 nan 178.000000
nan nan 96.875812 nan nan nan 127.000000 21.000000 nan nan
nan nan nan nan nan nan nan nan nan 186.000000
361.618783 nan nan 506.823158 106.000000 383.000000 101.000000 nan nan 179.000000
364.108406 nan 136.794759 519.625661 110.000000 413.000000 nan nan 346.000000 nan
nan nan nan 523.063972 nan nan nan nan nan 152.000000
nan nan nan nan nan 413.000000 nan 16.000000 nan nan
363.683789 1774.264694 nan nan 20.000000 350.000000 nan nan 0.000000 182.000000
nan nan 127.077597 nan nan nan 109.000000 nan nan nan
363.272005 1774.029144 nan nan 0.000000 nan nan nan 1.000000 nan
nan nan 94.627612 nan nan nan nan nan 0.000000 162.000000
nan nan 100.474038 538.965608 nan 412.000000 nan nan nan 159.000000
357.932766 nan 112.145050 nan 191.000000 nan nan nan nan nan
nan nan 111.212630 nan 130.000000 nan nan 39.000000 49.000000 187.000000
nan 1804.433067 nan nan nan nan nan nan 100.000000 nan
nan 1816.188634 nan nan 212.000000 nan 99.000000 nan nan nan
nan 1816.050437 nan 519.564858 425.000000 nan nan 125.000000 92.000000 131.000000
nan 1807.767776 nan nan nan nan nan 46.000000 683.000000 166.000000
366.723090 1820.014832 nan nan 120.000000 nan nan nan nan nan
nan 1808.131238 134.766369 nan nan nan 92.000000 nan 148.000000 nan
nan nan nan 533.509514 nan nan nan nan 0.000000 nan
nan 1797.685476 nan nan nan nan nan nan nan nan
361.595980 nan nan nan 110.000000 425.000000 nan 11.000000 nan nan
nan 1772.183562 nan 513.649977 130.000000 415.000000 nan 13.000000 nan nan
nan 1794.980358 nan nan nan 360.000000 nan nan nan nan
nan nan 108.387187 507.141390 nan nan nan nan 23.000000 nan
nan 1809.538773 nan nan nan nan nan nan 0.000000 nan
366.148752 nan nan nan nan 400.000000 nan nan nan nan
nan nan nan 514.659726 nan nan nan nan nan 155.000000
nan nan nan nan 685.000000 nan nan nan nan nan
nan nan 160.848551 nan nan nan nan 186.000000 nan nan
nan nan nan nan 50.000000 nan nan nan nan nan
nan nan nan 546.930622 90.000000 nan 101.000000 nan 28.000000 156.000000
nan nan nan nan 0.000000 nan nan 0.000000 nan nan
366.065468 nan 110.058794 nan 160.000000 nan 175.000000 16.000000 nan 178.000000
nan 1800.858318 nan 544.864021 nan nan nan nan 0.000000 nan
nan 1795.907061 nan 534.535443 nan nan nan nan 0.000000 nan
365.575272 1837.087060 157.289425 nan nan nan nan nan nan nan
nan 1833.354023 nan 528.114314 194.000000 nan 102.000000 nan nan nan
nan nan 150.258194 nan nan 340.000000 nan 99.000000 nan 184.000000
370.421170 1829.211372 143.435591 nan nan nan nan 25.000000 nan 176.000000
nan 1832.356710 nan nan 198.000000 nan nan 31.000000 nan 185.000000
nan 1837.037144 nan nan nan nan 83.000000 nan nan nan
372.501501 1829.667286 153.450389 nan nan nan nan 3.000000 614.000000 nan
nan nan nan 535.946646 nan nan nan nan 355.000000 185.000000
372.531865 nan 102.767870 nan 0.000000 nan nan 0.000000 nan nan
nan nan 86.275284 534.798754 320.000000 425.000000 159.000000 32.000000 nan nan
365.125703 1783.358971 nan 536.039740 nan 400.000000 nan nan 0.000000 nan
nan 1815.894153 109.184162 nan 263.000000 nan 154.000000 154.000000 nan nan
366.052414 nan nan nan 130.000000 nan nan 30.000000 nan 212.000000
370.284384 nan nan nan nan nan nan 23.000000 nan nan
nan 1829.918142 121.925954 nan 125.000000 nan nan 45.000000 nan nan
373.203640 nan nan nan 109.000000 nan nan 38.000000 nan nan
nan 1833.035778 nan 527.425774 168.000000 nan nan nan nan 160.000000
372.526644 nan 133.572276 nan 264.000000 nan nan nan nan nan
nan 1824.139083 nan nan nan nan 95.000000 0.000000 nan 200.000000
373.245747 1823.262820 nan 534.578640 nan nan nan nan nan nan
nan nan 92.294897 531.134855 30.000000 nan nan nan nan nan
nan 1793.168065 nan nan 90.000000 nan 159.000000 nan nan 190.000000
367.625523 nan 80.990781 nan nan nan 175.000000 nan 0.000000 nan
368.961483 1799.700609 89.446388 511.307884 116.000000 367.000000 nan nan nan 191.000000
nan 1813.314775 93.628492 nan nan nan 127.000000 nan 12.000000 nan
nan nan nan nan nan nan 92.000000 nan nan nan
373.751257 nan 118.507974 nan 106.000000 347.000000 91.000000 nan nan nan
nan nan 123.834489 nan nan 413.000000 nan 186.000000 358.000000 nan
nan nan nan 515.244470 nan nan 81.000000 nan 1112.000000 177.000000
375.228267 nan nan nan 290.000000 nan 89.000000 58.000000 431.000000 168.000000
nan nan nan 519.544098 nan 350.000000 83.000000 nan nan nan
nan nan 110.276103 nan nan 350.000000 nan nan nan nan
nan nan nan nan 0.000000 338.000000 nan 0.000000 0.000000 nan
nan nan 84.062938 nan nan 425.000000 164.000000 13.000000 nan 167.000000
nan 1790.753341 nan 525.866773 1119.000000 nan nan 297.000000 nan 167.000000
371.925462 nan nan 516.299368 nan nan nan 50.000000 nan nan
nan 1816.582818 99.624438 nan nan nan 128.000000 35.000000 nan nan
nan nan 119.407403 nan nan nan nan nan nan nan
nan nan nan nan nan 333.000000 nan nan nan 181.000000
nan nan 116.989903 nan 204.000000 nan 95.000000 46.000000 nan nan
375.120650 1828.201461 nan nan nan nan nan nan 626.000000 nan
376.306977 1831.790106 nan nan 179.000000 376.000000 nan 37.000000 nan 165.000000
nan nan nan nan 70.000000 nan nan 7.000000 nan nan
nan nan nan nan nan nan 102.000000 nan nan 163.000000
nan nan nan nan nan nan nan nan nan nan
nan nan nan 541.912925 nan nan nan nan 0.000000 166.000000
nan nan nan nan 235.000000 nan 167.000000 30.000000 0.000000 nan
nan 1823.874709 nan nan 198.000000 nan 167.000000 87.000000 nan 164.000000
nan nan nan nan 130.000000 317.000000 134.000000 35.000000 0.000000 nan
nan 1839.686238 nan 509.551527 nan nan 111.000000 40.000000 nan nan
nan nan nan nan nan nan 99.000000 nan 449.000000 133.000000
356.500022 nan 126.197764 532.591941 nan nan 76.000000 nan 904.000000 178.000000
nan nan 145.476769 nan nan 394.000000 68.000000 nan nan nan
357.142749 nan nan 540.361391 nan 393.000000 nan nan nan nan
nan nan nan 541.025163 148.000000 nan 76.000000 nan nan 200.000000
nan nan 118.933907 549.527770 nan nan 86.000000 nan nan 207.000000
356.443481 nan nan nan nan 266.000000 nan 18.000000 nan nan
nan nan nan nan nan nan nan nan 0.000000 nan
nan nan 89.085614 532.988612 nan 415.000000 181.000000 840.000000 0.000000 nan
nan nan nan 539.991296 nan nan 169.000000 nan 0.000000 160.000000
353.401444 nan 163.631386 nan nan nan 119.000000 122.000000 0.000000 196.000000
354.156801 nan nan nan nan nan 93.000000 nan 81.000000 183.000000
355.858110 1775.652055 133.755730 524.999106 340.000000 478.000000 72.000000 nan nan nan
356.921638 nan nan 542.526560 nan 472.000000 nan nan nan 160.000000
nan nan nan 541.332266 nan nan nan nan 64.000000 183.000000
358.945719 nan nan nan 457.000000 nan nan 204.000000 nan nan
nan nan nan nan 40.000000 nan nan 4.000000 237.000000 220.000000
nan nan 155.964432 nan 40.000000 nan nan 4.000000 90.000000 nan
nan nan 119.440644 nan 390.000000 nan nan nan 54.000000 nan
nan 1751.721915 nan nan 291.000000 nan nan 155.000000 nan nan
351.984101 nan nan 552.815785 nan nan nan nan nan nan
nan nan 103.592590 531.328895 nan nan nan 300.000000 0.000000 nan
nan 1769.996306 117.154154 nan nan nan nan nan 0.000000 nan
nan 1796.775685 120.764847 nan nan nan 89.000000 nan 252.000000 nan
nan nan nan nan nan nan nan nan nan nan
nan 1807.219927 139.842792 546.141284 451.000000 518.000000 81.000000 nan 638.000000 156.000000
nan nan nan 538.080872 nan nan 82.000000 nan 23.000000 nan
nan nan nan nan nan 483.000000 nan 186.000000 nan nan
nan nan 157.655164 542.071449 nan nan nan 39.000000 0.000000 nan
nan nan nan nan nan 422.000000 nan nan nan nan
nan 1770.560576 115.371236 529.181090 180.000000 228.000000 120.000000 nan 0.000000 nan
356.580192 nan nan nan nan nan nan 225.000000 nan 163.000000
nan nan nan nan nan 432.000000 nan 646.000000 0.000000 nan
nan nan 95.312587 543.999697 103.000000 nan 163.000000 nan 0.000000 182.000000
nan 1781.522414 nan 523.943708 nan nan 120.000000 nan nan 192.000000
nan nan 122.588916 512.634220 103.000000 nan 84.000000 nan 581.000000 nan
nan nan nan nan 569.000000 531.000000 82.000000 nan nan nan
nan 1788.706695 128.673781 nan 655.000000 nan 84.000000 650.000000 241.000000 nan
nan 1797.852890 146.900867 nan nan 505.000000 78.000000 nan nan nan
360.318396 nan nan nan 398.000000 396.000000 nan nan 76.000000 184.000000
362.068980 1800.802648 nan 541.496107 nan nan nan nan nan nan
nan 1788.597591 nan nan nan 335.000000 nan 30.000000 nan nan
nan nan nan nan nan nan 119.000000 27.000000 0.000000 nan
nan 1767.200439 nan 530.590478 nan 439.000000 173.000000 127.000000 nan nan
nan 1769.120345 99.606818 nan 516.000000 nan nan 370.000000 nan 143.000000
nan nan nan nan nan 311.000000 nan nan nan nan
nan nan 88.970742 494.784353 nan 409.000000 nan nan nan nan
nan nan 107.048983 nan nan 449.000000 nan nan nan 179.000000
nan nan nan 503.402495 174.000000 419.000000 nan nan nan nan
360.244437 nan 143.210736 nan 141.000000 350.000000 nan nan nan 192.000000
nan nan nan 520.767794 353.000000 nan 73.000000 220.000000 nan nan
362.493122 nan 153.799889 527.033292 nan nan 80.000000 nan nan nan
nan 1789.608521 nan 521.567085 nan nan 80.000000 nan nan nan
nan nan 136.900102 nan nan nan nan 16.000000 nan 197.000000
359.819901 nan 102.942385 520.997893 nan nan nan 94.000000 nan 198.000000
nan 1780.252930 nan 525.496079 456.000000 408.000000 nan nan nan 163.000000
357.068893 nan 141.938450 nan 545.000000 nan 194.000000 335.000000 0.000000 nan
nan nan nan nan nan nan nan 1709.000000 nan nan
357.906777 nan 135.031693 nan nan 363.000000 nan nan nan 186.000000
nan 1794.122528 nan nan nan nan 80.000000 94.000000 nan nan
nan nan nan 506.925484 nan nan nan nan 374.000000 nan
363.679955 nan nan nan 420.000000 nan 83.000000 nan nan nan
362.260367 1801.809356 136.985819 520.147018 nan nan nan nan nan 170.000000
nan nan nan 523.306135 nan nan nan nan nan nan
nan nan 146.762462 522.965316 nan 369.000000 76.000000 13.000000 nan 196.000000
nan nan 132.696215 533.293784 nan nan nan 3.000000 77.000000 nan
nan 1771.374925 94.381362 nan nan 249.000000 117.000000 18.000000 1.000000 nan
nan 1780.898745 nan 534.434445 nan nan 172.000000 nan nan nan
nan nan 88.248963 nan 882.000000 392.000000 nan nan 0.000000 nan
nan nan 81.560163 nan 185.000000 nan 184.000000 137.000000 0.000000 nan
nan nan nan nan 106.000000 224.000000 nan 40.000000 0.000000 205.000000
nan nan nan nan nan 368.000000 107.000000 nan 0.000000 nan
nan nan 105.791231 nan nan nan nan 71.000000 nan 182.000000
nan nan nan 521.374965 nan nan nan nan nan 190.000000
nan nan 151.611678 nan 109.000000 nan nan nan nan nan
nan 1814.150957 nan 528.095384 nan nan nan nan nan nan
nan nan nan nan nan nan nan nan nan nan
366.206523 nan 128.340805 nan nan nan 95.000000 nan nan nan
nan nan nan nan nan nan 122.000000 8.000000 0.000000 nan
361.975248 nan nan 543.789423 nan 463.000000 177.000000 nan 0.000000 nan
nan 1774.531708 102.668763 nan nan 415.000000 nan nan nan 147.000000
357.943986 nan nan nan 383.000000 nan nan 279.000000 nan nan
nan nan nan nan 106.000000 305.000000 nan 70.000000 nan 182.000000
nan nan nan 496.020834 164.000000 nan 96.000000 nan 0.000000 184.000000
nan 1814.481211 121.724744 nan nan nan nan nan nan nan
nan nan 130.751087 nan nan nan nan nan 168.000000 nan
nan nan nan 519.215296 nan nan 72.000000 57.000000 705.000000 181.000000
366.716457 nan 149.333714 528.904044 nan nan 78.000000 13.000000 118.000000 nan
368.533838 nan nan 534.754714 nan nan nan 27.000000 159.000000 nan
nan nan 130.722324 533.653720 nan nan 103.000000 11.000000 nan 207.000000
365.536093 nan 113.381167 nan nan nan 119.000000 18.000000 0.000000 nan
nan nan nan 524.364175 nan nan nan nan nan nan
nan 1772.025348 nan nan nan 409.000000 nan nan 0.000000 145.000000
nan 1793.599292 nan nan nan nan nan nan nan 157.000000
nan nan 111.408548 nan 106.000000 319.000000 nan 83.000000 nan nan
nan 1810.195192 nan 491.514368 117.000000 324.000000 nan nan nan nan
366.173098 nan nan nan 522.000000 nan 76.000000 nan 678.000000 nan
nan nan nan nan nan nan 85.000000 89.000000 nan nan
nan nan 151.599731 516.838589 nan 280.000000 67.000000 309.000000 800.000000 nan
369.037861 nan nan nan nan nan nan 232.000000 nan nan
369.494504 nan 170.210493 527.181813 nan 411.000000 nan nan nan nan
369.637979 nan nan nan nan nan nan nan 29.000000 nan
nan nan nan nan nan nan nan 28.000000 23.000000 202.000000
nan nan nan 550.711131 858.000000 463.000000 192.000000 nan nan 154.000000
nan nan 114.075476 nan nan nan 211.000000 nan 0.000000 nan
363.528416 1797.308666 nan nan nan nan nan nan nan 158.000000
nan 1838.041032 nan nan 106.000000 307.000000 115.000000 nan nan 192.000000
nan 1833.482951 145.497689 nan nan nan nan 34.000000 273.000000 191.000000
nan nan nan 520.512736 284.000000 nan 74.000000 nan nan 183.000000
nan nan nan nan nan nan 80.000000 nan 602.000000 191.000000
371.261622 1833.133491 154.940964 533.035257 nan nan 71.000000 nan nan nan
nan 1836.119990 nan 538.601739 nan 375.000000 71.000000 nan nan nan
372.437035 1828.252808 nan nan 207.000000 nan nan nan nan nan
nan nan nan nan 20.000000 283.000000 82.000000 2.000000 nan 216.000000
nan nan nan nan nan nan nan 37.000000 nan 199.000000
366.822027 nan nan nan nan nan nan nan 0.000000 nan
nan nan nan nan nan nan 188.000000 nan nan nan
363.224535 nan nan nan 321.000000 nan 163.000000 nan 0.000000 177.000000
nan 1808.149013 nan nan 106.000000 nan nan 40.000000 nan nan
370.030305 nan 102.818564 nan nan nan nan nan nan nan
nan nan nan nan nan nan 72.000000 nan nan nan
nan 1820.117010 nan 524.582911 nan 438.000000 81.000000 nan nan 183.000000
nan nan 134.858135 527.208443 nan nan 76.000000 nan nan nan
372.524493 nan 133.698143 524.157153 353.000000 nan nan nan nan 196.000000
372.948513 1824.626428 nan nan nan nan 84.000000 nan nan nan
nan nan 126.229284 534.581225 30.000000 nan nan nan nan nan
nan 1796.388593 nan 531.189695 471.000000 279.000000 nan nan nan 192.000000
nan nan nan 536.578726 264.000000 nan 172.000000 nan nan nan
nan nan nan 524.838816 573.000000 376.000000 194.000000 nan 0.000000 nan
nan nan 88.294693 nan 119.000000 nan 161.000000 116.000000 nan nan
nan nan nan nan nan 348.000000 nan 402.000000 nan 163.000000
nan 1824.710027 104.123938 497.030030 249.000000 350.000000 nan nan nan 178.000000
nan 1833.407008 nan 499.424930 nan nan nan nan 660.000000 nan
375.604519 nan nan nan nan nan nan 231.000000 nan nan
nan nan nan 515.394412 nan nan nan 144.000000 nan nan
nan 1829.651729 135.605799 526.045440 nan nan 74.000000 nan nan nan
nan 1830.561006 140.140964 nan 208.000000 nan nan nan 277.000000 200.000000
374.264770 nan 110.382042 nan nan 313.000000 nan nan nan nan
371.998414 nan nan 532.237456 nan 275.000000 nan nan nan 200.000000
nan nan 84.618575 533.297543 nan nan nan nan 0.000000 nan
372.405917 1789.125923 86.097501 526.167504 nan nan nan 470.000000 nan nan
nan 1799.766657 90.603344 nan nan nan nan nan 0.000000 nan
nan 1815.373872 99.727837 507.726427 nan nan 119.000000 nan nan 190.000000
372.357139 1828.904270 nan nan nan nan nan 49.000000 nan nan
nan nan 122.712368 nan nan 327.000000 nan nan nan nan
376.033906 1819.842439 115.739938 nan nan 438.000000 nan nan 307.000000 124.000000
nan nan nan nan 169.000000 nan nan 48.000000 nan nan
376.165530 1831.006759 nan nan 165.000000 401.000000 nan nan nan nan
376.682818 1836.436736 nan nan 121.000000 nan nan nan nan 151.000000
nan 1821.186282 nan nan nan nan nan nan 0.000000 159.000000
nan nan 114.813206 nan 200.000000 nan 118.000000 nan nan 189.000000
nan 1806.991599 nan nan nan 463.000000 179.000000 nan nan nan
nan nan nan nan 475.000000 389.000000 nan 232.000000 0.000000 nan
nan nan nan nan nan 350.000000 nan nan 0.000000 nan
373.540026 nan nan 504.814045 106.000000 302.000000 nan nan 0.000000 nan
374.492783 nan 133.513771 nan nan nan 100.000000 nan 0.000000 146.000000
nan 1870.797998 nan nan nan nan nan nan nan 118.000000
356.409179 1766.357335 nan nan nan nan nan nan 1550.000000 nan
nan nan nan 535.501172 nan 450.000000 47.000000 nan 1176.000000 nan
357.093033 nan nan 540.349435 nan nan 48.000000 nan 550.000000 nan
nan nan nan 541.043973 nan nan 45.000000 125.000000 71.000000 191.000000
358.069588 nan 119.397631 550.274539 nan 417.000000 nan nan nan nan
nan nan nan 546.506933 nan nan nan nan 0.000000 nan
nan nan 103.808875 542.392841 nan 605.000000 155.000000 nan 19.000000 143.000000
nan nan nan nan nan nan 150.000000 nan nan nan
nan nan nan 540.204515 nan nan nan 594.000000 14.000000 156.000000
nan nan nan 532.919925 329.000000 270.000000 nan nan 306.000000 197.000000
nan nan nan nan 415.000000 nan 64.000000 nan nan 168.000000
nan 1775.529768 131.815805 524.937697 nan nan 49.000000 nan nan nan
nan 1772.334811 138.895732 543.166815 622.000000 537.000000 nan nan 1114.000000 nan
nan 1771.123566 nan 541.387623 nan nan nan nan 413.000000 159.000000
358.960806 nan 168.223788 nan nan nan nan 314.000000 866.000000 nan
360.089142 nan nan 554.892217 nan 409.000000 nan 0.000000 503.000000 nan
nan 1780.535618 nan 553.830556 nan nan 48.000000 nan 221.000000 190.000000
nan nan nan nan nan nan 73.000000 496.000000 171.000000 nan
355.215443 1750.730381 nan 561.063005 782.000000 nan 153.000000 nan 25.000000 157.000000
nan nan nan nan 1125.000000 nan nan nan nan 148.000000
351.185513 1773.440490 nan 531.597532 576.000000 nan nan 425.000000 56.000000 nan
353.780131 1768.794209 nan nan nan nan nan nan nan nan
nan nan 122.402516 549.864329 167.000000 338.000000 nan nan nan nan
nan 1789.242201 nan nan 718.000000 573.000000 nan nan nan 152.000000
nan nan 140.495520 nan 615.000000 nan nan nan nan nan
nan nan 160.466773 nan nan nan 54.000000 nan nan 140.000000
nan nan nan 541.070304 629.000000 554.000000 nan 677.000000 nan nan
359.960122 1787.280620 nan nan 238.000000 nan 49.000000 nan 0.000000 nan
nan nan nan 540.971917 nan nan nan 209.000000 0.000000 nan
nan 1768.701833 114.735257 nan nan nan 90.000000 nan 80.000000 nan
356.682655 nan nan nan nan nan nan nan nan nan
nan nan nan 546.220406 nan nan nan nan nan nan
nan nan nan nan nan 319.000000 nan 90.000000 nan 185.000000
nan nan nan nan nan nan nan nan nan nan
nan 1790.411090 122.991918 nan nan nan nan nan nan nan
nan nan nan nan nan 532.000000 57.000000 nan nan nan
nan nan nan nan nan 659.000000 nan 1140.000000 nan nan
nan nan 147.554028 nan 444.000000 543.000000 nan nan 905.000000 149.000000
360.399965 nan nan nan nan nan 50.000000 nan 493.000000 194.000000
362.145455 nan nan nan nan nan nan nan 338.000000 nan
nan 1788.871834 134.146533 nan nan 377.000000 56.000000 nan nan nan
nan 1782.771654 nan nan nan nan 86.000000 102.000000 nan nan
nan nan nan nan nan 515.000000 146.000000 609.000000 nan nan
nan nan 98.856937 521.822551 nan nan nan nan nan nan
nan nan 99.192319 nan 402.000000 nan 132.000000 303.000000 nan nan
nan 1773.447942 nan 502.611985 nan 394.000000 nan nan 152.000000 173.000000
nan 1792.047325 105.069128 498.033480 nan nan nan 255.000000 nan 173.000000
359.037682 nan nan 503.526450 nan nan nan 95.000000 877.000000 nan
nan 1804.603003 141.932398 nan 217.000000 nan 59.000000 nan nan 187.000000
nan nan nan nan nan nan nan 204.000000 nan 163.000000
nan nan nan 527.567588 397.000000 nan 52.000000 nan nan nan
nan 1790.387903 nan nan nan nan 49.000000 nan nan nan
361.723450 nan nan nan nan nan nan nan nan 188.000000
359.800395 nan nan nan 565.000000 409.000000 103.000000 nan 0.000000 174.000000
nan nan nan nan 1077.000000 436.000000 nan nan 25.000000 nan
357.137733 1756.324793 141.675132 540.625620 nan 424.000000 170.000000 nan nan 156.000000
nan nan nan nan nan 393.000000 nan 858.000000 nan nan
357.672531 nan nan nan nan 355.000000 nan 100.000000 311.000000 nan
359.668714 nan 129.883852 nan nan nan 60.000000 nan nan 167.000000
361.777205 nan 152.036491 507.078593 823.000000 nan nan nan nan 149.000000
nan 1815.013474 134.091587 nan nan nan 54.000000 nan nan nan
nan nan nan 520.232044 nan nan 59.000000 nan nan 152.000000
nan nan 163.746254 523.751275 309.000000 513.000000 nan nan nan 170.000000
363.824347 1805.748073 nan 523.502721 144.000000 457.000000 nan 55.000000 nan nan
nan 1805.498805 nan nan nan nan nan 35.000000 nan 183.000000
nan nan nan nan nan nan 88.000000 nan nan 196.000000
360.063297 1780.925030 nan 535.536488 616.000000 nan nan nan nan nan
nan nan nan 527.985812 nan 472.000000 nan 1802.000000 nan nan
356.344794 1781.853742 82.136662 523.505504 642.000000 nan nan 593.000000 0.000000 167.000000
nan nan nan nan nan nan 94.000000 nan 24.000000 205.000000
362.272082 nan nan nan nan 394.000000 nan nan nan 186.000000
nan nan nan nan nan nan 54.000000 nan nan nan
364.094797 nan nan nan nan nan nan nan nan 192.000000
366.131215 nan nan 523.271272 181.000000 nan 58.000000 167.000000 nan nan
365.275217 1814.740123 151.886109 nan 100.000000 nan 51.000000 43.000000 nan 187.000000
363.879910 1781.460172 nan nan 70.000000 407.000000 nan nan nan 191.000000
366.181153 nan 129.899364 nan nan 366.000000 nan nan nan nan
363.217127 nan 111.896356 nan nan nan 96.000000 nan nan 184.000000
nan 1777.335549 nan nan 1442.000000 nan 147.000000 nan nan nan
359.168078 nan nan nan nan nan 162.000000 nan 0.000000 nan
nan nan 113.962762 515.227536 807.000000 nan nan nan nan 167.000000
360.209742 nan 109.520822 nan nan nan 87.000000 277.000000 nan nan
nan nan 106.336877 nan nan 371.000000 65.000000 nan 231.000000 175.000000
nan nan 120.721117 nan nan nan 51.000000 nan nan nan
nan nan nan nan nan 475.000000 nan nan nan nan
nan 1809.542719 nan nan nan 351.000000 nan nan 1089.000000 nan
nan 1818.590724 nan 529.254834 nan nan nan 27.000000 nan 197.000000
nan nan nan nan nan 439.000000 nan 73.000000 nan 185.000000
nan nan nan 533.836394 nan nan 64.000000 nan nan nan
nan nan 116.153060 nan 228.000000 nan nan nan 5.000000 nan
nan 1787.393745 nan 524.546406 nan nan nan nan nan 164.000000
nan 1772.490945 nan nan nan nan nan nan 0.000000 nan
nan 1792.637425 nan nan nan nan 148.000000 nan nan 159.000000
nan nan nan nan 248.000000 nan 86.000000 nan 303.000000 183.000000
363.859452 1810.941917 124.780003 491.675837 229.000000 nan 62.000000 nan nan 183.000000
nan nan nan nan 564.000000 450.000000 49.000000 636.000000 nan nan
366.820976 nan nan nan nan nan 54.000000 nan nan nan
367.702448 nan 151.870005 nan nan 301.000000 49.000000 nan nan nan
nan 1822.145715 nan nan nan 520.000000 47.000000 nan 747.000000 nan
nan nan nan 527.701376 nan 504.000000 nan nan nan 195.000000
369.585368 nan nan 551.178951 nan nan nan 2.000000 113.000000 nan
365.820761 1817.290916 nan 542.661437 162.000000 317.000000 84.000000 89.000000 nan nan
366.047477 1803.068046 nan 551.751098 nan nan nan nan 0.000000 nan
362.767724 nan nan nan nan 459.000000 nan 899.000000 0.000000 nan
nan 1799.029170 nan nan 626.000000 404.000000 nan 351.000000 nan nan
365.684056 nan 159.128927 nan 351.000000 nan nan 68.000000 nan nan
nan nan nan 528.155946 nan 377.000000 nan nan 593.000000 186.000000
nan nan 145.969145 nan nan nan 51.000000 nan nan nan
370.385586 nan nan 529.251000 nan 426.000000 nan nan nan nan
nan nan 155.579934 nan nan nan nan nan nan nan
nan nan nan nan nan 409.000000 48.000000 36.000000 nan 205.000000
372.371616 nan nan nan nan nan 43.000000 194.000000 nan 205.000000
372.237395 1834.846763 nan 536.297252 nan 368.000000 53.000000 nan 37.000000 nan
nan nan nan nan nan nan 86.000000 210.000000 nan nan
366.812618 nan 85.685939 nan nan 617.000000 nan nan 26.000000 nan
365.099242 nan nan 536.337782 1386.000000 nan nan 1530.000000 nan 138.000000
nan 1813.040790 nan nan 508.000000 408.000000 133.000000 nan nan 167.000000
nan nan nan nan nan nan 82.000000 61.000000 nan 191.000000
nan nan nan nan nan nan nan nan nan nan
nan 1829.785997 nan nan nan 387.000000 46.000000 nan nan nan
nan nan nan 524.447207 171.000000 nan 53.000000 nan nan nan
nan 1833.596490 nan 526.987788 nan nan nan nan 657.000000 nan
nan nan nan nan 431.000000 nan nan nan nan nan
372.967276 nan nan nan nan nan 48.000000 nan nan 205.000000
nan 1820.528529 nan nan 50.000000 nan nan nan nan nan
371.006290 1795.606103 nan 531.246685 nan nan 93.000000 nan 0.000000 nan
nan nan nan 536.451682 nan nan nan nan nan 158.000000
nan 1791.570924 nan 524.875111 nan nan nan nan nan 144.000000
368.170289 1794.182040 87.147848 nan 205.000000 437.000000 133.000000 109.000000 0.000000 nan
nan nan 94.153121 501.494884 nan 445.000000 nan nan 345.000000 156.000000
nan nan nan 497.307789 nan nan 50.000000 274.000000 1263.000000 nan
nan 1832.737737 nan nan 118.000000 nan nan 19.000000 nan nan
nan nan nan nan nan nan nan nan nan 147.000000
nan nan nan nan 273.000000 nan nan 173.000000 nan nan
nan 1829.870534 nan 526.335247 nan nan 47.000000 234.000000 nan nan
nan nan nan nan 259.000000 467.000000 nan nan 315.000000 nan
374.257471 nan nan nan nan nan nan nan nan 194.000000
371.979331 1792.157387 nan 533.380828 nan nan nan nan nan nan
371.790767 nan 85.016305 nan nan nan 156.000000 753.000000 nan 134.000000
371.877602 1787.477972 nan nan nan nan nan 643.000000 nan 163.000000
nan 1798.516583 nan nan 373.000000 nan nan nan nan 182.000000
nan nan nan 508.240234 nan nan 87.000000 nan 147.000000 nan
nan nan nan 500.642168 nan nan nan 64.000000 nan nan
nan nan nan nan 286.000000 346.000000 nan nan nan nan
nan 1818.899158 114.739740 nan nan 424.000000 nan nan nan nan
nan nan 136.453887 nan 359.000000 nan nan nan nan 141.000000
376.033569 nan 138.230244 519.337547 113.000000 445.000000 51.000000 nan nan nan
nan 1838.457078 nan nan 111.000000 nan nan nan 0.000000 nan
nan nan nan nan 80.000000 388.000000 nan nan nan nan
nan nan nan nan 197.000000 nan 92.000000 55.000000 nan nan
nan 1808.467055 nan nan 1442.000000 602.000000 nan nan nan nan
nan 1811.944188 nan nan nan 452.000000 191.000000 889.000000 nan nan
nan nan nan 515.994127 464.000000 420.000000 nan nan 0.000000 nan
nan nan nan nan nan nan nan nan nan nan
nan 1840.877876 nan nan nan nan nan 67.000000 65.000000 nan
377.067153 nan nan 498.751965 400.000000 387.000000 nan nan nan nan
nan 1766.346257 nan 533.007817 nan nan nan nan nan 196.000000
356.629474 nan nan nan 132.000000 nan nan nan 1615.000000 nan
nan 1756.801064 nan nan 133.000000 475.000000 nan nan nan nan
nan nan 125.729893 nan nan 469.000000 nan nan 0.000000 nan
nan nan 119.872662 550.983956 148.000000 nan nan 78.000000 nan nan
nan nan nan 546.463509 nan nan nan 76.000000 nan nan
nan 1740.564497 104.671210 542.994734 nan nan nan nan 0.000000 nan
350.487826 nan nan 532.886622 1033.000000 nan 157.000000 nan nan nan
nan nan nan nan nan nan nan nan nan 169.000000
353.567671 1774.715865 nan nan 333.000000 nan 95.000000 nan 156.000000 198.000000
nan nan nan nan nan nan nan nan nan 188.000000
nan nan 129.890635 nan nan 518.000000 nan nan nan nan
356.857541 1772.510125 nan nan nan 570.000000 61.000000 nan nan nan
nan nan 123.268679 nan nan 516.000000 nan nan nan nan
nan nan 168.659948 nan 142.000000 510.000000 57.000000 nan nan nan
nan 1773.068092 170.445538 555.282228 0.000000 nan 56.000000 nan nan nan
359.837807 nan 154.695807 nan nan nan 69.000000 nan nan 217.000000
nan nan 122.572172 nan nan nan nan nan 0.000000 nan
355.205048 1749.643299 nan 561.416534 nan nan nan nan 0.000000 nan
352.302904 nan nan nan nan nan nan 882.000000 0.000000 nan
nan 1773.305861 104.767739 531.845944 721.000000 nan nan nan 0.000000 172.000000
353.772947 nan nan 528.347997 nan 278.000000 nan nan nan 224.000000
nan nan nan 549.138057 nan nan nan nan nan nan
nan nan 134.539499 530.221615 nan 599.000000 nan nan nan nan
nan nan nan 547.514585 561.000000 nan 61.000000 195.000000 1687.000000 nan
nan nan nan 540.350266 253.000000 nan 60.000000 74.000000 nan nan
359.956558 nan nan nan nan nan nan 105.000000 nan 178.000000
nan 1786.767317 157.711356 nan nan nan nan nan 69.000000 nan
360.043743 nan 161.248938 nan nan nan nan nan 0.000000 187.000000
nan 1766.838592 nan nan 266.000000 nan 106.000000 nan 0.000000 232.000000
nan nan nan nan nan nan 155.000000 nan 0.000000 nan
nan nan 102.147326 nan nan nan nan nan 0.000000 nan
351.775176 1770.361777 nan 542.967695 215.000000 nan nan nan nan 207.000000
nan 1784.824783 nan nan nan 279.000000 nan nan nan nan
355.766674 1790.518287 123.331174 513.218485 nan nan nan nan 1809.000000 nan
357.839227 1789.302649 138.503151 517.400146 381.000000 nan 61.000000 nan 1412.000000 nan
357.832222 nan 128.900810 526.920219 nan nan 71.000000 nan nan nan
nan 1799.348123 nan nan nan nan 60.000000 nan nan 160.000000
360.496941 nan nan nan nan 420.000000 nan nan 936.000000 nan
362.222536 nan nan nan 103.000000 nan nan nan 456.000000 nan
360.741134 nan 134.351413 nan 100.000000 nan nan nan 0.000000 nan
nan nan nan 532.285276 nan nan nan 208.000000 nan 233.000000
nan nan nan nan nan nan nan nan 0.000000 165.000000
353.838498 nan 98.327186 nan nan nan nan 963.000000 0.000000 nan
nan nan 99.413878 nan nan 448.000000 nan nan nan nan
nan nan 87.722196 510.511714 245.000000 372.000000 100.000000 nan nan nan
nan nan nan nan nan nan nan nan nan 193.000000
nan nan nan nan 204.000000 nan nan nan nan 197.000000
nan 1803.445044 nan 513.470710 260.000000 nan 61.000000 nan 1766.000000 nan
nan 1777.096406 nan 521.510010 nan nan 58.000000 nan 1336.000000 nan
nan nan 153.004715 nan 150.000000 nan nan 15.000000 nan nan
nan nan 141.521284 nan nan 437.000000 62.000000 nan nan nan
nan nan nan nan nan 433.000000 nan nan 0.000000 nan
nan nan nan nan nan 425.000000 nan nan nan nan
nan nan nan nan nan 423.000000 nan nan 0.000000 nan
nan nan nan 540.402984 nan nan nan nan nan nan
nan 1769.540000 119.498064 nan nan nan nan 316.000000 0.000000 188.000000
nan nan nan 499.477691 nan 398.000000 98.000000 76.000000 nan 214.000000
nan 1795.485030 130.340187 nan 229.000000 nan nan nan nan nan
361.446267 1810.964350 nan 507.262354 495.000000 nan nan 225.000000 nan 166.000000
nan nan 136.049546 505.231146 nan 539.000000 62.000000 nan nan nan
362.296235 nan 140.996229 nan nan nan 69.000000 103.000000 583.000000 nan
nan 1815.974567 nan 524.280281 nan nan 62.000000 nan nan nan
363.819737 nan nan nan nan 460.000000 57.000000 nan nan nan
nan nan 132.992574 533.732879 nan nan nan nan nan nan
nan nan nan nan nan nan 103.000000 222.000000 nan nan
360.131566 1780.926163 nan nan nan 478.000000 nan nan nan nan
nan nan nan nan 1079.000000 nan nan 833.000000 nan nan
356.349382 1782.155267 nan nan nan nan 153.000000 nan 0.000000 nan
nan 1796.832143 100.110308 nan 103.000000 323.000000 nan nan 47.000000 nan
362.341248 1813.650730 nan nan 140.000000 nan nan nan 726.000000 nan
nan 1806.518354 107.722367 nan 180.000000 475.000000 56.000000 32.000000 nan nan
nan 1815.382262 nan nan nan nan 56.000000 12.000000 nan 216.000000
nan nan nan nan 107.000000 nan nan nan nan 183.000000
nan nan nan nan nan nan 61.000000 2.000000 778.000000 nan
nan nan 114.973662 530.102377 nan nan nan nan nan nan
nan nan 131.759367 540.023980 nan 413.000000 92.000000 nan nan 226.000000
nan 1775.749945 nan nan nan nan 118.000000 36.000000 0.000000 nan
nan nan nan 542.247805 1004.000000 524.000000 169.000000 639.000000 nan nan
nan nan 108.189205 541.850538 nan nan nan 930.000000 nan 163.000000
nan nan nan 515.675291 nan nan 144.000000 nan nan 183.000000
nan nan nan nan 223.000000 392.000000 nan nan 0.000000 198.000000
nan 1806.829488 nan 496.782415 204.000000 nan nan nan nan nan
nan 1812.511094 nan nan nan nan 54.000000 nan nan 208.000000
364.782862 nan nan 520.270386 nan nan nan nan nan nan
nan nan nan 519.960956 nan nan nan 107.000000 1416.000000 nan
366.744872 nan 150.308082 529.654546 nan nan nan nan nan 201.000000
nan nan nan nan 108.000000 nan nan nan 215.000000 189.000000
nan nan nan nan nan nan nan nan nan 207.000000
nan 1795.494167 nan 533.355160 nan nan 104.000000 nan nan nan
361.680787 nan nan nan nan nan 166.000000 328.000000 nan 183.000000
nan nan nan nan 936.000000 nan nan nan nan nan
nan 1792.139239 nan 502.871468 575.000000 nan 163.000000 nan nan nan
nan nan nan nan nan nan nan 108.000000 nan nan
nan nan 125.193060 nan nan nan nan nan nan 182.000000
366.204748 1826.373290 146.779345 497.315618 384.000000 nan nan nan 2120.000000 149.000000
nan 1812.045773 nan 515.087506 nan nan nan 30.000000 1526.000000 nan
nan nan nan 517.382160 nan nan 61.000000 nan nan nan
nan nan nan nan 220.000000 nan 60.000000 nan 987.000000 nan
nan nan nan nan nan nan nan 11.000000 639.000000 nan
nan nan nan nan nan nan 76.000000 0.000000 0.000000 nan
366.045381 1818.317858 nan nan nan nan nan nan nan 229.000000
366.033793 nan 123.994502 nan nan 705.000000 nan nan 0.000000 169.000000
362.820940 nan nan nan 731.000000 486.000000 nan nan 0.000000 160.000000
363.512239 nan 99.704784 534.733911 nan nan nan nan 0.000000 174.000000
365.734584 nan nan nan 473.000000 nan nan nan nan nan
nan nan nan 528.207704 nan 367.000000 nan 51.000000 nan 187.000000
nan 1834.874718 nan 520.787608 nan nan nan 30.000000 1722.000000 nan
370.366209 nan nan nan nan nan 62.000000 nan nan nan
nan nan nan nan 0.000000 nan nan nan 1169.000000 nan
nan nan nan 538.757662 70.000000 nan nan nan nan nan
nan nan nan 541.842430 nan 497.000000 nan 26.000000 203.000000 nan
nan nan nan 536.527073 nan nan nan 10.000000 nan nan
371.981542 nan 106.995381 nan nan 382.000000 104.000000 nan nan 186.000000
nan nan nan nan 1161.000000 604.000000 nan nan 0.000000 nan
nan nan nan nan nan nan nan nan nan nan
nan nan nan 507.874393 nan 512.000000 153.000000 422.000000 nan 170.000000
nan nan 99.386719 nan 200.000000 nan 97.000000 38.000000 198.000000 nan
369.519878 1828.533699 nan 506.589017 0.000000 nan nan nan nan nan
370.830369 1829.720649 113.008451 510.021999 nan nan nan nan nan 179.000000
371.829253 1819.871556 nan nan nan nan 58.000000 3.000000 nan nan
nan nan 135.539142 nan nan nan nan 4.000000 nan nan
nan nan nan nan nan 422.000000 nan 14.000000 nan nan
372.989495 1825.884653 nan nan nan nan 61.000000 nan nan 217.000000
nan nan nan nan 0.000000 nan 77.000000 0.000000 0.000000 nan
nan 1794.940710 nan 531.306145 nan nan 109.000000 nan nan nan
368.951025 nan nan nan 959.000000 nan 160.000000 nan nan nan
367.629462 1790.377915 81.850461 524.903820 nan nan 168.000000 nan nan 158.000000
nan 1791.655754 86.083406 nan nan nan 152.000000 67.000000 0.000000 nan
nan nan nan nan nan 464.000000 102.000000 nan nan nan
370.140924 1825.748202 103.621557 nan 276.000000 nan 65.000000 124.000000 nan 177.000000
nan nan nan 499.981438 nan nan nan nan 2014.000000 nan
nan 1836.114299 126.007215 510.960631 nan nan nan 33.000000 nan nan
nan nan nan nan nan nan nan nan nan 184.000000
nan nan 134.861766 nan nan nan nan nan nan 173.000000
nan 1830.930990 140.070214 nan 103.000000 nan 59.000000 nan 97.000000 nan
nan nan nan nan nan nan nan nan 0.000000 nan
371.960249 nan nan nan nan 326.000000 114.000000 94.000000 nan nan
nan 1783.067000 nan nan nan nan nan nan nan nan
nan nan nan 526.772172 nan nan nan nan 0.000000 nan
nan nan 91.076819 nan nan nan nan nan 0.000000 nan
nan 1813.075119 99.881955 nan nan nan nan nan nan nan
nan 1830.401159 nan 500.721822 nan 400.000000 nan nan 537.000000 167.000000
nan 1835.755139 121.385074 nan 149.000000 nan 54.000000 nan nan 186.000000
nan 1818.113279 114.062505 492.997160 nan nan nan nan 1450.000000 nan
nan nan 136.850947 514.792224 318.000000 nan nan nan nan nan
nan nan nan 519.393585 30.000000 nan nan 3.000000 690.000000 177.000000
376.971730 1840.651504 nan nan 50.000000 508.000000 nan 5.000000 0.000000 nan
nan nan nan 519.258271 nan 413.000000 nan 6.000000 nan nan
374.462810 nan nan nan 239.000000 336.000000 120.000000 nan 0.000000 nan
372.911500 nan nan nan nan nan 167.000000 552.000000 nan nan
369.609820 nan 113.744938 nan nan nan nan nan nan nan
371.304654 nan nan nan nan nan nan 320.000000 nan nan
373.474180 nan 131.321209 nan nan nan 110.000000 275.000000 0.000000 157.000000
nan 1841.342748 nan nan nan nan 75.000000 nan nan nan
nan 1891.830313 nan 498.905864 nan nan nan nan nan nan
nan nan nan nan nan nan 59.000000 nan nan nan
