356.585789 1766.396405 126.187110 532.382747 374.000000 335.000000 85.000000 100.000000 948.000000 178.000000
356.549272 1757.773145 145.375587 535.285785 333.000000 342.000000 78.000000 47.000000 1071.000000 177.000000
357.210783 1758.540476 140.155320 540.373347 117.000000 355.000000 82.000000 17.000000 595.000000 190.000000
357.746027 1754.087282 127.839251 541.006355 40.000000 370.000000 93.000000 4.000000 94.000000 179.000000
358.015648 1762.010123 118.493647 548.743698 100.000000 331.000000 97.000000 169.000000 158.000000 180.000000
356.412223 1748.340444 104.639636 546.565432 0.000000 312.000000 122.000000 0.000000 0.000000 194.000000
352.742498 1740.414461 101.933438 541.112598 90.000000 451.000000 163.000000 9.000000 0.000000 177.000000
350.394156 1739.274822 88.607186 533.037730 573.000000 376.000000 169.000000 197.000000 0.000000 178.000000
350.816383 1760.665041 93.039363 539.775379 187.000000 385.000000 160.000000 368.000000 0.000000 183.000000
353.324401 1775.538264 164.376779 529.846100 222.000000 254.000000 125.000000 389.000000 1.000000 208.000000
354.067681 1769.747514 102.953644 534.592211 135.000000 307.000000 106.000000 36.000000 335.000000 182.000000
355.966765 1775.834969 135.691882 525.060515 278.000000 396.000000 84.000000 50.000000 1155.000000 177.000000
356.949070 1772.305984 137.611814 541.867982 592.000000 419.000000 88.000000 230.000000 684.000000 154.000000
357.871745 1770.753738 130.391314 541.276907 348.000000 374.000000 101.000000 308.000000 259.000000 180.000000
358.931669 1786.436767 167.292216 544.078181 561.000000 472.000000 80.000000 179.000000 766.000000 155.000000
360.115007 1776.103499 170.219530 554.094188 20.000000 324.000000 92.000000 2.000000 138.000000 196.000000
360.127157 1786.946881 156.474302 550.397956 50.000000 334.000000 91.000000 5.000000 328.000000 178.000000
358.577741 1770.225555 117.817195 550.542252 0.000000 354.000000 103.000000 0.000000 134.000000 187.000000
355.281178 1752.613357 92.554847 560.147652 50.000000 392.000000 156.000000 5.000000 1.000000 191.000000
351.811961 1729.664114 83.269969 552.512301 401.000000 404.000000 160.000000 103.000000 0.000000 179.000000
351.142069 1774.099239 102.994270 531.041461 215.000000 414.000000 155.000000 278.000000 22.000000 175.000000
353.794959 1771.319756 117.314349 528.594068 202.000000 341.000000 133.000000 86.000000 0.000000 196.000000
355.329924 1798.073078 119.185540 550.739012 144.000000 343.000000 104.000000 39.000000 221.000000 178.000000
357.800709 1788.379276 137.120635 530.299001 559.000000 575.000000 95.000000 589.000000 410.000000 147.000000
359.446833 1808.328267 139.366761 545.310098 411.000000 439.000000 85.000000 100.000000 627.000000 154.000000
359.364893 1797.122568 159.984442 536.827884 664.000000 491.000000 94.000000 347.000000 78.000000 147.000000
360.127512 1797.172217 162.017994 540.851323 896.000000 456.000000 92.000000 368.000000 322.000000 154.000000
360.014712 1788.702392 157.758433 541.947689 120.000000 329.000000 102.000000 12.000000 0.000000 182.000000
360.588156 1790.024062 168.320116 541.069066 100.000000 423.000000 108.000000 72.000000 0.000000 167.000000
357.426836 1772.404944 115.914108 528.304023 0.000000 338.000000 125.000000 0.000000 0.000000 184.000000
356.474236 1766.629675 107.377830 546.994916 60.000000 371.000000 160.000000 6.000000 0.000000 175.000000
352.937925 1749.747769 89.269097 546.655309 510.000000 441.000000 183.000000 51.000000 0.000000 171.000000
351.839338 1768.784314 94.129294 544.355829 116.000000 328.000000 161.000000 45.000000 0.000000 187.000000
354.620118 1780.562044 110.422012 523.932210 139.000000 344.000000 128.000000 59.000000 0.000000 191.000000
355.739729 1790.282858 122.135564 512.350395 112.000000 303.000000 103.000000 33.000000 423.000000 178.000000
357.884562 1792.286880 140.796519 516.397803 666.000000 533.000000 92.000000 473.000000 794.000000 146.000000
358.053892 1788.265645 128.566942 525.980380 757.000000 612.000000 96.000000 531.000000 301.000000 134.000000
359.693002 1797.131812 146.359401 531.014498 650.000000 506.000000 95.000000 409.000000 391.000000 145.000000
360.256873 1801.151195 141.147928 542.721113 388.000000 400.000000 93.000000 56.000000 227.000000 175.000000
361.993826 1800.477549 149.052690 541.240893 0.000000 307.000000 92.000000 0.000000 187.000000 202.000000
361.142021 1788.325078 133.733763 541.118025 100.000000 381.000000 103.000000 12.000000 0.000000 179.000000
357.581031 1782.228520 101.175925 528.061005 0.000000 284.000000 120.000000 0.000000 0.000000 185.000000
355.589182 1765.812449 87.216036 530.209066 50.000000 411.000000 153.000000 5.000000 1.000000 188.000000
353.327930 1769.907877 100.463637 521.046103 291.000000 421.000000 161.000000 40.000000 0.000000 173.000000
353.708265 1764.054210 98.749199 514.733555 136.000000 340.000000 157.000000 55.000000 19.000000 194.000000
356.014181 1776.479058 90.299883 487.555445 132.000000 431.000000 136.000000 32.000000 0.000000 189.000000
357.048889 1796.431917 109.132472 497.414917 389.000000 425.000000 102.000000 286.000000 476.000000 181.000000
359.116274 1813.557609 135.017667 503.290717 205.000000 396.000000 93.000000 64.000000 524.000000 190.000000
360.438751 1807.703750 145.365649 513.234757 186.000000 321.000000 97.000000 72.000000 419.000000 193.000000
360.435554 1779.188766 125.879922 520.422438 444.000000 443.000000 86.000000 215.000000 732.000000 171.000000
362.499833 1802.170173 154.441345 526.547798 321.000000 445.000000 95.000000 63.000000 118.000000 179.000000
361.964235 1789.005998 137.116839 521.368175 30.000000 383.000000 92.000000 3.000000 59.000000 185.000000
361.761086 1794.942981 136.152867 530.848560 100.000000 418.000000 102.000000 32.000000 63.000000 175.000000
359.839210 1768.076319 103.414702 519.160524 0.000000 422.000000 129.000000 0.000000 0.000000 186.000000
358.297892 1782.178991 98.702053 522.512605 60.000000 415.000000 163.000000 6.000000 0.000000 188.000000
356.977589 1754.512137 141.941704 540.901845 311.000000 410.000000 186.000000 47.000000 0.000000 161.000000
355.920217 1767.575094 116.201078 512.911704 344.000000 377.000000 169.000000 442.000000 0.000000 177.000000
358.124767 1813.190388 133.846924 499.978693 130.000000 360.000000 124.000000 30.000000 110.000000 194.000000
359.628112 1794.023330 128.925890 502.272767 244.000000 446.000000 91.000000 38.000000 791.000000 171.000000
362.357162 1811.702030 145.575334 506.804119 653.000000 489.000000 92.000000 298.000000 510.000000 161.000000
363.636356 1812.791099 132.163156 500.624001 606.000000 544.000000 91.000000 382.000000 288.000000 141.000000
362.244554 1801.048161 136.243404 520.075810 368.000000 421.000000 105.000000 104.000000 0.000000 166.000000
nan nan 162.499001 nan 276.000000 nan nan nan nan 163.000000
363.843274 nan nan 522.518663 220.000000 nan nan nan 268.000000 nan
nan nan nan nan nan nan nan nan 215.000000 nan
361.879640 1772.044887 93.097327 nan nan 343.000000 nan 0.000000 nan 194.000000
359.914951 nan nan 533.512937 nan 398.000000 154.000000 nan nan 191.000000
356.766512 nan 87.573096 nan nan nan nan nan nan nan
nan nan nan nan 128.000000 nan nan nan 0.000000 178.000000
nan nan 96.875812 nan nan nan nan nan nan nan
362.125229 nan 116.205648 498.674791 112.000000 384.000000 nan nan nan 186.000000
nan nan 106.016414 nan nan nan nan 87.000000 469.000000 nan
nan nan 136.794759 nan 110.000000 413.000000 nan nan nan nan
nan 1811.318556 150.072110 523.063972 132.000000 nan nan nan nan nan
nan 1813.794682 nan nan 160.000000 nan 93.000000 nan 320.000000 nan
nan nan nan 529.417023 20.000000 nan 105.000000 nan 0.000000 nan
nan 1792.754421 127.077597 nan nan 350.000000 nan 5.000000 0.000000 nan
nan 1774.029144 nan nan 0.000000 nan nan 0.000000 nan nan
361.979046 nan 94.627612 nan nan nan nan 70.000000 nan 162.000000
359.150343 nan 100.474038 nan nan nan 171.000000 nan nan nan
357.932766 nan nan nan nan nan nan nan 5.000000 nan
nan nan 111.212630 497.308480 nan nan 124.000000 nan 49.000000 nan
nan nan nan nan nan nan nan nan nan nan
nan nan nan 504.273603 nan 400.000000 nan nan nan nan
364.888092 nan 130.501201 nan nan 413.000000 nan 125.000000 nan nan
366.394219 nan 134.372708 nan nan 314.000000 nan 46.000000 nan 166.000000
366.723090 nan nan nan nan nan nan 12.000000 nan nan
368.628955 nan nan nan 90.000000 360.000000 92.000000 nan 148.000000 171.000000
nan nan nan 533.509514 nan nan nan nan 0.000000 nan
nan 1797.685476 110.735655 nan 0.000000 338.000000 nan nan nan nan
nan nan nan nan nan nan nan nan nan nan
nan nan nan nan 130.000000 nan nan nan nan nan
359.244470 1794.980358 nan nan nan nan nan nan nan 159.000000
nan 1797.118285 108.387187 507.141390 130.000000 nan nan 30.000000 nan nan
363.765850 1809.538773 nan nan nan nan nan 17.000000 nan 187.000000
366.148752 nan nan 496.578665 nan 400.000000 nan nan 736.000000 160.000000
nan nan 167.000129 514.659726 nan nan nan 65.000000 nan nan
nan 1816.594485 151.332391 516.609148 nan 304.000000 88.000000 nan nan 144.000000
nan nan nan 525.268087 nan nan nan nan nan 164.000000
nan nan nan nan 50.000000 nan nan nan nan 177.000000
nan nan 150.466078 nan nan nan nan 9.000000 28.000000 nan
365.390016 1816.742359 nan nan nan 338.000000 123.000000 0.000000 nan nan
nan 1799.154258 nan 549.598864 nan 425.000000 175.000000 nan 0.000000 178.000000
nan 1800.858318 nan 544.864021 450.000000 400.000000 nan nan 0.000000 172.000000
nan 1795.907061 94.165317 534.535443 nan 356.000000 nan nan nan 177.000000
nan 1837.087060 157.289425 525.119688 130.000000 321.000000 nan nan nan 206.000000
367.737755 1833.354023 nan nan 194.000000 nan nan nan nan nan
368.992274 nan nan nan 256.000000 340.000000 nan 99.000000 nan nan
370.421170 nan nan nan 233.000000 nan 92.000000 nan nan nan
nan nan 154.342192 532.899454 nan nan 84.000000 nan nan nan
372.838931 1837.037144 172.528761 nan 110.000000 366.000000 83.000000 nan 727.000000 nan
372.501501 1829.667286 153.450389 nan nan nan 81.000000 nan nan nan
nan nan nan nan nan nan nan nan nan nan
nan 1802.908149 102.767870 nan nan 338.000000 nan nan 31.000000 nan
366.831733 1780.813080 nan nan 320.000000 425.000000 nan nan nan nan
nan nan nan 536.039740 nan nan nan nan nan nan
363.230285 1815.894153 nan 506.646276 nan 357.000000 nan nan nan nan
nan 1808.469160 102.142407 nan nan 329.000000 120.000000 30.000000 nan nan
nan nan 103.872157 nan nan 327.000000 nan nan nan 196.000000
370.790094 nan 121.925954 509.857996 nan nan nan nan 948.000000 184.000000
nan nan 105.091045 nan 109.000000 413.000000 nan nan 553.000000 160.000000
nan nan nan nan 168.000000 nan 91.000000 47.000000 nan nan
nan nan 133.572276 nan nan 368.000000 nan 40.000000 462.000000 nan
nan 1824.139083 nan nan 0.000000 nan 95.000000 nan nan nan
nan nan 126.720634 nan nan 350.000000 nan 3.000000 nan nan
nan nan nan nan nan nan 126.000000 nan nan nan
nan nan 83.417601 nan nan nan nan nan 0.000000 190.000000
nan nan nan nan nan nan 175.000000 nan nan 182.000000
nan nan 89.446388 nan nan 367.000000 161.000000 45.000000 nan nan
nan nan nan nan nan nan 127.000000 21.000000 12.000000 nan
nan 1824.200797 nan 496.788101 237.000000 nan 92.000000 nan 749.000000 nan
nan 1834.034535 nan nan 106.000000 nan nan 45.000000 546.000000 184.000000
nan 1833.522268 123.834489 nan 526.000000 nan nan nan 358.000000 nan
nan 1821.745041 nan nan 400.000000 330.000000 nan nan nan 177.000000
375.228267 nan 136.170390 nan nan nan 89.000000 nan nan 168.000000
374.928786 nan nan nan nan nan 83.000000 nan nan nan
374.276484 nan nan nan nan 350.000000 nan 6.000000 nan nan
nan nan 104.074213 nan 0.000000 nan 120.000000 nan 0.000000 nan
nan 1786.286187 84.062938 nan 130.000000 nan 164.000000 13.000000 nan nan
372.957395 nan nan 525.866773 1119.000000 nan nan 297.000000 nan nan
nan nan 90.366605 nan 166.000000 358.000000 nan 50.000000 nan nan
369.766111 nan nan nan 130.000000 nan nan 35.000000 nan nan
nan 1828.880139 nan nan nan 350.000000 nan nan 0.000000 148.000000
nan nan 123.351125 nan 254.000000 333.000000 nan nan nan nan
376.454984 1820.893982 nan nan nan nan nan 46.000000 nan nan
nan nan nan nan nan nan nan nan 626.000000 169.000000
nan 1831.790106 nan nan 179.000000 nan nan nan nan nan
nan nan 141.765119 nan nan 386.000000 96.000000 nan nan nan
375.298854 1820.800167 127.299117 nan nan nan nan nan nan nan
374.533453 nan nan nan nan 338.000000 119.000000 0.000000 nan nan
372.966185 nan nan nan nan nan nan nan nan 166.000000
nan 1801.075151 nan 522.664731 235.000000 nan 167.000000 nan nan 147.000000
371.441910 1823.874709 nan 515.072959 nan 363.000000 nan nan nan nan
373.549013 1837.509781 134.408839 nan nan 317.000000 134.000000 35.000000 0.000000 nan
374.506156 nan 134.826731 nan nan nan nan 40.000000 0.000000 nan
nan nan nan 498.561441 381.000000 nan nan 230.000000 449.000000 nan
nan nan 126.197764 532.591941 267.000000 361.000000 nan nan nan 178.000000
nan nan 145.476769 nan nan nan nan 183.000000 1061.000000 182.000000
nan 1757.668099 nan nan 133.000000 393.000000 nan nan nan nan
nan 1754.781710 nan nan nan nan 76.000000 21.000000 nan nan
358.041374 nan 118.933907 nan 60.000000 324.000000 86.000000 6.000000 nan nan
nan 1747.735505 104.578456 nan nan nan nan nan 0.000000 nan
nan nan nan nan nan 513.000000 nan 768.000000 nan nan
nan nan nan nan nan 415.000000 nan nan 0.000000 nan
nan nan 93.103106 nan nan 371.000000 nan 512.000000 0.000000 160.000000
nan 1775.246236 163.631386 nan nan nan nan nan nan nan
nan nan nan nan nan 331.000000 93.000000 84.000000 nan 183.000000
355.858110 1775.652055 133.755730 nan 340.000000 nan nan 183.000000 855.000000 nan
nan 1772.268429 138.279460 nan 427.000000 472.000000 nan 183.000000 nan 160.000000
nan nan 127.931450 541.332266 nan 419.000000 nan nan 64.000000 nan
358.945719 1786.570410 167.771177 544.171913 457.000000 485.000000 69.000000 204.000000 649.000000 nan
nan 1774.975316 nan nan 40.000000 326.000000 nan nan 237.000000 220.000000
360.017845 nan 155.964432 nan 40.000000 nan nan 4.000000 nan nan
nan nan 119.440644 550.608602 nan nan nan 60.000000 nan nan
nan nan nan 560.641148 nan nan nan nan nan nan
nan nan nan nan nan 405.000000 182.000000 240.000000 nan nan
nan nan nan nan nan nan nan 300.000000 nan nan
nan 1769.996306 117.154154 nan 160.000000 nan nan nan 0.000000 189.000000
nan nan nan 550.396933 nan 333.000000 89.000000 nan nan nan
nan nan nan 530.273206 528.000000 nan nan 426.000000 nan 154.000000
359.427813 nan 139.842792 546.141284 nan nan 81.000000 243.000000 nan nan
359.356240 nan nan 538.080872 nan nan 82.000000 nan 23.000000 nan
360.065876 1796.856827 161.846086 nan 593.000000 483.000000 nan nan 269.000000 nan
359.985427 nan nan nan nan nan nan 39.000000 nan 211.000000
nan nan nan nan nan nan nan nan nan nan
nan nan nan nan nan nan nan nan 0.000000 194.000000
356.580192 1766.144380 nan nan nan nan 169.000000 nan 0.000000 163.000000
nan nan nan nan nan 432.000000 194.000000 nan nan nan
351.820018 1769.271776 nan 543.999697 nan 290.000000 nan nan 0.000000 nan
354.672076 nan nan nan 127.000000 nan nan nan nan 192.000000
nan nan nan 512.634220 nan nan nan 34.000000 581.000000 nan
357.869471 nan nan nan nan nan nan 552.000000 492.000000 nan
357.964226 nan 128.673781 nan nan nan 84.000000 nan nan nan
nan 1797.852890 146.900867 531.160555 nan nan 78.000000 nan nan 163.000000
nan 1801.056656 141.616627 nan 398.000000 nan 79.000000 205.000000 nan nan
nan nan nan 541.496107 nan nan 77.000000 nan 54.000000 nan
nan nan 133.940509 nan 100.000000 nan 89.000000 nan nan 210.000000
357.710301 nan nan 529.454115 nan nan nan nan 0.000000 nan
355.574708 1767.200439 87.664550 530.590478 382.000000 439.000000 nan 127.000000 nan 171.000000
353.506503 nan nan 521.434118 516.000000 433.000000 nan 370.000000 0.000000 143.000000
353.704984 1763.606644 nan 515.713596 249.000000 nan nan nan nan 176.000000
nan 1774.751583 nan nan nan 409.000000 nan nan nan nan
nan nan nan nan 332.000000 nan nan nan 312.000000 179.000000
nan nan 136.967746 nan nan nan 82.000000 nan nan nan
nan 1806.063945 143.210736 nan nan nan nan nan nan nan
nan nan nan nan nan 447.000000 nan 220.000000 nan nan
nan nan 153.799889 nan nan 466.000000 nan 96.000000 54.000000 nan
361.965390 1789.608521 nan nan nan nan nan nan nan nan
361.742112 nan 136.900102 nan 100.000000 nan 90.000000 nan 0.000000 nan
nan nan 102.942385 nan nan nan nan nan nan nan
358.328610 nan nan nan nan 408.000000 nan nan 0.000000 nan
357.068893 nan nan 540.789353 nan nan nan nan nan 149.000000
nan nan nan 513.807558 nan 342.000000 168.000000 nan 0.000000 172.000000
nan 1814.145925 nan nan nan 363.000000 nan nan nan nan
nan nan nan nan 229.000000 nan nan nan nan nan
nan nan nan nan nan 551.000000 nan nan nan nan
363.679955 1813.792787 nan nan 420.000000 541.000000 nan nan 277.000000 nan
nan nan nan 520.147018 305.000000 nan nan nan nan nan
363.155366 1815.624046 nan nan 210.000000 nan 80.000000 21.000000 nan nan
nan nan nan nan nan nan nan nan nan nan
363.926966 nan nan nan nan nan nan nan 77.000000 nan
nan 1771.374925 nan nan nan 249.000000 117.000000 18.000000 nan nan
359.990031 nan 100.700700 nan 432.000000 426.000000 172.000000 151.000000 nan nan
356.781747 1787.338899 88.248963 527.662801 882.000000 392.000000 194.000000 354.000000 0.000000 nan
356.341916 nan nan nan 185.000000 nan nan nan nan nan
359.183017 1797.895341 nan nan nan 224.000000 123.000000 nan nan nan
nan nan nan nan 103.000000 368.000000 nan nan 0.000000 nan
361.511763 1804.262495 nan 506.821368 124.000000 nan 86.000000 71.000000 nan nan
nan nan 137.889477 521.374965 20.000000 nan nan nan 124.000000 nan
nan 1811.734656 nan nan nan nan nan 24.000000 14.000000 167.000000
365.220137 1814.150957 nan 528.095384 nan 399.000000 83.000000 2.000000 nan nan
nan 1777.658811 107.064605 nan 40.000000 nan 90.000000 nan 0.000000 nan
nan nan nan nan nan 285.000000 95.000000 nan nan nan
363.224350 1774.258374 nan nan nan nan nan 8.000000 nan nan
nan nan nan nan nan nan 177.000000 nan 0.000000 nan
nan 1774.531708 nan nan nan nan nan nan nan nan
nan nan nan nan 383.000000 329.000000 nan 279.000000 nan 159.000000
nan nan nan nan 106.000000 nan 119.000000 nan nan nan
nan 1805.135235 106.470516 496.020834 nan 324.000000 nan 42.000000 0.000000 nan
363.668830 nan 121.724744 nan nan nan nan nan nan nan
364.870697 nan nan nan 301.000000 nan nan 107.000000 nan 151.000000
nan 1808.628579 nan nan 158.000000 nan 72.000000 nan nan 181.000000
366.716457 nan 149.333714 nan nan nan nan nan nan 202.000000
nan nan nan nan nan nan nan nan nan nan
nan nan nan 533.653720 100.000000 nan nan nan nan nan
365.536093 nan nan nan nan nan 119.000000 nan nan nan
361.616959 nan 80.187959 nan nan nan nan 249.000000 nan nan
359.187301 nan 80.473149 nan 570.000000 nan nan nan nan 145.000000
359.219990 nan nan nan nan nan 192.000000 nan nan nan
nan nan nan nan 106.000000 nan 116.000000 nan nan 187.000000
nan nan nan 491.514368 117.000000 nan 94.000000 nan nan nan
nan 1823.647016 nan nan nan 425.000000 nan nan 678.000000 nan
nan nan 168.924645 514.793018 238.000000 nan 85.000000 89.000000 nan nan
nan 1816.978940 nan nan nan nan 67.000000 nan nan 160.000000
369.037861 1820.693621 nan nan 428.000000 nan nan 232.000000 298.000000 181.000000
nan 1829.222498 nan 527.181813 nan 411.000000 nan nan nan 207.000000
nan nan 151.215355 549.070434 nan 294.000000 nan nan nan 203.000000
nan 1816.820088 nan nan nan nan 115.000000 nan nan nan
nan nan nan 550.711131 nan nan nan nan nan nan
nan 1801.792673 114.075476 544.573873 nan nan 211.000000 674.000000 0.000000 nan
nan 1797.308666 nan nan nan nan 174.000000 471.000000 nan 158.000000
nan 1838.041032 158.166235 524.797664 nan 307.000000 115.000000 nan 0.000000 192.000000
nan 1833.482951 nan nan nan 333.000000 nan nan nan nan
nan 1835.578763 nan nan 284.000000 344.000000 nan 110.000000 nan 183.000000
nan nan 144.438168 nan nan nan nan nan nan nan
371.261622 1833.133491 154.940964 533.035257 109.000000 nan 71.000000 32.000000 nan nan
nan nan 170.339492 nan nan 375.000000 nan nan 485.000000 nan
nan 1828.252808 151.663589 nan nan nan nan 76.000000 446.000000 201.000000
372.294450 nan nan nan nan nan 82.000000 nan nan nan
372.355684 nan 103.978513 nan nan 275.000000 nan nan nan nan
nan 1781.081605 nan nan nan 486.000000 nan 826.000000 0.000000 nan
nan nan 81.054882 nan nan 413.000000 188.000000 nan nan nan
363.224535 1814.490074 nan nan 321.000000 nan 163.000000 243.000000 nan 177.000000
366.055670 nan nan 507.598668 nan nan nan 40.000000 nan 200.000000
nan nan nan nan 103.000000 nan nan 22.000000 nan nan
370.803512 nan 118.734754 509.891823 104.000000 nan 72.000000 nan 1085.000000 197.000000
nan 1820.117010 103.255079 524.582911 nan nan 81.000000 nan nan 183.000000
nan nan nan 527.208443 nan nan nan 27.000000 nan 187.000000
372.524493 1828.749972 nan nan 353.000000 nan nan 149.000000 nan 196.000000
nan nan 137.238147 nan nan nan nan 0.000000 nan nan
nan 1821.822528 126.229284 nan nan nan nan 3.000000 0.000000 223.000000
nan nan nan nan nan nan nan nan nan nan
nan nan nan 536.578726 264.000000 463.000000 nan 105.000000 0.000000 165.000000
nan 1793.044002 81.451752 nan nan nan nan nan nan nan
nan nan nan nan 119.000000 nan 161.000000 nan nan nan
nan 1813.140563 nan nan nan 348.000000 nan 402.000000 nan nan
nan nan 104.123938 nan nan nan nan 137.000000 nan nan
373.483647 nan 118.191466 nan 104.000000 361.000000 nan 46.000000 660.000000 201.000000
nan nan nan nan 432.000000 402.000000 78.000000 231.000000 nan nan
374.224538 nan nan nan nan nan 69.000000 144.000000 nan 187.000000
nan nan nan nan nan nan 74.000000 nan 360.000000 179.000000
nan 1830.561006 nan nan 208.000000 nan nan nan 277.000000 200.000000
nan nan 110.382042 nan 100.000000 nan nan 10.000000 nan 209.000000
371.998414 1792.219648 nan 532.237456 nan 275.000000 118.000000 22.000000 nan 200.000000
371.385921 1785.165615 nan nan 601.000000 nan nan 403.000000 nan nan
372.405917 1789.125923 nan nan nan nan nan nan nan 154.000000
371.401902 nan 90.603344 nan nan nan nan nan 0.000000 183.000000
nan nan nan nan nan nan 119.000000 nan nan 190.000000
nan 1828.904270 nan nan nan 350.000000 97.000000 49.000000 nan nan
nan nan nan nan nan nan nan 125.000000 nan 189.000000
nan nan 115.739938 nan nan nan nan 76.000000 307.000000 nan
nan nan 136.098735 514.880736 nan nan nan nan nan 161.000000
nan 1831.006759 138.113059 nan 165.000000 nan nan nan nan 155.000000
nan nan nan nan nan 412.000000 nan nan nan 151.000000
nan 1821.186282 nan nan 30.000000 313.000000 nan nan 0.000000 nan
nan nan nan 523.330013 200.000000 nan nan nan nan nan
nan 1806.991599 nan 541.781348 nan nan nan nan nan nan
nan nan 109.089358 nan nan nan nan 232.000000 0.000000 nan
nan nan nan 515.527564 nan 350.000000 nan nan nan 127.000000
373.540026 nan 133.305972 504.814045 nan 302.000000 132.000000 nan 0.000000 nan
nan nan 133.513771 nan 161.000000 nan nan 48.000000 0.000000 nan
nan nan 143.105555 nan 283.000000 356.000000 87.000000 149.000000 nan 118.000000
nan 1766.357335 nan 532.800463 321.000000 nan nan nan 1550.000000 nan
nan nan nan nan 313.000000 nan nan 211.000000 nan nan
357.093033 nan 140.342075 nan nan nan nan nan nan nan
357.803846 nan nan 541.043973 nan 459.000000 45.000000 nan nan nan
nan nan nan nan nan nan nan nan nan nan
356.474323 nan nan nan 256.000000 357.000000 98.000000 nan 0.000000 192.000000
353.043517 nan nan 542.392841 nan 605.000000 155.000000 1790.000000 19.000000 nan
nan 1739.774373 89.563983 532.938218 nan nan 150.000000 762.000000 29.000000 nan
350.822837 nan nan 540.204515 nan nan nan nan nan nan
353.482409 nan nan nan 329.000000 nan nan nan nan nan
nan 1771.148266 nan nan nan nan 64.000000 nan nan 168.000000
nan nan 131.815805 524.937697 nan nan 49.000000 440.000000 nan nan
nan 1772.334811 nan 543.166815 622.000000 nan 54.000000 384.000000 nan nan
357.881776 nan 125.556022 541.387623 nan 516.000000 56.000000 nan nan nan
nan 1786.709919 nan 544.266889 400.000000 nan 44.000000 nan 866.000000 nan
360.089142 nan nan nan 0.000000 409.000000 43.000000 0.000000 503.000000 nan
359.920427 nan nan 553.830556 nan 366.000000 nan nan nan nan
358.301436 nan 121.031678 nan nan nan 73.000000 496.000000 171.000000 199.000000
nan nan nan 561.063005 782.000000 nan nan 551.000000 25.000000 nan
352.149287 nan nan 553.156563 1125.000000 488.000000 nan 1326.000000 13.000000 nan
nan 1773.440490 nan nan 576.000000 457.000000 134.000000 425.000000 56.000000 155.000000
353.780131 1768.794209 nan nan 255.000000 261.000000 nan nan 66.000000 188.000000
nan 1795.575609 nan 549.864329 nan nan nan 95.000000 nan nan
nan nan nan 530.247411 718.000000 573.000000 nan nan 913.000000 nan
nan 1806.180422 140.495520 nan nan nan nan 775.000000 nan 136.000000
nan 1797.482988 nan 539.266505 nan nan 54.000000 nan nan nan
nan nan nan 541.070304 nan 554.000000 48.000000 677.000000 nan nan
nan nan 157.637650 nan nan 409.000000 49.000000 145.000000 nan nan
nan 1786.818352 nan 540.971917 nan 503.000000 59.000000 nan 0.000000 nan
nan 1768.701833 nan 530.219427 nan nan nan nan nan nan
nan nan 111.392821 nan nan nan 141.000000 nan 58.000000 nan
nan nan 97.656670 546.220406 nan nan nan nan nan 159.000000
nan nan 96.656865 nan nan nan 131.000000 nan 0.000000 185.000000
nan 1782.938099 112.907680 nan nan nan nan 124.000000 nan nan
nan 1790.411090 nan 512.923608 nan nan nan nan 1265.000000 nan
357.854323 1789.774403 nan 517.058410 nan 532.000000 57.000000 nan nan 151.000000
357.888966 nan nan nan 872.000000 659.000000 nan nan nan nan
359.691287 nan 147.554028 nan 444.000000 nan 49.000000 nan nan 149.000000
360.399965 1801.120305 142.081874 nan 390.000000 nan 50.000000 206.000000 493.000000 nan
nan 1801.120603 nan nan nan nan nan 5.000000 338.000000 207.000000
nan 1788.871834 nan nan 257.000000 nan 56.000000 53.000000 34.000000 196.000000
nan nan 104.900400 nan nan nan nan nan nan nan
nan nan 88.108177 nan nan nan nan nan 42.000000 170.000000
nan 1768.384389 98.856937 521.822551 nan nan 161.000000 nan 0.000000 135.000000
nan nan 99.192319 nan 402.000000 nan 132.000000 nan 47.000000 171.000000
356.088209 1773.447942 nan nan 226.000000 394.000000 88.000000 94.000000 152.000000 173.000000
nan 1792.047325 105.069128 498.033480 321.000000 nan 62.000000 255.000000 nan 173.000000
359.037682 1816.408889 139.652223 503.526450 241.000000 442.000000 54.000000 95.000000 877.000000 nan
360.061041 1804.603003 nan 513.392053 nan 379.000000 59.000000 nan nan 187.000000
nan nan nan nan 428.000000 nan nan nan nan nan
nan 1801.817417 nan nan nan nan 52.000000 nan nan nan
361.966802 nan 139.690596 nan 110.000000 nan 49.000000 nan nan 191.000000
nan nan nan nan nan 429.000000 60.000000 80.000000 nan nan
nan 1767.941135 102.708352 nan nan nan nan nan nan nan
358.353050 nan nan 528.561074 1077.000000 nan 154.000000 743.000000 nan nan
nan nan nan nan nan 424.000000 nan 888.000000 0.000000 156.000000
354.928015 1768.328253 117.896556 514.757125 nan 393.000000 nan nan nan nan
357.672531 nan nan nan 185.000000 nan nan nan nan nan
359.668714 1794.581351 nan 502.314989 406.000000 nan nan 333.000000 nan 167.000000
nan 1810.736329 nan nan nan 565.000000 54.000000 1114.000000 nan 149.000000
nan nan 134.091587 503.515753 nan 550.000000 54.000000 nan nan nan
nan nan 138.559796 520.232044 nan nan nan nan nan nan
363.170042 1815.677112 nan nan nan nan 52.000000 152.000000 357.000000 170.000000
nan 1805.748073 146.968537 nan nan nan nan nan nan 188.000000
363.894901 nan 132.847419 nan 114.000000 nan nan 35.000000 nan 183.000000
nan nan 95.871767 536.962607 nan nan nan 36.000000 nan nan
nan nan nan 535.536488 616.000000 nan 147.000000 469.000000 8.000000 nan
nan 1785.810033 89.051370 nan 1449.000000 nan 165.000000 nan nan nan
356.344794 nan nan nan nan nan 141.000000 593.000000 0.000000 nan
nan nan nan nan 175.000000 263.000000 nan nan 24.000000 nan
nan nan nan nan nan 394.000000 nan nan 98.000000 nan
nan nan nan nan nan nan nan nan nan nan
nan 1814.297814 nan 523.267742 30.000000 430.000000 50.000000 nan 970.000000 nan
nan nan 153.586924 nan 181.000000 nan 58.000000 nan nan nan
365.275217 nan nan nan 100.000000 nan nan nan 210.000000 187.000000
nan 1781.460172 nan nan nan 407.000000 nan 7.000000 0.000000 nan
366.181153 nan nan nan nan 366.000000 nan 7.000000 nan 203.000000
nan 1774.819842 nan 551.056127 nan nan nan nan nan nan
361.972249 nan nan nan 1442.000000 nan 147.000000 nan nan nan
nan nan nan 541.028688 nan nan 162.000000 1630.000000 nan nan
357.955381 nan 113.962762 515.227536 nan nan nan 964.000000 45.000000 167.000000
360.209742 nan nan 498.283179 nan nan nan nan nan nan
nan nan 106.336877 nan nan nan nan 199.000000 231.000000 nan
nan nan 120.721117 nan 204.000000 406.000000 nan 91.000000 nan 193.000000
nan nan nan nan 415.000000 475.000000 59.000000 324.000000 nan 151.000000
nan nan nan nan nan nan nan nan 1089.000000 nan
366.723460 nan 149.635073 nan 183.000000 nan nan nan 419.000000 nan
nan nan nan 534.265124 nan nan nan nan nan 185.000000
366.633790 nan nan 533.836394 309.000000 374.000000 nan 153.000000 nan 188.000000
nan nan nan 533.117719 nan nan nan nan 5.000000 186.000000
361.645266 nan nan 524.546406 891.000000 538.000000 nan nan nan nan
nan nan nan 513.870384 nan 482.000000 167.000000 nan nan nan
359.191458 nan nan 502.556276 nan nan nan nan nan nan
nan 1803.449023 nan 508.195988 nan nan nan nan nan 183.000000
nan 1810.941917 nan 491.675837 nan nan nan 110.000000 nan nan
nan nan nan nan 564.000000 nan nan 636.000000 nan nan
nan nan nan 514.935580 nan 430.000000 nan nan nan 182.000000
367.702448 nan 151.870005 nan nan 301.000000 nan 760.000000 1113.000000 nan
nan nan nan nan 550.000000 520.000000 nan nan nan nan
nan nan 169.120252 527.701376 249.000000 nan nan nan nan 195.000000
369.585368 1818.113245 nan nan nan nan nan nan 113.000000 199.000000
365.820761 1817.290916 nan nan 162.000000 317.000000 nan 89.000000 39.000000 nan
nan nan nan nan nan nan nan nan nan 145.000000
362.767724 nan nan 544.395610 nan 459.000000 nan nan nan nan
nan 1799.029170 nan nan nan nan nan nan nan 159.000000
nan 1839.232627 nan 524.496420 nan 378.000000 92.000000 nan 34.000000 178.000000
nan nan 145.521054 528.155946 nan nan 62.000000 147.000000 nan 186.000000
368.528190 nan nan 520.642558 nan nan 51.000000 152.000000 nan 176.000000
nan nan nan nan 80.000000 426.000000 nan nan nan 191.000000
371.275568 nan nan 533.179308 nan 377.000000 48.000000 nan nan nan
372.465419 1835.485080 nan 538.670880 nan nan nan 36.000000 586.000000 nan
nan nan nan nan 371.000000 nan 43.000000 nan nan nan
nan nan 150.098516 nan nan nan nan 0.000000 37.000000 nan
nan 1805.263614 nan 539.806631 nan 349.000000 nan 210.000000 54.000000 nan
nan nan nan nan 1636.000000 617.000000 nan nan nan nan
nan nan nan 536.337782 nan nan nan 1530.000000 nan nan
nan nan nan 507.419012 nan 408.000000 133.000000 nan nan 167.000000
366.057528 1807.901766 100.301695 507.513775 nan nan 82.000000 nan nan nan
369.769963 1829.745081 nan nan nan nan nan 2.000000 491.000000 nan
370.816924 1829.785997 nan nan nan nan nan 34.000000 1466.000000 nan
372.220444 1819.844314 101.917236 524.447207 nan nan nan 71.000000 nan 190.000000
nan nan nan nan nan 355.000000 nan nan nan nan
372.521390 nan nan 524.261659 431.000000 nan 43.000000 nan 819.000000 201.000000
nan nan 137.510943 nan 0.000000 446.000000 nan nan 71.000000 nan
373.186902 nan nan nan nan 374.000000 59.000000 nan nan nan
371.006290 nan nan 531.246685 nan 426.000000 nan nan nan 175.000000
368.867694 nan nan 536.451682 nan 568.000000 148.000000 630.000000 nan 158.000000
367.624569 nan 81.727848 nan nan 443.000000 nan nan 0.000000 nan
nan nan 87.147848 512.339170 205.000000 nan 133.000000 109.000000 0.000000 nan
nan nan nan nan nan 445.000000 nan 862.000000 nan 156.000000
nan nan nan nan 361.000000 388.000000 50.000000 nan nan 170.000000
nan nan nan nan nan nan 49.000000 19.000000 nan nan
nan 1835.225361 nan nan nan nan 50.000000 nan nan nan
374.219791 nan nan nan 273.000000 388.000000 nan nan nan nan
374.920637 1829.870534 nan nan 412.000000 nan nan nan nan 170.000000
nan nan nan 520.410907 nan nan nan nan 315.000000 nan
374.257471 nan nan nan nan 388.000000 58.000000 nan nan nan
nan 1792.157387 103.362153 nan nan nan 88.000000 381.000000 nan 181.000000
371.790767 nan 85.016305 nan 996.000000 nan nan nan nan nan
371.877602 nan 86.203267 nan 1071.000000 404.000000 nan nan nan nan
nan nan nan 517.300409 373.000000 415.000000 nan 181.000000 nan nan
369.684553 1814.193291 99.813154 nan 293.000000 nan nan 137.000000 nan nan
nan nan nan 500.642168 nan nan nan 64.000000 190.000000 nan
374.624449 1835.597986 122.049447 473.966499 286.000000 346.000000 nan nan 1702.000000 nan
nan nan nan nan 286.000000 424.000000 nan nan 876.000000 nan
nan nan nan 514.836479 nan nan 54.000000 134.000000 nan 141.000000
nan 1830.211140 nan nan nan nan 51.000000 48.000000 nan 147.000000
nan nan nan nan nan nan nan nan 0.000000 nan
nan 1821.539776 129.899504 nan nan nan 62.000000 nan nan nan
374.486358 nan nan nan nan nan nan 55.000000 nan 164.000000
372.932290 nan 109.767813 nan nan nan nan nan nan nan
nan 1811.944188 nan 523.607128 nan nan 191.000000 nan nan nan
nan 1826.090699 115.046613 nan nan 420.000000 nan nan 0.000000 124.000000
nan 1838.844664 132.282940 nan 264.000000 366.000000 100.000000 nan 0.000000 122.000000
374.475129 1840.877876 nan nan nan 362.000000 71.000000 nan nan nan
nan 1881.128723 nan 498.751965 400.000000 nan 59.000000 nan 828.000000 110.000000
356.318074 nan nan nan nan nan nan 44.000000 nan nan
nan 1758.883245 nan nan nan nan 55.000000 31.000000 nan nan
nan nan nan 540.337479 133.000000 nan nan 29.000000 nan nan
nan 1756.674435 125.729893 nan nan nan 63.000000 nan nan nan
358.099757 nan nan nan 148.000000 461.000000 77.000000 nan nan 213.000000
nan nan nan nan nan nan 132.000000 nan 0.000000 205.000000
353.192108 1740.564497 104.671210 nan 1332.000000 nan 162.000000 nan nan nan
nan nan nan nan nan 590.000000 157.000000 nan 0.000000 161.000000
350.822254 nan 93.370909 540.414832 nan 507.000000 nan nan nan 169.000000
nan nan nan 534.382861 nan 337.000000 nan nan 156.000000 198.000000
354.359093 1772.108714 nan nan 350.000000 446.000000 74.000000 174.000000 nan nan
355.686354 1775.470950 129.890635 nan nan nan nan nan nan nan
nan nan nan nan 459.000000 nan nan nan nan nan
nan 1771.578843 nan nan 255.000000 nan 61.000000 nan nan nan
nan 1786.857538 nan 544.363006 nan nan nan nan 1023.000000 nan
nan nan nan nan nan nan 56.000000 0.000000 321.000000 nan
359.837807 nan 154.695807 nan 100.000000 nan nan 77.000000 0.000000 217.000000
358.173631 nan nan nan 327.000000 nan nan nan 0.000000 nan
355.205048 1749.643299 101.949025 561.416534 907.000000 nan nan nan 0.000000 168.000000
nan 1727.884459 nan 553.531103 1054.000000 527.000000 nan nan 0.000000 nan
nan nan 104.767739 nan 721.000000 nan 138.000000 nan 0.000000 nan
353.772947 nan nan 528.347997 161.000000 278.000000 nan 66.000000 233.000000 nan
nan nan nan 549.138057 nan nan nan nan 1577.000000 200.000000
nan nan 134.539499 nan nan nan nan nan nan 159.000000
359.390901 nan 141.325498 nan 561.000000 nan nan 195.000000 nan 146.000000
nan nan 160.837673 nan nan nan nan nan 1246.000000 nan
nan 1796.210516 161.887741 541.258905 327.000000 506.000000 60.000000 nan nan nan
nan 1786.767317 157.711356 542.375342 nan nan nan nan nan 207.000000
360.043743 1785.385679 nan 541.048153 nan nan nan nan 0.000000 nan
nan 1766.838592 nan nan nan nan nan nan nan nan
nan nan 113.717777 nan nan 398.000000 nan nan nan nan
nan nan 102.147326 545.900422 nan nan nan 374.000000 0.000000 nan
351.775176 nan nan 542.967695 215.000000 313.000000 nan 65.000000 nan nan
nan 1784.824783 114.341055 nan nan nan 96.000000 nan 111.000000 nan
nan nan nan nan 122.000000 nan 61.000000 17.000000 nan nan
nan nan nan nan nan 522.000000 61.000000 129.000000 1412.000000 nan
nan nan 128.900810 526.920219 590.000000 nan nan nan 1042.000000 132.000000
nan nan 148.323780 nan nan nan 60.000000 50.000000 nan nan
360.496941 1801.398293 142.543648 541.548323 nan nan nan 11.000000 nan nan
362.222536 1801.431026 nan nan nan nan nan 14.000000 456.000000 nan
360.741134 nan nan 541.391711 nan nan nan nan nan 229.000000
nan nan nan nan nan 335.000000 nan nan nan nan
355.555656 nan nan 531.345687 1039.000000 nan nan nan nan 165.000000
nan nan nan 522.210402 1264.000000 nan 176.000000 963.000000 nan nan
nan nan nan nan nan nan nan 214.000000 nan nan
356.087024 nan nan nan nan nan nan nan nan nan
nan nan nan nan nan nan 69.000000 68.000000 nan 193.000000
358.953882 1818.360626 143.060382 503.662129 nan nan nan nan nan nan
nan nan 141.623709 nan nan nan nan nan nan 200.000000
359.996857 nan 125.562592 nan 153.000000 nan nan nan nan nan
nan nan 153.004715 nan 150.000000 519.000000 64.000000 15.000000 525.000000 nan
nan nan nan nan nan nan 62.000000 nan nan nan
nan nan nan 531.395771 nan 433.000000 80.000000 46.000000 nan nan
359.780690 1767.917866 nan nan 404.000000 nan nan 213.000000 nan 204.000000
nan nan 102.171950 nan nan nan 184.000000 nan 0.000000 nan
nan 1757.860540 nan 540.402984 nan nan nan nan nan 176.000000
354.477088 nan nan nan 495.000000 416.000000 nan 316.000000 0.000000 nan
357.430184 nan 138.634269 nan nan nan nan 76.000000 49.000000 nan
nan 1795.485030 130.340187 502.391491 nan 453.000000 nan nan nan nan
361.446267 1810.964350 156.528424 507.262354 495.000000 nan 59.000000 nan nan 166.000000
nan 1816.501946 nan nan 438.000000 nan 62.000000 126.000000 nan nan
362.296235 1803.599527 140.996229 520.330115 nan nan 69.000000 103.000000 nan nan
nan 1815.974567 nan 524.280281 173.000000 531.000000 nan nan 622.000000 nan
363.819737 nan 147.237139 nan nan 460.000000 57.000000 11.000000 nan 192.000000
nan nan nan 533.732879 100.000000 nan nan nan 0.000000 nan
361.798012 nan nan nan nan nan nan nan nan nan
360.131566 nan 103.042982 536.794797 nan nan nan 348.000000 nan nan
356.811368 nan 90.039665 nan 1079.000000 nan 179.000000 nan 0.000000 nan
356.349382 1782.155267 82.732791 523.337188 752.000000 nan nan 698.000000 nan 174.000000
359.364344 nan nan 507.777017 103.000000 nan nan 44.000000 47.000000 230.000000
362.341248 nan 123.211127 nan nan nan nan nan 726.000000 nan
nan nan nan nan 180.000000 nan nan nan 1624.000000 188.000000
nan nan nan 525.228530 nan 426.000000 nan nan nan 216.000000
nan nan 156.034053 nan nan nan nan 30.000000 nan nan
365.328469 1815.574093 153.908434 529.737200 nan nan 61.000000 nan nan nan
nan 1785.653357 nan nan nan nan 66.000000 nan 0.000000 nan
366.156439 nan 131.759367 nan 0.000000 413.000000 92.000000 nan 0.000000 nan
nan nan 111.692486 nan 256.000000 373.000000 118.000000 nan 0.000000 190.000000
nan nan nan nan 1004.000000 nan nan nan 0.000000 nan
nan nan nan nan 1086.000000 nan nan 930.000000 nan 163.000000
nan nan nan nan nan nan nan 868.000000 0.000000 nan
nan nan nan nan nan nan nan 89.000000 0.000000 198.000000
nan nan nan 496.782415 nan 407.000000 71.000000 nan 909.000000 nan
nan nan 120.161970 nan 104.000000 385.000000 54.000000 12.000000 nan nan
364.782862 nan 131.237209 nan 262.000000 463.000000 nan 67.000000 1593.000000 157.000000
366.545111 1810.509079 nan nan nan 343.000000 nan 107.000000 nan nan
nan nan 150.308082 nan nan 401.000000 nan nan 732.000000 nan
368.336623 1815.649905 nan nan nan nan nan nan 215.000000 nan
nan 1804.613676 nan 534.060065 nan nan 82.000000 nan nan 207.000000
nan 1795.494167 119.062790 533.355160 483.000000 nan nan nan 0.000000 197.000000
nan nan nan nan nan 525.000000 166.000000 nan nan nan
nan nan nan nan nan nan nan 584.000000 0.000000 155.000000
nan 1792.139239 97.469020 nan 575.000000 nan nan nan nan nan
nan 1807.721427 nan 508.353298 nan nan 100.000000 nan nan 190.000000
363.910049 nan nan nan 170.000000 nan nan nan nan nan
nan nan 146.779345 nan 384.000000 nan nan nan 2120.000000 149.000000
nan nan nan nan nan nan 61.000000 nan nan nan
nan nan nan nan nan nan 61.000000 122.000000 1360.000000 nan
369.080503 nan nan nan 220.000000 nan nan nan nan 181.000000
nan nan 168.138416 nan 110.000000 512.000000 nan 11.000000 nan 211.000000
nan 1818.667139 nan 553.193380 0.000000 nan nan nan 0.000000 233.000000
366.045381 nan 134.461731 nan 338.000000 nan 107.000000 66.000000 nan 229.000000
nan nan 123.994502 nan 998.000000 nan 177.000000 nan 0.000000 169.000000
362.820940 1804.175761 nan nan nan nan 179.000000 nan nan nan
363.512239 nan 99.704784 nan nan 434.000000 158.000000 nan nan 174.000000
nan 1840.707206 160.196028 nan nan 404.000000 nan nan 0.000000 nan
nan nan 145.578491 nan nan 367.000000 73.000000 nan nan 187.000000
368.293353 nan nan 520.787608 nan 344.000000 nan nan nan 175.000000
370.366209 nan nan nan nan nan 62.000000 10.000000 1512.000000 194.000000
nan 1834.813138 nan nan 0.000000 363.000000 nan 0.000000 nan nan
372.283990 nan 167.067670 nan nan nan nan nan nan nan
372.306199 nan nan nan nan nan 58.000000 nan 203.000000 nan
372.178583 nan 150.199994 nan nan nan nan 10.000000 nan nan
nan 1807.188142 106.995381 nan nan 382.000000 nan 221.000000 nan 186.000000
nan 1780.589010 nan 534.484457 nan 604.000000 164.000000 nan nan nan
nan nan nan 536.378589 nan nan 171.000000 669.000000 0.000000 167.000000
363.219750 1811.648576 nan nan nan nan nan 422.000000 nan nan
366.058101 1807.733446 nan nan 200.000000 nan 97.000000 38.000000 nan 209.000000
369.519878 nan nan 506.589017 nan nan 70.000000 nan nan 231.000000
nan nan nan 510.021999 120.000000 nan 53.000000 nan nan nan
371.829253 nan nan nan 30.000000 379.000000 nan 3.000000 1769.000000 nan
nan nan 135.539142 nan nan nan nan 4.000000 nan 188.000000
nan 1828.822405 nan nan 138.000000 nan nan nan nan 196.000000
nan 1825.884653 137.886971 530.968938 0.000000 nan 61.000000 0.000000 nan nan
373.158074 1819.440559 nan nan nan nan nan 0.000000 nan 237.000000
370.978079 nan nan nan nan nan nan nan 0.000000 nan
368.951025 nan nan nan 959.000000 nan 160.000000 nan nan nan
367.629462 1790.377915 81.850461 524.903820 nan nan nan 409.000000 nan 158.000000
nan nan nan 512.883258 nan nan nan nan nan nan
368.898219 nan 94.399885 nan 661.000000 nan 102.000000 nan nan nan
nan nan nan 497.620111 nan nan 65.000000 nan nan nan
nan nan nan nan nan nan nan nan 2014.000000 nan
375.116194 nan nan 510.960631 nan nan nan nan nan 159.000000
374.213499 1821.751108 123.200366 515.773224 nan 412.000000 nan nan 1274.000000 nan
nan 1830.184976 134.861766 526.635470 194.000000 nan nan 40.000000 813.000000 nan
nan nan nan 520.937613 nan 464.000000 nan nan nan 191.000000
nan nan nan 531.876215 100.000000 nan nan 23.000000 nan nan
nan nan nan nan nan 326.000000 nan 94.000000 nan nan
372.206147 nan nan nan nan nan nan nan 0.000000 nan
371.388008 nan nan nan nan nan nan 624.000000 nan 160.000000
nan nan 91.076819 nan 293.000000 nan nan 104.000000 0.000000 nan
nan 1813.075119 99.881955 nan 221.000000 nan nan 64.000000 nan nan
nan nan nan nan 163.000000 400.000000 nan 67.000000 nan nan
374.577186 1835.755139 nan nan nan nan nan nan nan 186.000000
nan 1818.113279 nan 492.997160 nan nan 61.000000 15.000000 nan nan
nan nan nan nan 318.000000 nan nan nan nan nan
nan 1829.436510 nan nan nan 430.000000 60.000000 nan 690.000000 nan
nan nan 144.326921 nan nan 508.000000 73.000000 nan 0.000000 178.000000
nan nan nan nan nan 413.000000 nan nan nan nan
nan 1840.671215 nan nan nan 336.000000 120.000000 nan 0.000000 187.000000
nan 1810.175510 nan nan nan nan 167.000000 552.000000 nan nan
nan nan nan nan 877.000000 nan 184.000000 nan nan nan
nan 1827.169321 nan nan nan 450.000000 nan nan nan nan
373.474180 nan nan nan nan nan nan 275.000000 0.000000 157.000000
374.453541 nan 131.560543 509.623744 nan 402.000000 nan 10.000000 916.000000 167.000000
nan nan 147.196104 498.905864 nan nan nan 149.000000 nan 142.000000
356.230650 nan nan nan nan 413.000000 59.000000 nan nan nan
nan nan 145.780319 535.718119 nan 399.000000 nan 146.000000 nan nan
357.058691 1756.890033 nan 540.325523 258.000000 nan nan nan 451.000000 169.000000
nan 1757.868678 nan nan nan nan nan 197.000000 0.000000 nan
nan 1762.036585 nan 551.656160 nan nan nan nan 0.000000 nan
nan 1746.307602 104.393175 nan nan nan 168.000000 nan 0.000000 nan
353.338754 nan nan nan 936.000000 nan 174.000000 1400.000000 nan nan
350.518838 1740.314025 nan 532.833885 nan nan 173.000000 nan 31.000000 149.000000
350.819050 nan nan nan nan 575.000000 nan nan nan 141.000000
nan nan nan nan nan 370.000000 112.000000 365.000000 nan nan
nan nan nan 538.376294 nan 464.000000 nan nan nan 174.000000
nan nan nan nan nan nan 61.000000 nan 1485.000000 163.000000
nan nan nan 544.369702 nan nan 66.000000 nan nan 132.000000
357.903170 nan 121.072103 541.498332 128.000000 nan nan nan nan nan
nan nan nan 544.460182 104.000000 nan nan nan nan 179.000000
360.049445 1772.341275 nan nan nan nan 78.000000 nan nan nan
359.772110 nan 153.982724 557.074384 nan 434.000000 nan 300.000000 0.000000 200.000000
nan nan 124.041549 nan 375.000000 395.000000 nan 364.000000 37.000000 nan
355.213815 1748.467272 104.779412 nan nan 593.000000 nan 1352.000000 26.000000 149.000000
352.441046 nan 85.446226 553.935151 755.000000 nan nan nan nan nan
nan 1773.310017 105.360052 532.072779 nan 575.000000 nan nan nan 138.000000
353.765961 nan 116.677864 nan nan 322.000000 nan nan nan nan
nan nan nan nan nan 408.000000 nan nan 1077.000000 nan
nan nan nan nan nan nan nan nan 1277.000000 nan
359.375530 nan nan nan nan nan nan nan nan nan
nan nan 161.303127 nan nan 526.000000 nan 313.000000 1063.000000 nan
359.914977 1795.948199 nan 541.506595 nan nan 73.000000 107.000000 nan 184.000000
359.920992 1786.395492 157.879656 nan 258.000000 471.000000 81.000000 99.000000 nan nan
nan nan nan nan nan nan 102.000000 nan nan 162.000000
nan nan nan 532.716910 nan nan nan 189.000000 nan 192.000000
nan 1767.294801 nan nan 529.000000 nan nan 349.000000 1.000000 nan
nan nan nan nan 627.000000 483.000000 nan nan nan nan
351.749612 nan nan nan nan nan 150.000000 nan 20.000000 nan
354.839622 nan 115.886681 nan nan nan 114.000000 98.000000 129.000000 196.000000
nan nan nan 513.518695 194.000000 nan 71.000000 81.000000 nan nan
357.824279 nan 138.167372 nan nan 506.000000 nan nan 1287.000000 145.000000
nan nan nan 527.238419 nan 618.000000 nan 277.000000 nan 125.000000
nan 1800.116672 nan nan nan nan 72.000000 nan nan 152.000000
nan 1801.919601 nan nan nan nan nan nan nan nan
362.299328 nan nan nan 184.000000 nan nan 79.000000 502.000000 nan
360.615782 nan nan nan 101.000000 439.000000 105.000000 61.000000 nan nan
358.004914 nan nan nan 400.000000 nan nan nan nan nan
355.550851 nan nan nan nan 540.000000 nan 707.000000 nan nan
nan 1767.095070 98.114199 522.596588 691.000000 nan nan nan nan nan
353.674391 1764.979327 99.635434 518.778122 nan 497.000000 156.000000 nan nan nan
nan nan 87.846893 517.930065 nan nan nan nan nan nan
nan nan nan nan 158.000000 nan nan nan nan nan
nan nan nan nan nan nan 62.000000 nan nan 176.000000
359.748310 1802.676280 nan 513.549373 292.000000 455.000000 nan nan nan nan
nan nan nan nan nan nan 63.000000 20.000000 nan nan
nan 1801.578168 nan 528.761493 nan nan nan 6.000000 454.000000 nan
nan nan 143.673201 522.801316 nan 442.000000 83.000000 nan 309.000000 201.000000
361.687017 1793.591722 141.419883 nan 385.000000 nan nan nan nan nan
nan nan 103.356969 nan 250.000000 nan nan nan 0.000000 nan
nan nan nan 534.674423 nan nan 185.000000 nan 0.000000 176.000000
nan nan nan nan nan nan 196.000000 nan 0.000000 nan
nan 1771.428328 nan nan nan nan nan nan nan nan
nan nan nan nan nan nan nan 126.000000 nan 182.000000
nan nan nan nan nan nan nan nan nan nan
361.116807 1811.910193 162.044149 nan 362.000000 nan nan 253.000000 nan nan
363.858003 1818.293608 nan nan 391.000000 nan nan 144.000000 nan 144.000000
362.316157 nan nan nan 244.000000 495.000000 nan nan nan nan
363.213678 nan nan nan 167.000000 nan nan 117.000000 364.000000 166.000000
363.818006 nan nan 524.833136 nan nan nan 5.000000 nan nan
nan nan 133.132041 nan 124.000000 504.000000 115.000000 nan nan nan
nan nan nan nan nan 439.000000 nan nan nan 188.000000
360.191724 nan nan nan 269.000000 nan nan nan nan nan
nan nan nan 528.610384 564.000000 nan nan nan nan 155.000000
nan nan nan 523.016809 680.000000 nan nan nan nan 150.000000
nan 1796.594807 101.393189 nan nan 357.000000 nan 34.000000 177.000000 204.000000
362.411272 1818.256947 nan nan nan 491.000000 nan nan nan nan
361.130950 1808.504225 110.012057 nan 185.000000 nan nan nan nan 161.000000
364.058846 nan 143.853112 nan nan 448.000000 nan 29.000000 nan nan
365.293581 1813.877826 nan nan nan 383.000000 nan nan 480.000000 nan
365.379766 1816.651510 nan 530.577610 104.000000 nan nan nan nan nan
364.199246 1790.237899 nan nan nan 498.000000 nan nan nan nan
nan nan nan 540.114526 nan nan nan 2.000000 0.000000 nan
363.304301 nan nan 550.076167 537.000000 nan 156.000000 530.000000 0.000000 173.000000
361.969181 nan nan 541.548891 nan 455.000000 nan nan nan nan
nan 1779.889880 nan nan 830.000000 521.000000 nan 498.000000 0.000000 151.000000
357.977995 1808.660264 115.921041 nan nan nan nan nan nan 157.000000
360.493158 nan nan nan 30.000000 nan 116.000000 3.000000 nan 187.000000
nan nan 107.603139 nan nan nan nan nan 697.000000 183.000000
363.337793 nan 120.117820 505.728000 nan nan nan 0.000000 1517.000000 193.000000
nan 1817.244047 131.474183 nan 187.000000 488.000000 nan 40.000000 1299.000000 143.000000
366.581586 1811.523739 nan 520.368464 nan 418.000000 67.000000 261.000000 1132.000000 nan
366.780294 nan 151.394655 nan nan 447.000000 nan nan nan nan
368.243953 nan nan nan nan nan nan nan nan nan
366.570331 nan nan nan 403.000000 nan nan 367.000000 0.000000 183.000000
nan 1795.379355 nan 533.592277 nan 425.000000 nan nan nan nan
nan 1791.401966 85.999353 nan nan nan nan 167.000000 5.000000 175.000000
nan nan 83.958005 nan nan nan nan 608.000000 nan 155.000000
nan 1792.104565 nan 503.196060 nan nan nan nan 0.000000 nan
nan nan 123.706957 nan nan nan nan nan 144.000000 173.000000
363.964795 nan 125.617468 nan nan 406.000000 nan nan 821.000000 nan
366.212352 nan nan nan 566.000000 nan 58.000000 332.000000 nan nan
nan nan 176.276074 515.248768 100.000000 nan nan nan nan nan
nan 1818.361513 nan 517.691833 187.000000 nan 71.000000 nan nan nan
369.102236 1825.702052 nan nan 171.000000 384.000000 nan nan nan 185.000000
nan 1825.835372 nan 528.930849 118.000000 nan 71.000000 13.000000 686.000000 nan
369.539359 1819.705524 156.297224 555.053901 nan nan nan 17.000000 nan nan
366.260169 1820.026749 nan nan 198.000000 nan 149.000000 66.000000 nan nan
nan 1809.461703 nan nan nan nan nan nan 0.000000 nan
362.875159 nan 114.575005 nan nan 494.000000 nan 228.000000 nan 149.000000
363.499693 1803.394145 nan nan nan nan nan 93.000000 nan nan
365.784762 1842.499165 161.372965 nan nan nan nan nan nan nan
nan nan nan 528.279608 nan nan 88.000000 nan nan 164.000000
nan 1834.887188 143.280438 nan nan nan 62.000000 nan nan nan
nan 1834.650388 nan nan 165.000000 nan 67.000000 nan 1225.000000 nan
nan nan nan 533.489483 nan nan nan 0.000000 nan 219.000000
nan 1835.461695 nan nan nan 463.000000 nan nan 512.000000 193.000000
372.241535 1825.843858 149.349168 541.715939 nan nan nan nan nan nan
nan nan nan nan nan nan 110.000000 nan nan nan
nan 1809.693251 108.918217 nan nan nan nan nan nan 163.000000
nan 1780.002056 84.590678 nan nan nan nan nan 0.000000 nan
nan 1790.693111 nan nan 587.000000 nan nan nan nan nan
nan 1810.368015 nan nan nan nan nan nan nan nan
366.057529 nan nan 507.363668 nan 556.000000 nan nan 209.000000 180.000000
nan nan nan nan 0.000000 394.000000 nan 0.000000 608.000000 205.000000
nan 1829.660975 nan 510.118348 137.000000 369.000000 60.000000 nan nan nan
371.518490 1820.246698 nan nan nan nan nan 0.000000 1179.000000 189.000000
373.941370 nan 136.549852 nan nan 343.000000 nan nan 472.000000 183.000000
372.512759 nan nan nan nan nan 72.000000 6.000000 nan nan
nan 1826.643561 138.370915 nan nan 515.000000 nan 15.000000 nan nan
373.129953 nan nan nan nan 439.000000 nan nan nan nan
370.954035 nan nan 531.368371 nan nan nan 823.000000 nan nan
nan 1787.753058 83.141631 nan 549.000000 nan 179.000000 nan nan nan
nan nan nan 524.926070 386.000000 504.000000 178.000000 nan nan nan
nan nan nan 513.442550 nan nan 159.000000 nan nan nan
368.650670 1812.887151 94.621233 502.626189 533.000000 nan nan 411.000000 15.000000 140.000000
370.157869 1826.273636 nan nan nan nan nan nan nan nan
372.628873 nan nan 500.350121 nan nan 64.000000 nan nan nan
nan nan 127.134283 nan nan nan nan nan nan nan
374.206189 1821.784434 122.682713 nan nan nan 66.000000 nan nan 169.000000
nan nan nan 526.944066 nan 425.000000 71.000000 nan nan nan
374.994029 1831.233819 nan 521.518949 100.000000 518.000000 nan 10.000000 nan nan
nan nan nan nan 138.000000 429.000000 nan 46.000000 nan 186.000000
371.941166 1792.087461 nan 535.674258 331.000000 nan nan nan nan nan
372.599018 1782.157415 nan nan 341.000000 514.000000 186.000000 131.000000 0.000000 nan
370.944011 nan 86.100314 527.076320 790.000000 nan 185.000000 679.000000 0.000000 146.000000
370.308350 nan nan nan 277.000000 nan 171.000000 nan 0.000000 150.000000
nan 1812.045127 99.935648 509.281619 nan nan 124.000000 nan nan 172.000000
nan nan nan nan nan 415.000000 95.000000 175.000000 154.000000 150.000000
nan nan nan nan nan 452.000000 nan nan 1837.000000 nan
nan 1817.523863 nan 500.859874 nan 443.000000 nan nan nan nan
nan nan nan nan nan nan nan 194.000000 1157.000000 nan
nan nan nan 519.467749 104.000000 nan nan nan nan 180.000000
nan nan 145.505401 nan nan nan nan nan 0.000000 177.000000
nan 1822.100047 132.785484 nan nan nan 113.000000 nan nan 182.000000
nan nan nan 523.524438 236.000000 nan 159.000000 nan nan nan
nan nan nan nan 576.000000 nan 183.000000 nan nan nan
nan 1823.067773 nan nan 580.000000 464.000000 197.000000 nan 0.000000 nan
371.233981 nan nan 516.957550 nan 488.000000 171.000000 nan nan 148.000000
nan nan nan 505.203515 492.000000 nan nan nan 0.000000 137.000000
nan nan 130.894024 nan nan nan 80.000000 102.000000 nan 160.000000
nan nan 149.497282 nan nan nan 66.000000 275.000000 nan nan
356.149791 nan nan 533.417351 300.000000 481.000000 nan nan nan 176.000000
356.698758 nan 145.881505 nan nan nan 80.000000 170.000000 733.000000 nan
nan nan nan nan nan 585.000000 93.000000 265.000000 nan nan
nan nan 124.452587 541.100402 492.000000 605.000000 nan nan nan nan
358.163476 nan 120.821182 nan nan nan nan 200.000000 0.000000 nan
nan nan 104.335455 nan 147.000000 nan 217.000000 nan nan nan
nan nan nan nan 695.000000 555.000000 201.000000 nan nan nan
nan nan 90.986948 nan nan nan nan 1286.000000 nan nan
nan nan nan nan nan 566.000000 nan 1043.000000 nan 119.000000
nan nan nan nan nan nan nan nan nan nan
nan 1774.491777 101.745672 539.263861 nan 502.000000 100.000000 159.000000 112.000000 nan
nan 1775.545065 nan 524.753467 nan nan nan 88.000000 1382.000000 147.000000
nan nan 140.543104 nan nan nan 71.000000 372.000000 nan nan
nan 1772.985844 nan nan 249.000000 nan nan nan nan nan
nan nan nan nan nan 532.000000 nan nan 41.000000 nan
360.025292 nan nan nan nan nan nan nan 47.000000 nan
nan nan nan nan nan nan nan nan nan nan
nan 1758.301096 125.416418 550.767765 578.000000 nan nan nan nan nan
nan nan nan 561.930306 nan nan nan nan nan 134.000000
nan nan nan nan nan 496.000000 210.000000 776.000000 nan 149.000000
351.185671 1773.452078 nan nan 740.000000 584.000000 nan nan nan 114.000000
nan 1766.380300 116.531848 528.160995 nan nan nan nan nan 161.000000
nan 1793.227417 nan 547.112065 382.000000 nan 85.000000 134.000000 803.000000 143.000000
nan 1791.585132 132.906179 nan 1027.000000 nan 79.000000 nan nan nan
nan nan nan nan nan nan nan nan nan nan
nan nan nan 542.119046 nan 591.000000 85.000000 nan 490.000000 nan
nan nan nan 541.812539 nan nan 93.000000 198.000000 nan nan
nan nan nan nan 267.000000 nan nan 291.000000 nan 160.000000
nan nan 156.500128 nan nan 625.000000 nan nan nan 135.000000
357.306319 nan 112.327838 nan nan nan 189.000000 937.000000 38.000000 nan
nan 1768.686742 nan 542.810182 525.000000 nan nan nan 0.000000 153.000000
nan nan nan nan 599.000000 nan 204.000000 835.000000 nan 149.000000
nan 1771.618804 101.544448 nan nan nan nan nan nan nan
354.898911 nan nan 523.297328 nan nan nan 37.000000 33.000000 nan
355.785745 nan nan 513.823982 nan 431.000000 85.000000 147.000000 959.000000 nan
nan nan nan nan 525.000000 nan nan 144.000000 nan 138.000000
357.785519 nan nan 527.558314 556.000000 633.000000 nan nan nan nan
nan nan nan 531.735536 nan 552.000000 nan nan 676.000000 145.000000
nan nan 143.456326 nan 159.000000 493.000000 nan 70.000000 nan 168.000000
nan 1802.027354 nan nan 339.000000 468.000000 nan 149.000000 170.000000 nan
360.497049 nan nan 541.574996 nan nan 150.000000 365.000000 nan nan
nan nan 114.788877 nan nan 495.000000 nan nan 0.000000 nan
nan nan nan nan nan nan nan nan nan nan
nan 1766.546777 nan nan nan 455.000000 nan nan 0.000000 153.000000
353.658358 nan 99.856989 nan nan 504.000000 nan nan nan nan
nan 1772.268641 nan 524.378546 nan nan nan nan nan nan
nan nan nan nan nan nan 81.000000 8.000000 nan 157.000000
358.748235 nan nan nan 315.000000 nan nan nan nan 148.000000
nan 1802.341754 nan 513.628042 582.000000 nan nan 185.000000 nan nan
359.795157 nan 126.759828 nan nan nan nan nan nan nan
nan nan nan 529.405892 nan nan nan nan nan nan
361.971968 nan 146.089779 nan 204.000000 nan 110.000000 nan nan 185.000000
nan 1793.402366 nan 531.888435 nan nan nan nan nan 143.000000
nan 1767.977134 104.374896 530.016864 nan nan nan nan nan nan
358.386250 nan 103.616615 nan 294.000000 nan nan 318.000000 nan 164.000000
nan nan 142.136527 539.787155 nan nan nan nan nan 144.000000
353.752234 nan 124.360270 nan nan 461.000000 nan nan 35.000000 nan
nan nan nan 499.498967 362.000000 nan nan nan nan nan
359.729617 nan nan nan nan nan 100.000000 9.000000 nan nan
360.808988 1813.669824 nan nan nan 580.000000 81.000000 nan nan 139.000000
nan nan nan nan nan 557.000000 nan 190.000000 nan nan
nan 1805.713794 148.325200 nan nan 494.000000 nan nan 254.000000 159.000000
363.242485 nan 166.682018 525.549700 nan nan 94.000000 nan 323.000000 nan
nan nan 147.924676 525.610789 nan nan 110.000000 nan nan 172.000000
nan nan nan nan nan 559.000000 158.000000 nan 0.000000 nan
361.738398 nan 101.465474 nan nan nan nan 379.000000 nan nan
nan nan nan 539.665724 nan 449.000000 nan nan nan nan
nan nan nan nan 403.000000 nan 208.000000 nan nan nan
nan nan 84.213925 nan nan nan nan 581.000000 nan 129.000000
nan nan nan 508.696756 nan 392.000000 nan 89.000000 nan nan
nan nan nan 498.245076 80.000000 nan nan nan 277.000000 nan
nan nan 113.184974 nan nan nan nan nan nan nan
nan nan 146.763679 nan nan nan nan 31.000000 nan nan
nan nan nan nan 100.000000 513.000000 nan 65.000000 462.000000 nan
nan nan nan nan nan nan 75.000000 nan nan nan
nan nan nan nan nan nan 110.000000 nan nan nan
366.108921 nan 136.323530 540.214512 nan nan nan 67.000000 0.000000 177.000000
nan 1778.741667 nan nan 540.000000 nan 202.000000 612.000000 0.000000 144.000000
nan nan 102.238861 540.976187 218.000000 nan nan 74.000000 0.000000 nan
nan nan 115.603139 543.105441 nan nan 214.000000 771.000000 0.000000 114.000000
357.989000 nan nan 516.641752 519.000000 nan nan nan nan nan
360.625499 nan nan nan 242.000000 nan nan nan 99.000000 nan
nan 1808.895745 nan 497.644483 489.000000 nan 98.000000 nan nan nan
nan 1813.005543 120.612389 506.092804 0.000000 nan nan 0.000000 nan 140.000000
nan nan 131.706614 nan nan nan nan nan nan nan
nan 1812.579207 145.898421 520.794621 704.000000 nan nan nan nan 112.000000
nan nan nan 530.571815 290.000000 nan nan nan 137.000000 nan
368.160678 nan nan nan 613.000000 nan 99.000000 621.000000 nan 148.000000
366.555690 nan nan 534.632741 447.000000 525.000000 152.000000 231.000000 62.000000 nan
365.270482 1795.573596 125.306386 nan nan 488.000000 186.000000 nan nan nan
nan nan 88.548524 nan nan 488.000000 nan nan 0.000000 146.000000
nan 1778.793174 nan 514.369370 nan nan nan nan nan nan
359.081784 nan nan 503.530229 383.000000 514.000000 203.000000 195.000000 nan 135.000000
362.308956 1818.728265 nan 507.748174 nan nan nan nan nan nan
nan 1813.665058 126.051710 nan nan 490.000000 90.000000 nan nan nan
nan nan nan nan 848.000000 nan nan nan nan 133.000000
nan 1813.126631 179.280351 515.419244 nan 485.000000 nan 50.000000 1090.000000 nan
nan nan nan 518.022857 nan 412.000000 nan 107.000000 nan nan
nan 1827.780344 nan nan 354.000000 463.000000 nan nan nan 163.000000
nan nan nan nan 20.000000 nan nan 2.000000 284.000000 nan
369.522897 nan nan nan nan nan nan 5.000000 0.000000 177.000000
nan nan 141.289063 nan nan nan 210.000000 25.000000 0.000000 nan
nan nan 133.679720 554.395147 281.000000 nan 223.000000 nan nan 151.000000
362.929008 nan 115.494281 nan 508.000000 nan nan nan nan 133.000000
nan nan nan 534.683935 nan nan nan nan nan nan
nan nan nan 523.747487 601.000000 536.000000 nan 329.000000 nan 130.000000
nan nan nan nan 266.000000 486.000000 106.000000 nan 0.000000 129.000000
nan nan nan nan nan nan 72.000000 nan nan nan
370.328823 nan nan 530.252648 nan nan nan nan 1157.000000 165.000000
371.302454 nan nan 533.653663 20.000000 nan nan nan nan 172.000000
nan 1836.172635 166.508429 nan 478.000000 nan 91.000000 nan nan nan
nan nan nan nan nan nan nan nan nan 161.000000
nan nan 150.579043 nan nan 506.000000 163.000000 nan 0.000000 158.000000
371.615010 nan nan 539.610270 719.000000 512.000000 190.000000 941.000000 nan 135.000000
nan 1779.324190 83.970880 534.399350 nan nan nan nan 0.000000 nan
365.045389 nan nan nan nan nan 220.000000 100.000000 nan nan
nan nan nan nan nan 589.000000 nan nan 6.000000 nan
nan nan nan 507.298413 250.000000 576.000000 nan 57.000000 nan nan
nan nan 102.575416 nan nan nan 96.000000 nan 386.000000 171.000000
nan nan nan nan nan nan nan nan nan nan
nan 1820.997139 nan 524.037868 462.000000 nan nan nan nan nan
nan 1835.743385 138.053221 526.328965 nan 431.000000 nan nan nan 163.000000
nan 1828.913035 nan 524.690870 279.000000 467.000000 93.000000 nan nan 174.000000
373.043159 nan nan 530.812776 nan nan 121.000000 nan nan nan
nan nan 126.960741 nan nan nan nan 166.000000 0.000000 169.000000
370.934249 nan nan nan nan nan 200.000000 866.000000 nan nan
nan nan nan nan 180.000000 443.000000 nan 110.000000 0.000000 nan
367.633501 nan 81.809621 524.943298 nan nan 211.000000 71.000000 0.000000 nan
367.377746 nan nan nan nan nan nan 80.000000 nan nan
nan nan 94.803125 nan nan nan 152.000000 nan 0.000000 nan
370.174022 1826.799939 104.092803 nan 456.000000 529.000000 nan 188.000000 nan nan
nan 1831.566860 nan nan nan nan nan nan 1512.000000 118.000000
nan 1837.955814 nan 511.579491 nan nan nan 233.000000 1291.000000 138.000000
nan nan 122.403522 nan nan nan nan nan nan 131.000000
nan 1831.104772 134.704681 527.258572 nan nan 85.000000 nan nan nan
375.014746 nan nan 522.147224 100.000000 603.000000 nan nan nan 163.000000
374.262851 1810.468574 nan nan nan 504.000000 nan 224.000000 0.000000 nan
nan nan 102.080251 536.799217 nan 443.000000 199.000000 nan 0.000000 150.000000
nan nan nan nan 154.000000 498.000000 223.000000 32.000000 nan nan
nan 1782.798975 nan nan 729.000000 nan nan 844.000000 0.000000 135.000000
nan 1795.651076 nan nan 415.000000 nan nan nan nan nan
nan 1811.119666 99.975407 nan nan 490.000000 nan 32.000000 nan nan
372.425462 nan nan nan nan nan 109.000000 nan nan nan
374.463597 1835.954844 nan 494.867004 250.000000 443.000000 72.000000 nan nan 130.000000
nan nan nan nan nan nan nan nan 1003.000000 nan
375.119729 nan 137.800161 nan nan nan nan nan nan nan
nan 1828.055877 139.646706 nan nan 495.000000 82.000000 nan nan 163.000000
377.267149 nan nan nan nan nan nan nan 0.000000 nan
nan nan nan 519.167878 nan nan nan 37.000000 nan nan
nan 1846.196983 nan nan nan nan nan 106.000000 0.000000 nan
nan 1813.331777 nan 539.394295 555.000000 533.000000 217.000000 nan nan nan
nan nan nan nan nan nan nan nan nan nan
nan 1828.403987 115.918393 517.451843 nan nan nan nan 0.000000 nan
nan nan 129.316323 nan nan nan nan 867.000000 0.000000 nan
nan 1841.836146 130.320639 509.739329 414.000000 493.000000 nan 207.000000 591.000000 nan
377.197424 nan nan nan nan nan nan nan 1148.000000 123.000000
356.077275 nan nan 533.618850 590.000000 525.000000 77.000000 nan nan 159.000000
nan 1761.131608 nan nan 859.000000 nan nan nan 495.000000 nan
357.111706 1758.200268 nan nan 801.000000 672.000000 nan nan nan 122.000000
nan 1760.704192 123.856230 nan 818.000000 nan nan 955.000000 73.000000 126.000000
358.195549 nan nan 552.890456 723.000000 nan 184.000000 nan nan nan
nan 1745.778039 nan nan nan nan 249.000000 81.000000 nan nan
353.620048 nan nan 544.636333 nan nan nan nan nan 120.000000
nan nan nan nan nan 480.000000 215.000000 nan nan nan
nan 1761.776648 nan nan nan nan 204.000000 nan 0.000000 nan
nan 1774.313329 nan nan 512.000000 nan nan nan nan nan
nan nan 101.807546 nan nan 545.000000 106.000000 414.000000 nan 135.000000
nan nan nan 524.692056 378.000000 524.000000 nan nan 1464.000000 nan
nan nan 141.056489 545.442423 nan 662.000000 nan nan 1274.000000 119.000000
nan nan nan 541.609034 354.000000 nan nan nan nan nan
nan 1787.364310 nan 544.657433 nan nan nan nan nan 155.000000
nan nan nan 556.393479 nan nan nan nan 37.000000 149.000000
nan nan 152.482490 559.944014 nan 611.000000 nan nan nan 131.000000
nan nan nan nan nan nan nan nan nan 129.000000
nan nan 109.622337 nan 570.000000 nan nan nan nan 139.000000
nan nan nan nan nan nan nan 979.000000 17.000000 134.000000
351.166943 nan 106.591191 nan nan nan nan nan nan nan
353.752700 nan nan nan 569.000000 424.000000 148.000000 nan nan nan
355.560554 nan nan nan nan nan 90.000000 nan nan 130.000000
358.047136 nan 132.166559 nan nan 744.000000 nan 1334.000000 498.000000 100.000000
359.353862 1803.817001 nan nan nan nan nan 679.000000 nan 103.000000
nan nan nan nan nan nan nan 1063.000000 nan 126.000000
nan nan 162.989211 542.172098 nan nan nan nan nan nan
359.895778 1786.072805 nan 542.951550 nan nan nan nan 166.000000 nan
nan nan nan nan nan nan 174.000000 1041.000000 nan nan
nan nan nan nan nan nan nan 1208.000000 nan nan
nan nan nan nan nan 523.000000 228.000000 nan nan nan
nan 1758.483114 115.528990 nan 398.000000 493.000000 nan nan nan nan
351.692498 nan 103.351947 540.591973 nan 493.000000 nan 632.000000 45.000000 133.000000
nan 1793.080760 nan nan 140.000000 nan 146.000000 nan nan nan
nan 1791.068745 nan 514.133999 524.000000 nan 96.000000 nan 759.000000 nan
357.795147 nan 138.356297 518.463867 724.000000 nan nan nan nan nan
nan nan nan nan 713.000000 nan 70.000000 nan 1166.000000 nan
nan 1801.668097 nan 531.875353 nan nan nan nan nan nan
nan 1803.681446 nan 541.298715 nan 568.000000 nan nan nan nan
nan nan 150.783697 542.768977 546.000000 nan nan nan nan 157.000000
nan 1789.971408 nan nan nan nan nan nan nan 144.000000
nan nan nan 535.980555 681.000000 nan nan nan nan 124.000000
nan nan 89.822725 532.425849 216.000000 492.000000 225.000000 280.000000 nan 138.000000
nan nan nan nan nan 469.000000 237.000000 nan nan nan
353.640027 nan 100.078542 520.860658 nan nan 195.000000 862.000000 nan nan
355.945793 nan 89.509730 nan nan nan 144.000000 nan nan nan
nan nan 98.813752 499.627596 nan 499.000000 nan nan 947.000000 nan
358.646632 1826.226866 156.744942 504.131320 nan nan nan nan nan nan
nan nan 146.255111 513.706716 nan nan nan nan 1195.000000 146.000000
nan nan 127.843784 nan 447.000000 547.000000 75.000000 nan nan nan
nan nan nan nan nan nan nan nan 237.000000 nan
nan 1795.155055 148.696841 524.093609 468.000000 nan 127.000000 nan nan nan
361.651509 nan nan nan nan nan nan 1361.000000 13.000000 121.000000
nan 1768.062687 nan nan nan nan 228.000000 nan 0.000000 nan
nan 1772.302668 104.127103 540.508873 469.000000 426.000000 226.000000 407.000000 nan 149.000000
357.149668 nan 143.344559 539.411280 nan nan nan nan 0.000000 nan
nan nan nan nan nan nan nan nan nan nan
nan 1825.099099 147.986284 nan nan nan 156.000000 nan 0.000000 119.000000
nan nan 131.626708 502.821836 nan nan 117.000000 nan nan 120.000000
nan 1816.242933 176.156464 507.976644 nan nan 89.000000 521.000000 nan 117.000000
364.073361 nan 146.127344 510.840341 nan 567.000000 66.000000 nan nan nan
362.359448 1806.864553 nan nan nan 537.000000 nan 266.000000 458.000000 148.000000
nan 1818.752534 167.874833 526.264625 nan 637.000000 nan nan nan 116.000000
nan nan 148.312483 nan 413.000000 549.000000 133.000000 nan nan nan
nan nan 133.388064 534.565163 nan 629.000000 192.000000 1061.000000 nan nan
nan nan nan 538.762107 nan 526.000000 211.000000 nan 163.000000 nan
nan nan 106.182755 541.219565 490.000000 469.000000 223.000000 nan 0.000000 142.000000
nan nan 94.405608 529.190169 nan nan nan nan 0.000000 130.000000
nan nan nan 522.083859 nan nan 206.000000 828.000000 0.000000 nan
359.687490 1796.828716 104.130994 nan nan nan 139.000000 104.000000 nan nan
nan 1827.998107 132.262926 498.311368 193.000000 540.000000 100.000000 nan 415.000000 136.000000
nan nan 117.159463 nan nan 612.000000 nan 109.000000 738.000000 136.000000
364.041060 1821.226188 150.042823 530.521579 nan 562.000000 nan 45.000000 1754.000000 196.000000
nan 1816.192693 nan 523.724647 163.000000 563.000000 nan 60.000000 nan nan
nan nan nan nan nan 510.000000 nan nan 895.000000 169.000000
nan nan nan nan nan nan nan nan 337.000000 nan
366.085923 nan 138.946399 540.322098 435.000000 595.000000 nan nan nan nan
nan nan 112.856906 nan nan nan nan nan nan nan
nan nan 103.628749 nan nan nan 236.000000 nan nan nan
nan nan 119.995157 nan nan nan nan 879.000000 0.000000 nan
nan 1813.225933 117.823234 517.167590 nan nan nan nan nan 120.000000
360.744276 nan nan 500.950304 nan nan nan nan 122.000000 nan
362.728758 1810.043535 nan nan nan nan nan nan nan nan
nan nan 121.621568 nan nan nan nan nan 1055.000000 nan
364.632277 nan nan nan 360.000000 nan nan 76.000000 nan 138.000000
nan 1813.664066 149.195952 nan 953.000000 nan nan 707.000000 650.000000 nan
nan 1822.303126 154.784414 nan nan nan nan nan nan nan
nan nan nan nan 887.000000 nan 113.000000 1030.000000 nan nan
366.551762 nan 130.690475 nan 585.000000 nan nan nan nan nan
365.255500 1796.037782 128.580691 nan nan 538.000000 211.000000 nan 87.000000 nan
nan 1796.848818 91.310633 nan 250.000000 nan nan nan 0.000000 nan
nan 1782.559068 nan nan nan nan nan nan 0.000000 nan
nan 1793.245957 nan 503.874185 396.000000 549.000000 nan nan nan nan
nan nan nan nan nan nan nan 659.000000 nan 136.000000
364.090766 nan nan 492.801009 nan 538.000000 nan nan 677.000000 nan
nan 1831.121536 155.599971 nan nan 575.000000 nan 687.000000 1536.000000 nan
nan nan nan nan nan 566.000000 nan nan nan 164.000000
nan nan nan nan 678.000000 448.000000 nan 416.000000 606.000000 nan
369.146171 1830.020728 167.108894 nan 770.000000 525.000000 nan nan nan nan
nan nan 165.979095 nan nan 611.000000 119.000000 nan 329.000000 nan
nan 1823.201177 162.469134 nan 191.000000 569.000000 nan nan nan 164.000000
nan nan 145.535688 545.788554 nan nan nan 139.000000 nan nan
nan nan nan 555.138273 nan nan nan nan nan 146.000000
nan nan 116.677845 nan nan nan 235.000000 nan nan nan
nan nan nan 534.618202 nan nan nan nan 0.000000 128.000000
nan 1847.038268 nan nan nan 553.000000 nan nan nan nan
nan nan 145.933417 528.479135 459.000000 535.000000 nan 247.000000 0.000000 117.000000
nan 1835.652891 142.655495 521.305045 nan 467.000000 72.000000 nan nan 136.000000
nan nan 152.073509 nan 521.000000 nan nan nan 980.000000 nan
nan 1837.571100 nan nan 100.000000 nan 96.000000 nan 101.000000 171.000000
nan 1837.354641 167.420491 539.104507 877.000000 557.000000 102.000000 nan nan nan
372.116417 nan 150.805373 nan nan nan nan nan nan nan
nan nan nan nan 475.000000 nan 187.000000 nan nan nan
nan nan nan 539.551596 nan nan 220.000000 nan nan nan
nan nan nan 534.394924 496.000000 nan nan 223.000000 nan 135.000000
nan 1796.061693 nan 536.313054 nan 456.000000 245.000000 224.000000 0.000000 nan
363.229247 1808.198739 90.313260 nan nan 548.000000 nan nan 44.000000 148.000000
nan nan nan 507.239940 377.000000 nan nan 207.000000 282.000000 nan
nan nan nan 506.776979 nan 477.000000 nan 3.000000 nan 164.000000
nan nan nan nan nan 509.000000 68.000000 nan nan 167.000000
nan nan nan 523.900619 nan 596.000000 nan 270.000000 nan nan
nan nan 140.026881 nan nan nan nan nan nan nan
nan nan 135.627758 nan nan 524.000000 nan nan nan nan
nan nan nan nan nan nan nan nan nan 143.000000
nan nan nan nan nan nan 216.000000 630.000000 nan 135.000000
nan nan nan nan 803.000000 nan nan 1380.000000 0.000000 nan
369.132724 1785.450014 83.420288 nan 257.000000 447.000000 225.000000 nan nan nan
367.624013 1787.871755 nan 524.957118 nan nan nan nan nan nan
367.184744 nan 83.948207 nan 499.000000 532.000000 nan 337.000000 58.000000 nan
nan 1812.973414 nan nan 839.000000 nan nan nan 0.000000 nan
370.189506 nan nan nan nan 597.000000 nan 735.000000 nan nan
nan nan 120.931887 nan 627.000000 nan nan nan nan 114.000000
nan nan nan 511.923825 nan nan 67.000000 469.000000 1276.000000 136.000000
nan 1821.910734 nan nan 650.000000 547.000000 nan nan 432.000000 127.000000
nan 1831.696649 134.847915 nan nan 613.000000 nan 441.000000 nan nan
nan nan nan 522.813533 461.000000 nan nan nan nan nan
374.273287 1811.301707 nan 532.181109 664.000000 nan 191.000000 nan nan nan
nan nan nan nan nan 507.000000 221.000000 nan nan 142.000000
nan 1780.704734 nan nan nan nan 247.000000 nan nan nan
nan 1781.413562 85.554579 nan nan nan 226.000000 1306.000000 0.000000 nan
369.868165 nan nan nan nan 550.000000 nan nan nan 124.000000
nan 1810.305822 nan nan nan nan nan 195.000000 nan 139.000000
nan nan nan nan 756.000000 nan nan 605.000000 0.000000 115.000000
nan nan nan nan 898.000000 504.000000 74.000000 574.000000 nan nan
nan 1817.047096 114.389027 513.857277 nan 593.000000 nan nan 837.000000 137.000000
nan nan 138.354011 514.659469 502.000000 nan nan nan 1158.000000 nan
nan 1827.487418 nan nan nan 554.000000 nan nan 482.000000 nan
nan nan nan 522.983772 463.000000 nan nan 441.000000 0.000000 nan
nan nan nan 519.122679 714.000000 nan 195.000000 nan nan nan
374.392165 nan nan nan 310.000000 nan nan 180.000000 nan 109.000000
nan 1814.169840 nan nan nan 548.000000 230.000000 nan nan nan
nan nan 117.870409 524.909461 nan 463.000000 nan 105.000000 0.000000 123.000000
nan nan nan 517.953077 nan nan nan nan nan 119.000000
nan nan nan 505.712466 862.000000 nan nan nan 0.000000 nan
nan 1841.785232 nan nan nan 536.000000 nan 235.000000 663.000000 nan
nan 1918.707915 nan nan 929.000000 nan nan 672.000000 nan nan
356.013873 nan nan nan nan nan nan nan nan nan
356.777818 1762.103500 nan nan 890.000000 nan nan 932.000000 58.000000 125.000000
357.166295 1759.403486 nan nan nan nan nan nan nan nan
358.105857 nan nan 541.138024 nan nan 160.000000 803.000000 0.000000 nan
nan nan nan 553.453775 943.000000 nan nan 1123.000000 nan nan
356.610907 nan nan 546.211836 nan nan nan 339.000000 nan 129.000000
353.749608 nan nan nan nan nan 249.000000 nan nan nan
nan nan nan nan nan nan nan nan nan nan
nan 1761.966174 94.308225 nan nan nan nan nan 0.000000 nan
353.933317 1774.314690 nan nan 564.000000 nan nan nan 0.000000 nan
nan nan nan nan 890.000000 nan nan nan 0.000000 118.000000
nan 1775.853575 122.614840 nan 553.000000 nan nan 172.000000 1188.000000 nan
356.734735 nan nan nan 1310.000000 nan 78.000000 2052.000000 nan nan
nan 1774.945050 115.039733 541.664382 nan 586.000000 nan nan nan 121.000000
359.049948 1787.557930 nan nan nan nan nan 212.000000 0.000000 nan
nan nan nan 556.740592 nan nan nan 961.000000 nan 116.000000
359.684523 nan nan nan 899.000000 651.000000 nan 1148.000000 0.000000 nan
nan 1754.505149 nan nan 742.000000 nan nan nan nan nan
nan nan 111.522556 nan 677.000000 nan nan nan nan nan
352.737847 nan nan 555.269850 817.000000 nan nan nan nan 129.000000
351.137826 nan 107.244186 nan 964.000000 580.000000 nan 776.000000 nan nan
nan nan 116.277958 nan nan 424.000000 nan nan 0.000000 nan
nan nan nan nan nan 564.000000 110.000000 479.000000 nan nan
nan nan 131.494092 nan nan 756.000000 nan nan 0.000000 nan
359.347531 nan 146.293759 548.679971 nan nan nan nan 523.000000 nan
nan nan 163.288214 543.281429 nan nan 110.000000 1487.000000 0.000000 109.000000
nan nan 163.638435 nan nan nan 126.000000 nan 0.000000 nan
nan 1786.106443 158.951536 nan nan nan nan nan nan nan
359.689904 1782.215564 nan nan nan nan 216.000000 2231.000000 0.000000 nan
nan nan nan nan 888.000000 549.000000 nan 1442.000000 0.000000 nan
nan nan 123.954375 nan nan nan nan 357.000000 nan nan
353.555377 nan 119.477750 nan nan nan nan 325.000000 nan nan
nan nan 105.158229 nan nan nan 238.000000 nan nan nan
355.011533 1796.469456 nan 522.633930 301.000000 nan nan nan 0.000000 nan
nan nan 123.854234 514.448308 1084.000000 nan nan 1370.000000 127.000000 nan
357.781084 nan nan nan nan nan nan 941.000000 nan nan
nan 1792.198302 nan nan 988.000000 nan nan nan nan 88.000000
359.678865 nan nan nan nan nan 100.000000 728.000000 nan 110.000000
nan 1804.856050 144.352811 nan nan nan nan 653.000000 11.000000 115.000000
nan 1802.587236 nan 543.017734 706.000000 623.000000 nan nan 0.000000 nan
360.281304 1790.242927 nan nan nan nan 208.000000 1249.000000 0.000000 121.000000
358.023633 1798.759826 123.350198 nan 868.000000 631.000000 nan nan nan nan
nan nan nan 532.760995 nan 511.000000 nan 5.000000 nan nan
354.403667 nan 99.724511 523.733549 477.000000 nan nan nan nan nan
nan nan 100.300093 nan 807.000000 nan nan nan nan nan
nan 1773.634824 nan nan 748.000000 513.000000 nan 578.000000 0.000000 nan
nan 1785.748416 nan 500.075232 648.000000 533.000000 nan nan nan 120.000000
358.555723 nan 161.937186 504.305139 891.000000 nan nan nan nan nan
nan nan nan 513.785394 nan nan 86.000000 nan 672.000000 nan
nan nan 129.242944 nan nan nan nan 722.000000 nan nan
nan nan nan 530.743080 785.000000 601.000000 125.000000 nan nan 136.000000
nan 1796.634436 nan nan nan nan nan nan nan 139.000000
nan nan nan nan nan nan nan 1117.000000 0.000000 89.000000
359.699952 1768.185383 nan nan 647.000000 nan 286.000000 nan nan 123.000000
nan 1771.367196 104.510091 nan nan nan nan nan 0.000000 nan
357.085551 1769.207595 145.103568 nan nan 514.000000 nan nan nan nan
nan nan 131.033165 nan 694.000000 489.000000 nan nan 0.000000 138.000000
nan nan 151.931953 nan nan nan 192.000000 1792.000000 nan 105.000000
nan nan nan 503.024831 nan 608.000000 nan nan nan 106.000000
nan 1819.529253 184.450063 nan nan nan nan 1449.000000 nan 93.000000
nan nan nan nan nan nan nan nan 512.000000 113.000000
362.382521 nan 158.183493 nan nan 582.000000 102.000000 nan 133.000000 124.000000
nan 1820.274699 nan 527.014497 nan nan 127.000000 nan 0.000000 nan
nan nan nan nan nan nan nan nan nan nan
nan 1804.100292 nan nan nan 649.000000 232.000000 nan 0.000000 nan
361.674008 nan 105.686760 539.244842 nan 546.000000 nan nan 0.000000 nan
nan 1780.715497 nan 542.814938 nan nan nan nan 0.000000 nan
nan nan 96.259769 nan nan nan 285.000000 1353.000000 nan 127.000000
nan 1784.167640 86.235035 nan 786.000000 nan nan nan nan 126.000000
nan 1797.283791 105.521222 509.623732 233.000000 399.000000 nan nan nan nan
362.637534 1832.917362 135.729534 498.420998 449.000000 nan 126.000000 nan 144.000000 nan
nan nan nan nan nan nan nan nan 150.000000 117.000000
364.045246 1823.933851 nan 531.828865 484.000000 nan nan 57.000000 nan nan
nan nan 170.034969 nan 284.000000 nan 100.000000 151.000000 nan nan
365.519895 nan 162.366663 532.857078 nan 549.000000 nan nan 185.000000 136.000000
nan nan nan nan nan nan 151.000000 518.000000 nan 163.000000
366.063264 nan 141.709101 nan nan 568.000000 251.000000 nan nan nan
nan nan nan 547.942808 nan 500.000000 nan 1084.000000 0.000000 nan
nan nan nan nan 438.000000 nan 277.000000 nan nan 129.000000
359.208415 nan nan nan nan nan nan nan nan 112.000000
nan nan nan nan 1030.000000 nan nan nan 0.000000 121.000000
nan nan 109.180612 nan nan nan 180.000000 nan nan nan
nan nan nan nan 885.000000 nan nan nan nan nan
363.084588 1815.896732 nan nan 597.000000 nan nan nan 340.000000 nan
364.606745 1819.796570 nan 521.907091 nan nan 87.000000 nan 816.000000 nan
366.655043 nan 152.679668 nan 1031.000000 nan nan nan 133.000000 nan
nan 1824.543449 nan 531.579357 nan 620.000000 nan 422.000000 0.000000 nan
368.031671 1823.310390 nan nan nan nan 141.000000 nan nan nan
366.557673 nan nan 535.362192 nan nan 208.000000 nan nan 98.000000
365.253656 1796.711780 131.855268 nan nan 550.000000 nan nan nan 97.000000
nan 1799.823390 nan nan nan nan 270.000000 146.000000 nan 132.000000
nan 1786.943302 nan 514.830896 nan nan nan nan 0.000000 nan
nan nan nan nan nan nan 246.000000 nan nan 147.000000
nan 1832.496430 141.016587 nan nan nan 182.000000 nan 0.000000 nan
364.162749 nan nan nan 789.000000 543.000000 121.000000 nan 146.000000 nan
366.209166 1832.740239 nan nan nan 613.000000 nan 1255.000000 1018.000000 125.000000
nan nan 185.747891 nan nan nan nan 215.000000 104.000000 nan
nan 1820.022852 153.233239 nan 881.000000 nan nan nan nan 82.000000
nan 1832.379491 nan 526.360899 nan 563.000000 nan 883.000000 nan 101.000000
nan nan nan 531.080991 nan nan nan 183.000000 nan 111.000000
nan nan nan nan nan nan 233.000000 191.000000 nan 150.000000
nan nan 150.182915 546.622935 407.000000 540.000000 nan nan nan nan
nan 1823.323628 nan 555.825929 nan nan nan nan nan 136.000000
363.030338 1812.045507 nan 545.783948 895.000000 nan nan nan 0.000000 127.000000
nan nan nan 534.533681 685.000000 nan 269.000000 nan nan 122.000000
365.947121 1849.699762 165.399789 nan 927.000000 523.000000 189.000000 2836.000000 nan nan
nan nan nan nan 922.000000 nan nan nan 0.000000 nan
nan nan nan 521.501517 nan nan nan nan nan nan
nan nan nan 531.062727 nan nan nan nan nan 168.000000
nan nan nan 533.994109 nan 524.000000 nan 64.000000 nan 179.000000
nan 1838.943447 nan nan nan 586.000000 nan nan nan nan
nan 1827.188718 nan nan nan nan nan nan 0.000000 nan
nan nan nan nan 840.000000 565.000000 nan 1760.000000 nan 121.000000
nan nan nan 539.496171 nan 575.000000 268.000000 nan nan nan
nan nan 82.739006 nan nan 492.000000 nan nan nan nan
365.001786 nan nan 536.281266 nan nan 294.000000 65.000000 nan 154.000000
nan 1807.298808 nan 510.082731 nan 532.000000 224.000000 nan nan 158.000000
nan nan nan nan nan 482.000000 nan 116.000000 nan nan
nan nan nan nan nan nan 133.000000 63.000000 nan 171.000000
nan nan 107.447789 nan nan 548.000000 nan 269.000000 nan 142.000000
nan nan nan nan nan nan 101.000000 nan nan nan
374.262089 1838.627907 142.407776 nan 591.000000 nan nan nan 0.000000 nan
nan nan nan nan 796.000000 nan nan nan 0.000000 nan
nan 1829.270880 nan 530.655963 nan nan nan nan 0.000000 137.000000
373.050572 1817.626451 nan nan nan nan nan nan nan nan
370.906670 nan nan nan 800.000000 nan 270.000000 nan 0.000000 nan
369.168870 nan 83.577946 535.710209 nan nan nan nan nan 151.000000
367.602121 nan nan nan nan nan 277.000000 430.000000 nan nan
367.007627 nan nan nan nan nan nan 269.000000 nan 169.000000
nan 1813.101552 94.982841 nan 900.000000 nan 195.000000 nan nan 85.000000
nan 1827.840119 nan 499.169175 nan 591.000000 120.000000 nan nan 114.000000
nan nan 122.653414 nan nan nan nan nan nan 93.000000
nan nan nan nan nan 680.000000 nan 668.000000 nan nan
374.181681 nan nan 516.792139 639.000000 nan nan 412.000000 nan nan
nan nan nan nan nan 625.000000 nan 880.000000 151.000000 nan
375.059670 nan 142.604972 nan 338.000000 nan nan nan nan 117.000000
374.287481 nan 115.323710 532.290672 1019.000000 560.000000 218.000000 nan nan nan
nan 1792.178866 nan nan nan 536.000000 255.000000 nan nan nan
373.367759 nan 84.405723 nan 541.000000 nan nan 85.000000 nan nan
nan 1780.143847 nan nan nan nan nan 2204.000000 nan nan
369.678772 1794.460338 92.023763 nan 1035.000000 nan 233.000000 nan nan 137.000000
nan nan nan nan nan 491.000000 nan nan nan 165.000000
372.459626 1837.342548 nan nan nan nan 138.000000 2748.000000 nan nan
374.332183 nan nan nan nan nan nan nan 305.000000 nan
nan nan 115.300033 518.627641 nan nan nan nan 398.000000 117.000000
nan nan nan nan nan nan nan nan 864.000000 nan
nan nan nan nan 1028.000000 nan nan nan nan 125.000000
nan nan nan nan nan nan nan 178.000000 0.000000 nan
nan nan nan 519.077479 804.000000 nan 219.000000 nan 0.000000 101.000000
374.368616 nan nan 523.716467 nan 506.000000 nan 1259.000000 0.000000 101.000000
nan 1814.147374 nan nan 808.000000 nan nan 1404.000000 0.000000 103.000000
nan 1833.057460 nan nan nan nan 277.000000 nan nan 123.000000
370.955058 nan nan 518.460273 857.000000 nan nan nan nan nan
373.147557 nan nan nan nan 511.000000 198.000000 nan 0.000000 nan
nan 1841.493398 nan 509.902995 nan 542.000000 115.000000 nan 219.000000 nan
377.165599 nan nan 499.861081 nan nan 98.000000 nan 353.000000 nan
nan nan nan nan 1312.000000 672.000000 nan nan nan nan
356.820112 nan nan nan nan nan 121.000000 1656.000000 nan 111.000000
