356.5857887 1766.396405 126.1871096 532.3827471 374 335 85 100 948 178
356.5492716 1757.773145 145.3755869 535.2857852 333 342 78 47 1071 177
357.2107831 1758.540476 140.1553201 540.373347 117 355 82 17 595 190
357.7460274 1754.087282 127.8392505 541.0063547 40 370 93 4 94 179
358.0156479 1762.010123 118.493647 548.7436977999999 100 331 97 169 158 180
356.4122234 1748.340444 104.6396357 546.5654315 0 312 122 0 0 194
352.742498 1740.414461 101.9334385 541.1125982999999 90 451 163 9 0 177
350.3941561 1739.274822 88.60718571 533.0377302000001 573 376 169 197 0 178
350.8163827 1760.665041 93.0393631 539.7753788 187 385 160 368 0 183
353.324401 1775.538264 164.3767795 529.8461002 222 254 125 389 1 208
354.0676806 1769.747514 102.9536443 534.5922108 135 307 106 36 335 182
355.966765 1775.834969 135.6918822 525.0605155 278 396 84 50 1155 177
356.9490701 1772.305984 137.6118141 541.8679823 592 419 88 230 684 154
357.8717455 1770.753738 130.3913141 541.2769075 348 374 101 308 259 180
358.9316689 1786.436767 167.292216 544.0781807 561 472 80 179 766 155
360.1150071 1776.103499 170.2195301 554.0941879 20 324 92 2 138 196
360.1271566 1786.946881 156.4743016 550.3979564 50 334 91 5 328 178
358.5777411 1770.225555 117.8171948 550.5422518 0 354 103 0 134 187
355.2811776 1752.613357 92.55484658 560.1476524 50 392 156 5 1 191
351.8119611 1729.664114 83.26996927 552.5123010999999 401 404 160 103 0 179
351.142069 1774.099239 102.9942702 531.0414614 215 414 155 278 22 175
353.7949594 1771.319756 117.314349 528.5940679 202 341 133 86 0 196
355.3299242 1798.073078 119.1855402 550.739012 144 343 104 39 221 178
357.8007095 1788.379276 137.1206349 530.2990006 559 575 95 589 410 147
359.4468329 1808.328267 139.3667606 545.3100983 411 439 85 100 627 154
359.364893 1797.122568 159.9844416 536.8278842 664 491 94 347 78 147
360.1275117 1797.172217 162.0179941 540.8513225 896 456 92 368 322 154
360.0147123 1788.702392 157.7584331 541.9476891 120 329 102 12 0 182
360.5881561 1790.024062 168.3201163 541.0690659000001 100 423 108 72 0 167
357.4268361 1772.404944 115.9141083 528.3040228999999 0 338 125 0 0 184
356.474236 1766.629675 107.3778295 546.9949157 60 371 160 6 0 175
352.9379247 1749.747769 89.2690972 546.6553094 510 441 183 51 0 171
351.839338 1768.784314 94.12929379000001 544.3558288 116 328 161 45 0 187
354.6201183 1780.562044 110.4220124 523.9322096 139 344 128 59 0 191
355.7397294 1790.282858 122.1355635 512.3503952999999 112 303 103 33 423 178
357.8845615 1792.28688 140.7965194 516.3978026 666 533 92 473 794 146
358.0538917 1788.265645 128.5669422 525.9803799 757 612 96 531 301 134
359.6930018 1797.131812 146.3594008 531.014498 650 506 95 409 391 145
360.2568731 1801.151195 141.147928 542.7211126 388 400 93 56 227 175
361.9938257 1800.477549 149.0526897 541.2408928 0 307 92 0 187 202
361.1420215 1788.325078 133.7337632 541.1180245 100 381 103 12 0 179
357.5810311 1782.22852 101.1759252 528.0610047 0 284 120 0 0 185
355.5891821 1765.812449 87.21603582 530.2090659 50 411 153 5 1 188
353.3279297 1769.907877 100.4636367 521.0461031999999 291 421 161 40 0 173
353.7082652 1764.05421 98.74919898 514.7335552 136 340 157 55 19 194
356.0141805 1776.479058 90.29988324 487.5554446 132 431 136 32 0 189
357.0488892 1796.431917 109.1324724 497.4149169 389 425 102 286 476 181
359.1162744 1813.557609 135.0176667 503.2907166 205 396 93 64 524 190
360.4387509 1807.70375 145.3656488 513.2347569 186 321 97 72 419 193
360.435554 1779.188766 125.8799221 520.4224385 444 443 86 215 732 171
362.4998332 1802.170173 154.4413445 526.5477976 321 445 95 63 118 179
361.9642351 1789.005998 137.1168394 521.3681753 30 383 92 3 59 185
361.7610865 1794.942981 136.1528671 530.8485602 100 418 102 32 63 175
359.8392102 1768.076319 103.4147017 519.160524 0 422 129 0 0 186
358.2978916 1782.178991 98.70205251 522.5126053 60 415 163 6 0 188
356.9775894 1754.512137 141.9417038 540.9018450999999 311 410 186 47 0 161
355.9202168 1767.575094 116.2010778 512.9117044 344 377 169 442 0 177
358.1247668 1813.190388 133.8469243 499.9786929 130 360 124 30 110 194
359.6281124 1794.02333 128.9258903 502.2727666 244 446 91 38 791 171
362.3571619 1811.70203 145.5753342 506.8041185 653 489 92 298 510 161
363.6363556 1812.791099 132.1631562 500.6240006 606 544 91 382 288 141
362.244554 1801.048161 136.2434045 520.0758102999999 368 421 105 104 0 166
363.1452004 1815.73242 162.4990009 522.9500365 276 425 96 36 0 163
363.8432737 1804.977282 146.6224253 522.5186626 220 359 92 22 268 174
363.9606508 1806.880139 132.5370453 533.1135657999999 30 395 93 3 215 158
361.8796403 1772.044887 93.09732692999999 536.2000645000001 0 343 119 0 59 194
359.9149515 1780.842836 99.48805871 533.5129367 90 398 154 9 0 191
356.7665117 1789.013747 87.57309591000001 527.3366162999999 190 387 182 19 0 184
356.3409223 1781.71047 80.95504828999999 523.2969276 128 489 190 45 0 178
359.1182628 1798.63543 96.87581213999999 506.448924 130 314 127 21 18 206
362.1252291 1801.543016 116.2056479 498.6747911 112 384 112 32 16 186
361.6187829 1803.708532 106.0164137 506.8231585 106 383 101 87 469 179
364.1084055 1813.130829 136.7947585 519.6256605999999 110 413 88 11 346 178
366.8792629 1811.318556 150.0721097 523.0639723 132 338 95 38 64 152
365.1636839 1813.794682 148.1919679 527.3476566000001 160 413 93 16 320 170
363.6837895 1774.264694 103.6174152 529.417023 20 350 105 2 0 182
366.2324095 1792.754421 127.0775966 539.820231 50 350 109 5 0 186
363.2720049 1774.029144 112.929404 551.3106721 0 338 122 0 1 198
361.9790464 1774.326411 94.62761171 544.5052965 700 425 167 70 0 162
359.1503432 1774.729172 100.4740377 538.9656084 210 412 171 21 0 159
357.9327663 1805.975245 112.1450499 514.3986164 191 358 162 46 5 164
359.9502245 1816.413925 111.2126301 497.3084797 130 317 124 39 49 187
363.1029522 1804.433067 106.9466415 495.684004 144 322 107 41 100 171
363.7799539 1816.188634 123.0618966 504.2736026 212 400 99 107 80 163
364.888092 1816.050437 130.5012005 519.5648579 425 413 101 125 92 131
366.394219 1807.767776 134.3727076 518.8825579000001 105 314 86 46 683 166
366.7230901 1820.014832 149.3322617 528.6052959 120 365 86 12 301 198
368.6289548 1808.131238 134.766369 535.3815252000001 90 360 92 9 148 171
366.7420492 1804.629843 130.9942209 533.5095137 30 350 132 3 0 179
365.6591076 1797.685476 110.7356548 532.6437074 0 338 124 0 0 178
361.5959804 1785.218376 78.89851249 524.1838126 110 425 155 11 0 194
358.9182235 1772.183562 80.00341722 513.6499775 130 415 181 13 0 173
359.2444705 1794.980358 98.09108904999999 501.9536664 258 360 189 31 0 159
362.1621373 1797.118285 108.3871872 507.1413905 130 323 128 30 23 187
363.7658499 1809.538773 123.9923472 491.401216 158 350 112 17 0 187
366.1487517 1822.473988 141.872947 496.5786654 654 400 89 486 736 160
366.7756372 1810.62264 167.0001288 514.6597259 383 413 95 65 379 155
367.6810653 1816.594485 151.3323911 516.6091481 685 304 88 528 520 144
369.0169765 1819.458028 160.8485513 525.2680875 519 413 89 186 307 164
369.4581124 1830.483848 171.3683352 526.735991 50 363 88 5 565 177
369.7229736 1818.264596 150.4660779 546.9306223 90 316 101 9 28 156
365.3900157 1816.742359 128.4250374 541.3237688 0 338 123 0 0 173
366.0654683 1799.154258 110.0587937 549.5988636 160 425 175 16 0 178
362.6699801 1800.858318 114.6689236 544.8640209 450 400 193 58 0 172
363.530553 1795.907061 94.16531694 534.535443 229 356 164 71 0 177
365.575272 1837.08706 157.2894246 525.1196884 130 321 122 16 183 206
367.7377552 1833.354023 145.5064116 528.1143138 194 350 102 27 307 184
368.9922742 1836.24781 150.2581939 520.3987568 256 340 89 99 887 184
370.4211702 1829.211372 143.4355911 528.7690692 233 413 92 25 562 176
371.2442401 1832.35671 154.3421918 532.8994543 198 400 84 31 772 185
372.8389311 1837.037144 172.528761 538.5504187 110 366 83 17 727 188
372.5015014 1829.667286 153.4503885 542.3760305 30 350 81 3 614 182
372.3492393 1835.149231 149.9991718 535.9466457 30 312 92 3 355 185
372.5318646 1802.908149 102.7678698 539.9386759 0 338 119 0 31 187
366.831733 1780.81308 86.27528362 534.7987544 320 425 159 32 0 181
365.1257034 1783.358971 81.58026549 536.0397405 150 400 163 15 0 200
363.2302846 1815.894153 109.1841625 506.6462765 263 357 154 154 31 191
366.052414 1808.46916 102.1424069 507.6901101 130 329 120 30 54 212
370.2843841 1832.498463 103.8721571 506.3941395 112 327 110 23 119 196
370.7900943 1829.918142 121.9259538 509.8579959 125 400 86 45 948 184
373.2036395 1820.625695 105.0910452 524.718263 109 413 90 38 553 160
373.764663 1833.035778 135.0185139 527.4257737 168 400 91 47 408 160
372.5266444 1828.717217 133.572276 524.0741856 264 368 88 40 462 178
372.9333167 1824.139083 137.0570102 531.2034282 0 350 95 0 96 200
373.2457474 1823.26282 126.720634 534.5786403 30 350 107 3 0 187
371.0736515 1797.268199 92.29489663 531.1348546 30 338 126 3 0 176
368.6753893 1793.168065 83.41760084000001 536.694649 90 425 159 9 0 190
367.6255232 1794.804099 80.99078093999999 524.7941929 140 402 175 14 0 182
368.9614828 1799.700609 89.44638768 511.3078838 116 367 161 45 0 191
369.8864344 1813.314775 93.62849217 500.4764555 210 325 127 21 12 172
370.0841991 1824.200797 104.5940323 496.7881006 237 350 92 33 749 180
373.7512569 1834.034535 118.5079739 499.2449666 106 347 91 45 546 184
375.8249164 1833.522268 123.8344886 510.2574316 526 413 94 186 358 155
374.2271421 1821.745041 126.0271308 515.2444703 400 330 81 196 1112 177
375.2282672 1829.520033 136.1703904 525.7675933 290 413 89 58 431 168
374.9287861 1830.460554 140.4008284 519.5440984000001 100 350 83 10 552 184
374.2764836 1808.057698 110.276103 531.62239 60 350 102 6 0 177
372.017496 1792.2948 104.0742125 531.1158781 0 338 120 0 0 188
371.0200709 1786.286187 84.06293762 530.4958783 130 425 164 13 0 167
372.9573953 1790.753341 85.89511386 525.8667729 1119 381 166 297 0 167
371.9254616 1801.133642 90.36660487 516.2993682 166 358 159 50 22 190
369.766111 1816.582818 99.62443826000001 507.2187082 130 325 128 35 31 190
372.3400578 1828.880139 119.4074027 500.5460078 200 350 113 70 0 148
374.6929287 1835.160562 123.3511254 459.7338864 254 333 86 105 996 181
376.4549844 1820.893982 116.9899034 468.3547768 204 413 95 46 426 139
375.1206504 1828.201461 135.773742 514.9249959 207 328 90 55 626 169
376.3069769 1831.790106 138.1677066 519.2832395 179 376 90 37 395 165
376.5706819 1834.700282 141.7651193 520.8623256 70 386 96 7 0 156
375.298854 1820.800167 127.2991173 519.3938504 30 350 102 3 0 163
374.5334531 1832.08173 114.3956567 523.265904 0 338 119 0 38 185
372.966185 1805.86598 105.7591467 541.9129253 110 425 157 11 0 166
369.6050767 1801.075151 106.5355951 522.6647305 235 400 167 30 0 147
371.4419101 1823.874709 113.992827 515.0729593999999 198 363 167 87 0 164
373.5490131 1837.509781 134.4088385 504.7854445 130 317 134 35 0 163
374.5061563 1839.686238 134.8267312 509.5515271 171 323 111 40 0 169
376.9127835 1861.303863 141.5015393 498.5614409 381 343 99 230 449 133
356.5000221 1766.376414 126.1977637 532.5919414 267 361 76 159 904 178
356.5724973 1758.014711 145.4767687 535.3932677 313 394 68 183 1061 182
357.1427488 1757.668099 140.2486967 540.3613908999999 133 393 74 31 261 192
357.7700998 1754.78171 127.1124938 541.0251635 148 369 76 21 50 200
358.0413741 1761.90654 118.9339074 549.5277703 60 324 86 6 41 207
356.4434809 1747.735505 104.5784562 546.5411726999999 180 266 120 18 0 210
352.8936191 1740.482802 102.8966441 541.7650026 628 513 178 768 0 152
350.4251454 1739.519133 89.08561422 532.988612 707 415 181 840 0 146
350.8208542 1760.846032 93.10310559 539.9912961 241 371 169 512 0 160
353.4014443 1775.246236 163.6313863 531.4041518 273 230 119 122 0 196
354.1568012 1770.359317 102.5234682 535.5703112 210 331 93 84 81 183
355.8581097 1775.652055 133.7557301 524.9991062 340 478 72 183 855 174
356.9216376 1772.268429 138.2794601 542.5265603 427 472 80 183 604 160
357.8752955 1770.846717 127.9314499 541.3322659 283 419 85 77 64 183
358.9457191 1786.57041 167.7711767 544.1719134 457 485 69 204 649 168
360.1039346 1774.975316 170.3401694 554.495343 40 326 74 4 237 220
360.0178445 1783.682969 155.9644325 552.1222275 40 299 80 4 90 209
358.4380086 1767.699972 119.4406442 550.6086017 390 277 102 60 54 208
355.2421613 1751.721915 95.76964546000001 560.6411477 291 417 174 155 0 166
351.9841009 1728.967087 83.79733787000001 552.815785 464 405 182 240 0 153
351.1678994 1773.708927 103.5925895 531.328895 304 406 169 300 0 158
353.7874791 1769.996306 117.1541543 528.516377 160 302 123 119 0 189
355.3213081 1796.775685 120.764847 550.3969334 143 333 89 56 252 184
357.8454588 1788.73666 136.2723065 530.2732063 528 584 82 426 345 154
359.4278132 1807.219927 139.8427917 546.1412844 451 518 81 243 638 156
359.3562404 1797.273561 160.1849195 538.0808721 540 525 82 245 23 152
360.0658758 1796.856827 161.8460864 540.9373573 593 483 76 186 269 162
359.9854267 1787.929271 157.6551643 542.0714489 191 320 83 39 0 211
360.3919251 1788.397756 166.0520791 540.9804588 100 422 94 82 0 191
357.3901446 1770.560576 115.3712358 529.1810899 180 228 120 18 0 194
356.5801915 1766.14438 109.2792885 546.1835364999999 406 345 169 225 0 163
353.0753365 1749.791993 93.33503587 546.4772604 716 432 194 646 0 151
351.8200177 1769.271776 95.31258686 543.9996972 103 290 163 116 0 182
354.6720757 1781.522414 111.5989964 523.943708 127 251 120 50 0 192
355.7485009 1790.335978 122.5889158 512.6342204 103 289 84 34 581 182
357.8694711 1790.785915 139.9065086 516.7241254 569 531 82 552 492 153
357.9642257 1788.706695 128.6737815 526.2907559 655 638 84 650 241 137
359.6924734 1797.85289 146.9008666 531.1605553000001 597 505 78 190 596 163
360.3183961 1801.056656 141.6166271 542.3143176999999 398 396 79 205 76 184
362.0689801 1800.802648 149.3477693 541.4961072 20 284 77 2 54 220
361.0065338 1788.597591 133.9405089 541.2090346 100 335 89 30 0 210
357.7103012 1782.154789 102.7482025 529.4541146 214 193 119 27 0 209
355.5747081 1767.200439 87.66455003 530.5904777 382 439 173 127 0 171
353.5065031 1769.120345 99.6068183 521.4341184 516 433 185 370 0 143
353.7049837 1763.606644 98.97075984999999 515.7135965 249 311 160 146 0 176
356.0636933 1774.751583 88.97074205 494.784353 106 409 120 42 0 179
356.8167723 1794.216529 107.0489826 497.7059277 332 449 90 269 312 179
359.0944889 1814.817192 136.9677456 503.4024951 174 419 82 69 305 189
360.2444368 1806.063945 143.2107361 513.3134016 141 350 90 45 321 192
360.2776123 1778.395827 125.5370959 520.7677943 353 447 73 220 703 178
362.4931216 1801.983639 153.7998894 527.0332924000001 286 466 80 96 54 181
361.9653895 1789.608521 138.217518 521.5670852 121 375 80 13 0 201
361.7421119 1794.521958 136.9001018 531.0064463 100 367 90 16 0 197
359.8199013 1767.995459 102.942385 520.9978933 334 355 136 94 0 198
358.3286096 1780.25293 100.0466492 525.4960791 456 408 170 135 0 163
357.0688926 1755.243265 141.93845 540.789353 545 387 194 335 0 149
355.4162191 1767.710676 116.8219957 513.8075581000001 690 342 168 1709 0 172
357.9067772 1814.145925 135.0316933 499.7389645 106 363 117 48 0 186
359.6484132 1794.122528 129.412843 502.2750916 229 432 80 94 647 175
362.0876022 1811.054116 148.4436516 506.925484 725 551 76 833 374 159
363.6799548 1813.792787 132.8178765 501.9640796 420 541 83 395 277 153
362.2603669 1801.809356 136.9858187 520.1470176 305 438 89 49 0 170
363.1553658 1815.624046 163.0518101 523.3061351 210 436 80 21 51 173
363.8321251 1805.317682 146.7624621 522.9653164 130 369 76 13 168 196
363.926966 1806.136188 132.6962151 533.2937839 30 345 82 3 77 192
361.8533749 1771.374925 94.38136154999999 536.5675408 180 249 117 18 1 209
359.9900315 1780.898745 100.7007003 534.4344452 432 426 172 151 0 168
356.7817471 1787.338899 88.24896317 527.6628011 882 392 194 354 0 153
356.3419156 1781.701631 81.56016320000001 523.4960159 185 419 184 137 0 162
359.1830165 1797.895341 97.83553569 506.8814091 106 224 123 40 0 205
362.2010594 1805.271629 118.4176633 498.4783611 103 368 107 23 0 189
361.5117628 1804.262495 105.7912315 506.8213676 124 392 86 71 147 182
364.1073826 1813.579872 137.8894768 521.3749649 20 438 89 2 124 190
366.5285347 1811.734656 151.6116779 523.1658568 109 372 81 24 14 167
365.220137 1814.150957 149.9744294 528.0953843999999 20 399 83 2 69 182
363.7630564 1777.658811 107.0646051 529.5978181 40 338 90 4 0 199
366.2065233 1792.589606 128.3408055 539.8763749 40 285 95 4 0 217
363.2243504 1774.258374 112.332653 551.2848257000001 80 268 122 8 0 210
361.9752476 1775.531442 96.23539486 543.7894228 1487 463 177 998 0 157
359.159128 1774.531708 102.6687635 540.0636847 864 415 190 649 0 147
357.9439862 1805.888208 113.0292715 514.8016031 383 329 167 279 0 159
360.0732844 1815.310263 110.341942 497.7606077 106 305 119 70 0 182
363.0335498 1805.135235 106.4705162 496.0208337 164 324 96 42 0 184
363.6688302 1814.481211 121.7247442 504.6290842 181 374 79 79 353 177
364.8706966 1816.2938 130.7510874 519.7294251 301 438 91 107 168 151
366.4515751 1808.628579 135.9149661 519.2152957 158 318 72 57 705 181
366.7164567 1819.08958 149.3337137 528.9040436 115 375 78 13 118 202
368.5338378 1811.188029 136.830284 534.754714 172 358 74 27 159 194
366.6826229 1804.260777 130.7223237 533.6537202 100 289 103 11 0 207
365.5360929 1796.677643 113.3811671 532.880438 180 275 119 18 0 193
361.6169594 1786.07731 80.18795942 524.3641747 503 463 168 249 0 170
359.187301 1772.025348 80.47314891000001 513.75003 570 409 201 123 0 145
359.2199898 1793.599292 97.85828875 502.2503609 336 334 192 361 0 157
362.2173148 1799.945277 111.408548 507.7749722 106 319 116 83 0 187
363.8117261 1810.195192 124.3794637 491.5143679 117 324 94 19 87 190
366.1730982 1823.647016 142.9643664 496.784978 522 425 76 313 678 159
366.7983835 1811.067965 168.9246451 514.7930183 238 438 85 89 461 178
367.6917342 1816.97894 151.5997315 516.8385893 521 280 67 309 800 160
369.0378607 1820.693621 160.7447457 525.4153474 428 450 74 232 298 181
369.4945043 1829.222498 170.2104928 527.1818129 121 411 74 16 466 207
369.6379787 1818.003173 151.2153547 549.0704337 100 294 84 14 29 203
365.5983047 1816.820088 129.9582848 541.9699289 214 275 115 28 23 202
366.058148 1800.8346 114.5061683 550.7111311 858 463 192 601 0 154
362.7169288 1801.792673 114.0754756 544.5738731 685 413 211 674 0 150
363.5284164 1797.308666 95.61770418 534.6416661 381 319 174 471 0 158
365.6313461 1838.041032 158.1662355 524.7976640000001 106 307 115 28 0 192
367.737563 1833.482951 145.4976893 528.1248588 158 333 88 34 273 191
368.7659515 1835.578763 147.96715 520.5127365 284 344 74 110 895 183
370.4042186 1830.402302 144.4381676 528.9937114000001 103 438 80 49 602 191
371.2616217 1833.133491 154.9409639 533.0352566 109 338 71 32 708 209
372.6520097 1836.11999 170.3394922 538.6017393 107 375 71 24 485 204
372.4370347 1828.252808 151.6635885 542.173434 207 410 71 76 446 201
372.2944502 1835.017611 150.0451245 536.1033854999999 20 283 82 2 9 216
372.3556843 1803.860166 103.9785133 539.8746414 240 275 116 37 9 199
366.8220273 1781.081605 86.06516382 534.6707091 856 486 179 826 0 147
365.1135122 1784.479225 81.05488192999999 536.2325961 800 413 188 573 0 155
363.2245349 1814.490074 105.1080337 507.0093004 321 323 163 243 0 177
366.0556702 1808.149013 101.2402233 507.5986676 106 334 111 40 0 200
370.0303051 1831.124604 102.8185643 506.4629494 103 328 93 22 47 201
370.8035121 1829.853302 118.7347542 509.8918228 104 364 72 35 1085 197
372.6842204 1820.11701 103.2550793 524.582911 129 438 81 61 532 183
373.8099716 1833.288825 134.8581354 527.2084433 109 333 76 27 404 187
372.5244926 1828.749972 133.6981431 524.1571526 353 376 72 149 564 196
372.9485135 1824.626428 137.2381472 531.1252055 0 372 84 0 0 218
373.2162285 1821.822528 126.2292836 534.5812248 30 289 91 3 0 223
371.0383346 1796.388593 91.89152405 531.1896948 471 279 132 259 0 192
368.77504 1791.801975 83.21320362 536.5787259 264 463 172 105 0 165
367.6227863 1793.044002 81.45175226000001 524.8388159 573 376 194 327 0 138
368.5393676 1796.900256 88.29469333999999 511.8132275 119 348 161 116 0 175
369.5190655 1813.140563 93.89272895000001 500.9704772 288 348 122 402 0 163
370.1041815 1824.710027 104.123938 497.0300304 249 350 79 137 666 178
373.4836473 1833.407008 118.1914655 499.4249296 104 361 75 46 660 201
375.6045191 1834.361494 124.3801395 510.4582921 432 402 78 231 612 156
374.2245385 1821.734929 124.9057048 515.3944124 267 348 69 144 1039 187
375.0695864 1829.651729 135.6057988 526.0454399 260 425 74 108 360 179
374.9421351 1830.561006 140.140964 519.9449701 208 388 74 43 277 200
374.2647696 1808.303268 110.3820416 531.7003407 100 313 91 10 0 209
371.9984135 1792.219648 103.7512156 532.2374558 220 275 118 22 0 200
371.385921 1785.165615 84.61857514 533.2975431 601 483 181 403 0 142
372.4059171 1789.125923 86.09750072 526.1675044999999 1332 338 181 470 0 154
371.4019021 1799.766657 90.60334385 516.8109045 239 329 159 154 0 183
369.7272333 1815.373872 99.72783707000001 507.7264274 129 319 119 84 0 190
372.3571385 1828.90427 118.6611036 500.5832296 123 350 97 49 0 161
374.6635141 1835.400398 122.7123679 466.664828 259 327 69 125 1090 189
376.0339055 1819.842439 115.7399384 476.3076645 233 438 86 76 307 124
375.1222021 1828.704547 136.0987347 514.8807363 169 365 79 48 240 161
376.1655304 1831.006759 138.1130595 519.3007785999999 165 401 80 39 77 155
376.6828176 1836.436736 142.3580001 521.0955342 121 412 89 13 0 151
375.3017335 1821.186282 128.5243078 519.3486584 30 313 99 3 0 159
374.5099058 1834.660636 114.8132061 523.3300134 200 275 118 20 0 189
372.9505476 1806.991599 107.8058183 541.7813476 783 463 179 418 0 141
369.6093386 1806.322222 109.089358 523.1612188 475 389 211 232 0 105
371.409286 1824.950043 114.4877173 515.5275635 330 350 182 392 0 127
373.5400262 1838.225135 133.305972 504.8140449 106 302 132 80 0 134
374.4927833 1840.316249 133.5137706 509.5626816 161 314 100 48 0 146
376.9940939 1870.797998 143.1055553 498.6369058 283 356 87 149 318 118
356.409179 1766.357335 126.2084184 532.8004627 321 377 49 108 1550 181
356.5993089 1758.384042 145.5779513 535.5011719 313 450 47 211 1176 168
357.093033 1757.07208 140.3420749 540.3494348 191 472 48 109 550 183
357.8038463 1755.644062 126.4087569 541.0439726 253 459 45 125 71 191
358.0695877 1761.872317 119.3976314 550.2745387 230 417 55 56 0 191
356.474323 1747.185002 104.5159381 546.5069333 256 357 98 254 0 192
353.0435174 1740.53158 103.8088745 542.392841 1490 605 155 1790 19 143
350.4564891 1739.774373 89.56398256999999 532.9382177 1344 548 150 762 29 139
350.8228369 1761.028895 93.21579619000001 540.2045147 588 463 142 594 14 156
353.4824088 1774.964411 162.681322 532.9199254 329 270 88 175 306 197
354.253755 1771.148266 102.1820437 536.5281718 415 414 64 326 375 168
355.7629587 1775.529768 131.8158051 524.9376968 457 499 49 440 1141 163
356.8905154 1772.334811 138.895732 543.1668148 622 537 54 384 1114 154
357.8817763 1771.123566 125.556022 541.3876228 546 516 56 703 413 159
358.9608063 1786.709919 168.2237878 544.2668886 400 536 44 314 866 174
360.0891419 1773.954158 170.4060107 554.8922165 0 409 43 0 503 209
359.9204273 1780.535618 155.3632287 553.830556 116 366 48 52 221 190
358.3014356 1765.198411 121.0316784 550.6644753 405 254 73 496 171 199
355.2154426 1750.730381 98.92448168999999 561.0630046 782 533 153 551 25 157
352.1492873 1728.366484 84.33744805000001 553.1565633 1125 488 160 1326 13 148
351.1855132 1773.44049 104.181142 531.5975323 576 457 134 425 56 155
353.780131 1768.794209 116.9923912 528.4344192 255 261 85 66 66 188
355.3307232 1795.575609 122.4025163 549.8643291 167 338 59 95 949 182
357.8915894 1789.242201 135.4032044 530.2474111 718 573 55 833 913 152
359.408671 1806.180422 140.4955203 546.882366 615 581 54 775 1209 136
359.3505377 1797.482988 160.4667731 539.2665046 437 557 54 376 398 140
360.0077852 1796.523855 161.8008555 541.0703043 629 554 48 677 559 164
359.9601218 1787.28062 157.6376497 542.2144752 238 409 49 145 0 206
360.2073249 1786.818352 163.6708985 540.9719168 376 503 59 209 0 167
357.3590296 1768.701833 114.7352569 530.219427 200 242 90 115 80 197
356.6826551 1766.040813 111.3928212 545.3239953999999 1312 396 141 1249 58 163
353.2024624 1750.357085 97.65666978 546.2204057 1220 456 161 1649 17 159
351.7986461 1769.7966 96.65686466 543.5386669 196 319 131 90 0 185
354.7256623 1782.938099 112.9076799 523.8821777000001 273 245 86 124 253 203
355.7574806 1790.41109 122.9919182 512.9236075 107 310 52 32 1265 195
357.8543227 1789.774403 139.1026734 517.0584098 617 532 57 630 897 151
357.8889661 1789.187796 128.7848516 526.6041805999999 872 659 60 1140 665 129
359.6912871 1798.592322 147.5540279 531.3059621 444 543 49 294 905 149
360.3999653 1801.120305 142.0818739 541.8938361 390 443 50 206 493 194
362.1454553 1801.120603 149.6402561 541.7521242 50 341 43 5 338 207
360.8719953 1788.871834 134.1465326 541.3002766 257 377 56 53 34 196
357.8321039 1782.771654 104.9003997 530.8834607 238 256 86 102 6 209
355.5635419 1768.762163 88.10817718 530.97001 1100 515 146 609 42 170
353.6766605 1768.384389 98.85693671 521.8225508 1099 528 161 775 0 135
353.6980472 1763.570832 99.19231945999999 516.7184956999999 402 402 132 303 47 171
356.088209 1773.447942 88.09940032999999 502.6119847 226 394 88 94 152 173
356.5910753 1792.047325 105.0691278 498.0334799 321 473 62 255 640 173
359.0376824 1816.408889 139.6522227 503.5264502 241 442 54 95 877 176
360.0610409 1804.603003 141.9323975 513.3920526000001 217 379 59 78 972 187
360.1295391 1777.684501 125.4190793 521.1307571 428 488 49 204 812 163
362.4852549 1801.817417 153.3096911 527.5675883 397 544 52 248 305 174
361.9668016 1790.387903 139.6905956 521.8741295999999 110 456 49 11 92 191
361.7234503 1794.152288 138.0023307 531.1881006 227 429 60 80 0 188
359.8003951 1767.941135 102.7083521 523.0792168 565 409 103 699 0 174
358.3530496 1778.336831 101.2025127 528.5610735 1077 436 154 743 25 167
357.1377334 1756.324793 141.6751317 540.6256204 1081 424 170 888 0 156
354.9280151 1768.328253 117.8965559 514.7571245 682 393 137 858 0 176
357.6725308 1815.528455 136.5902415 499.5717216 185 355 85 100 311 178
359.6687141 1794.581351 129.8838524 502.3149886 406 457 60 333 892 167
361.7772053 1810.736329 152.0364913 507.0785934 823 565 54 1114 903 149
363.7261564 1815.013474 134.0915871 503.5157526 506 550 54 407 1017 149
362.2776121 1802.660511 138.559796 520.2320437 443 525 59 350 56 152
363.1700418 1815.677112 163.7462536 523.7512746 309 513 52 152 357 170
363.824347 1805.748073 146.9685373 523.5027212 144 457 44 55 469 188
363.8949011 1805.498805 132.8474194 533.5003923 114 417 51 35 172 183
361.8261886 1770.841695 95.87176669999999 536.9626072 206 304 88 36 7 196
360.0632967 1780.92503 101.8893437 535.5364881 616 486 147 469 8 167
356.7968049 1785.810033 89.05137015 527.9858124 1449 472 165 1802 0 155
356.3447941 1781.853742 82.13666243999999 523.5055043 642 453 141 593 0 167
359.2663506 1797.279127 98.9184094 507.3248405 175 263 94 102 24 205
362.2720823 1809.311431 120.7232033 498.3391094 140 394 69 114 98 186
361.3860316 1805.147761 106.3304655 506.8412168 216 427 54 121 1083 184
364.0947973 1814.297814 139.4049583 523.267742 30 430 50 3 970 192
366.1312148 1812.283824 153.5869237 523.2712721 181 410 58 167 236 162
365.2752173 1814.740123 151.8861089 528.8998158000001 100 437 51 43 210 187
363.8799104 1781.460172 110.8528405 529.8258488 70 407 49 7 0 191
366.1811535 1792.783859 129.8993638 539.9443115 70 366 64 7 0 203
363.2171272 1774.819842 111.8963559 551.0561265 105 342 96 13 0 184
361.972249 1777.335549 97.7983959 543.0158183 1442 583 147 1276 23 162
359.1680779 1775.281604 105.2164513 541.0286876 1538 492 162 1630 0 150
357.9553806 1806.259383 113.9627618 515.2275364 807 416 136 964 45 167
360.2097415 1814.433067 109.5208225 498.2831789 285 377 87 277 67 179
362.958367 1805.933679 106.3368767 496.3877277 269 371 65 199 231 175
363.5554146 1813.216468 120.7211166 504.9922886 204 406 51 91 1097 193
364.8335569 1816.52176 130.9961958 519.963344 415 475 59 324 907 151
366.5018813 1809.542719 137.8478757 519.5755614 276 351 49 320 1089 174
366.72346 1818.590724 149.635073 529.2548342 183 419 50 27 419 197
368.4348036 1813.630988 138.987476 534.2651245 247 439 43 73 468 185
366.6337901 1804.244978 130.5285694 533.8363941 309 374 64 153 0 188
365.4342539 1795.931881 116.1530602 533.1177191 228 350 86 92 5 186
361.6452664 1787.393745 81.79492586000001 524.5464061 891 538 153 494 0 164
359.4181371 1772.490945 81.24266435 513.8703844 1236 482 167 919 0 136
359.1914575 1792.637425 97.64537525 502.5562755 596 416 148 465 0 159
362.2591227 1803.449023 114.9245475 508.1959883 248 392 86 96 303 183
363.8594519 1810.941917 124.7800027 491.6758372 229 364 62 110 507 183
366.1917809 1824.950561 144.6106336 497.0309908 564 450 49 636 1247 147
366.820976 1811.542708 171.0915343 514.9355803 263 430 54 112 950 182
367.7024482 1817.401916 151.8700055 517.0968807 588 301 49 760 1113 155
369.0590347 1822.145715 161.0478593 525.5655162 550 520 47 396 747 175
369.5320721 1827.964976 169.1202524 527.7013756 249 504 40 65 750 195
369.5853679 1818.113245 152.3850053 551.1789513 20 376 52 2 113 199
365.8207607 1817.290916 131.9410475 542.6614365 162 317 84 89 39 195
366.0474771 1803.068046 119.1800458 551.7510982 1591 637 164 2008 0 145
362.7677242 1802.869957 113.8419943 544.3956101 1159 459 173 899 0 148
363.5220832 1799.02917 97.4736556 534.7073821 626 404 144 351 0 159
365.6840558 1839.232627 159.1289273 524.4964201 351 378 92 68 34 178
367.7372679 1833.658493 145.5210536 528.1559462 220 377 62 147 593 186
368.5281898 1835.111024 145.9691451 520.6425579 342 364 51 152 1261 176
370.3855865 1831.709309 145.6355632 529.2510004 80 426 56 8 1020 191
371.2755676 1833.9531 155.5799335 533.1793081 102 377 48 25 772 204
372.4654195 1835.48508 168.4423291 538.6708805 126 409 48 36 586 205
372.3716156 1827.089046 150.3261034 541.994827 371 497 43 194 625 205
372.237395 1834.846763 150.0985162 536.2972516 0 368 53 0 37 200
372.1692317 1805.263614 105.3678795 539.8066314 370 349 86 210 54 181
366.8126185 1780.982382 85.68593946 534.5653695 1636 617 155 2007 26 134
365.0992423 1786.132593 80.58494075999999 536.3377824 1386 462 161 1530 0 138
363.2210044 1813.04079 101.2214499 507.4190115 508 408 133 372 0 167
366.057528 1807.901766 100.3016948 507.5137746 151 408 82 61 227 191
369.7699627 1829.745081 102.0897157 506.5272173 20 372 63 2 491 197
370.8169243 1829.785997 115.7111404 509.946392 182 387 46 34 1466 188
372.2204436 1819.844314 101.917236 524.4472072999999 171 407 53 71 1109 190
373.8464268 1833.59649 134.9975775 526.987788 102 355 52 43 657 185
372.5213904 1828.784542 133.8943057 524.2616594 431 416 43 203 819 201
372.9672762 1825.209471 137.5109435 531.0470365 0 446 48 0 71 205
373.1869018 1820.528529 125.9821255 534.6146204 50 374 59 5 0 210
371.00629 1795.606103 91.54100812999999 531.246685 784 426 93 1297 0 175
368.867694 1790.417313 83.10434447 536.4516824999999 1132 568 148 630 0 158
367.6245685 1791.570924 81.72784817 524.8751109 1070 443 159 960 0 144
368.1702892 1794.18204 87.14784797 512.3391698 205 437 133 109 0 174
369.1875275 1813.009664 94.15312074000001 501.4948837 740 445 83 862 345 156
370.1230647 1825.22633 103.7776529 497.3077888 361 388 50 274 1263 170
373.1956159 1832.737737 118.0556549 499.6714836 118 386 49 19 1238 202
375.3631393 1835.225361 125.0950713 510.6933711 457 440 50 393 1362 147
374.2197908 1821.735636 123.9495754 515.5711123999999 273 388 47 173 1103 174
374.9206373 1829.870534 135.1641618 526.3352465 412 448 47 234 583 170
374.9575292 1830.71192 140.0145505 520.4109073 259 467 45 131 315 184
374.2574705 1808.663816 110.6683451 531.7851061 165 388 58 42 0 194
371.979331 1792.157387 103.3621534 533.3808277000001 398 349 88 381 0 181
371.7907666 1784.079198 85.01630493 536.0519379 996 599 156 753 7 134
371.8776016 1787.477972 86.20326683 526.4693229 1071 404 158 643 0 163
370.9580222 1798.516583 90.84008183 517.3004094 373 415 138 181 0 182
369.6845529 1814.193291 99.81315361 508.2402342 293 390 87 137 147 186
372.3742193 1829.416559 118.3366009 500.6421675 164 400 68 64 190 157
374.6244487 1835.597986 122.0494472 473.9664986 286 346 43 210 1702 183
375.6280132 1818.899158 114.7397398 484.6684968 286 424 58 173 876 132
375.1228486 1829.209309 136.4538865 514.8364789 359 413 54 134 446 141
376.0335694 1830.21114 138.230244 519.337547 113 445 51 48 225 147
376.8197812 1838.457078 143.2344175 521.3806002 111 503 60 19 0 146
375.3046201 1821.539776 129.8995038 519.3034652 80 388 62 8 0 150
374.4863582 1837.57682 115.1372245 523.3946008 197 330 92 55 0 164
372.9322895 1808.467055 109.7678134 541.4376798 1442 602 157 1473 0 130
369.6109032 1811.944188 111.5290301 523.6071282 1018 452 191 889 0 116
371.3632929 1826.090699 115.0466131 515.9941266 464 420 148 523 0 124
373.5149305 1838.844664 132.2829404 504.8925351 264 366 100 163 0 122
374.4751287 1840.877876 132.4188633 509.5863877 164 362 71 67 65 128
377.0671525 1881.128723 145.0278829 498.7519651 400 387 59 212 828 110
356.3180735 1766.346257 126.2190737 533.0078168 255 360 54 44 2240 196
356.6294741 1758.883245 145.6791347 535.6094655000001 132 418 55 31 1615 199
357.064613 1756.801064 140.4354548 540.3374788 133 475 58 29 839 188
357.847164 1756.674435 125.7298929 541.0627821 182 469 63 31 0 187
358.0997568 1761.914454 119.8726622 550.9839564 148 461 77 78 0 213
356.5044985 1746.705149 104.4537155 546.4635089 152 396 132 76 0 205
353.1921084 1740.564497 104.6712104 542.994734 1332 608 162 887 0 155
350.4878263 1740.039619 90.04098462 532.8866215 1033 590 157 637 0 161
350.822254 1761.213583 93.37090943 540.4148317 660 507 152 688 0 169
353.5676705 1774.715865 161.5810946 534.3828615 333 337 95 151 156 198
354.3590934 1772.108714 101.9356176 537.4639992 350 446 74 174 905 188
355.6863539 1775.47095 129.8906353 524.8762872 347 518 55 98 1832 178
356.8575407 1772.510125 139.4715739 543.7827827 459 570 61 133 1616 161
357.8911121 1771.578843 123.2686792 541.4429781 255 516 61 92 1047 174
358.9768836 1786.857538 168.6599483 544.3630061 142 510 57 24 1023 181
360.0709033 1773.068092 170.4455385 555.2822283 0 430 56 0 321 212
359.8378075 1777.604475 154.6958072 555.4899085 100 375 69 77 0 217
358.1736311 1762.771908 122.5721717 550.7096749999999 327 311 101 73 0 234
355.2050476 1749.643299 101.949025 561.416534 907 601 168 435 0 168
352.3029039 1727.884459 84.88789275000001 553.5311031 1054 527 164 882 0 164
351.1945457 1773.305861 104.7677389 531.8459437 721 494 138 628 0 172
353.7729473 1767.76465 116.8324877 528.347997 161 278 95 66 233 224
355.3595154 1794.554461 124.0958854 549.1380569 137 340 71 37 1577 200
357.9370302 1789.892765 134.5394985 530.2216148 606 599 59 283 1618 159
359.3909008 1805.277405 141.3254979 547.5145854 561 608 61 195 1687 146
359.3486781 1797.770595 160.8376728 540.3502655999999 253 520 60 74 1246 162
359.9565581 1796.210516 161.8877407 541.2589047 327 506 60 105 795 178
359.938698 1786.767317 157.7113559 542.3753423000001 150 420 61 15 69 207
360.0437427 1785.385679 161.2489382 541.0481529 208 539 75 162 0 187
357.3343305 1766.838592 114.0119001 531.4031136999999 266 269 106 68 0 232
356.7718344 1766.409656 113.7177774 544.4533115 838 398 155 358 0 198
353.314452 1751.51132 102.1473263 545.9004225 1046 472 168 374 0 192
351.7751762 1770.361777 98.15768174999999 542.9676952 215 313 137 65 0 207
354.7815333 1784.824783 114.3410548 523.7507776 273 279 96 99 111 219
355.7666744 1790.518287 123.3311742 513.2184852 122 312 61 17 1809 221
357.8392266 1789.302649 138.5031511 517.4001458 381 522 61 129 1412 153
357.8322224 1789.712013 128.9008099 526.9202194 590 641 71 218 1042 132
359.6895554 1799.348123 148.32378 531.4504701 213 514 60 50 1215 160
360.4969407 1801.398293 142.5436476 541.5483226 102 420 58 11 936 204
362.2225363 1801.431026 149.9301626 542.0081629 103 379 56 14 456 228
360.7411343 1789.147103 134.3514127 541.3917106 100 392 78 15 0 229
357.9328632 1784.244161 107.6543488 532.2852758 500 335 106 208 0 233
355.5556558 1770.517833 88.54636184 531.3456874 1039 559 150 430 0 165
353.8384978 1767.707837 98.32718566 522.2104023000001 1264 519 176 963 0 161
353.6877407 1764.013616 99.41387767000001 517.7421725 436 448 144 214 0 186
356.0870241 1772.598529 87.72219586999999 510.5117139 245 372 100 73 171 195
356.3843016 1790.048883 103.2297733 498.3938782 194 438 69 68 1195 193
358.9538817 1818.360626 143.0603817 503.662129 204 450 54 55 2033 197
359.8944397 1803.445044 141.623709 513.4707099 260 403 61 50 1766 200
359.9968571 1777.096406 125.5625922 521.5100097 153 447 58 47 1336 184
362.4766699 1801.68021 153.0047148 528.1459331 150 519 64 15 525 184
361.968412 1791.346124 141.5212842 522.2874164999999 40 437 62 4 50 192
361.7050941 1793.841225 139.5029587 531.3957713999999 152 433 80 46 0 207
359.7806897 1767.917866 102.8178799 525.3307751999999 404 425 125 213 0 204
358.370824 1776.525357 102.1719497 531.6360931 819 423 184 333 0 178
357.1814942 1757.86054 141.4461743 540.4029841 756 460 188 175 0 176
354.4770877 1769.54 119.498064 515.7364913 495 416 150 316 0 188
357.4301836 1817.357828 138.6342692 499.4776907 314 398 98 76 49 214
359.6890151 1795.48503 130.3401868 502.3914914 229 453 71 196 743 183
361.4462668 1810.96435 156.5284242 507.2623538 495 538 59 225 1455 166
363.7832223 1816.501946 136.0495464 505.2311458 438 539 62 126 1350 158
362.2962352 1803.599527 140.9962292 520.3301149 275 494 69 103 583 175
363.1894646 1815.974567 164.5899608 524.2802805 173 531 62 36 622 175
363.8197375 1806.270821 147.237139 524.1274753 103 460 57 11 276 192
363.8645468 1804.982062 132.9925738 533.7328791 100 443 77 17 0 225
361.798012 1770.463192 97.56642222000001 537.3831964 483 385 103 222 0 221
360.1315664 1780.926163 103.0429817 536.7947971999999 455 478 161 348 0 193
356.8113681 1784.506432 90.0396655 528.3025689 1079 524 179 833 0 163
356.3493816 1782.155267 82.73279147 523.337188 752 510 153 698 0 174
359.3643435 1796.832143 100.1103077 507.7770168 103 323 98 44 47 230
362.3412479 1813.65073 123.2111274 498.25564 140 433 78 41 726 211
361.2540071 1806.518354 107.7223665 506.8826217 180 475 56 32 1624 188
364.076691 1815.382262 141.3893634 525.2285304 112 426 56 12 1922 216
365.7110025 1812.991985 156.0340529 523.3800742 107 359 70 30 613 183
365.3284694 1815.574093 153.9084335 529.7372003 20 410 61 2 778 190
364.0276707 1785.653357 114.9736622 530.1023772999999 216 426 66 29 0 189
366.1564391 1793.378173 131.7593674 540.0239799 0 413 92 0 0 226
363.2459713 1775.749945 111.6924861 550.6424729 256 373 118 36 0 190
361.9701993 1779.674964 99.31671626000001 542.247805 1004 524 169 639 0 160
359.1769572 1777.063453 108.1892054 541.8505377 1086 522 170 930 0 163
357.9667602 1807.171222 114.933934 515.6752913 721 443 144 868 0 183
360.3522827 1813.846507 108.8456447 498.8703449 223 392 101 89 0 198
362.8842379 1806.829488 106.6775645 496.782415 204 407 71 66 909 184
363.443737 1812.511094 120.1619697 505.3598657 104 385 54 12 1858 208
364.7828623 1816.812924 131.2372094 520.2703856000001 262 463 61 67 1593 157
366.5451107 1810.509079 140.1726219 519.9609564 250 343 59 107 1416 179
366.7448719 1818.631751 150.3080819 529.6545463 172 401 61 19 732 201
368.3366232 1815.649905 141.2383656 533.9167114000001 108 462 54 22 215 189
366.596286 1804.613676 130.4260698 534.0600647 231 403 82 240 0 207
365.3566619 1795.494167 119.0627901 533.3551596 483 375 104 59 0 197
361.6807866 1789.178479 83.73505803 524.7306493 794 525 166 328 0 183
359.6126109 1773.725593 82.38746626 514.0127695 936 494 168 584 0 155
359.1588226 1792.139239 97.46901957 502.8714678 575 433 163 405 0 160
362.2879193 1807.721427 119.0091428 508.3532981 197 388 100 108 205 190
363.9100486 1811.774878 125.1930596 491.8863977 170 361 71 54 1030 182
366.204748 1826.37329 146.779345 497.3156181 384 450 54 118 2120 149
366.8434097 1812.045773 173.5378105 515.0875055 112 432 61 30 1526 196
367.7132678 1817.863365 152.14272 517.3821596 317 327 61 122 1360 160
369.0805033 1823.817513 161.8185032 525.7186513 220 381 60 45 987 181
369.5676412 1826.807146 168.1384158 528.287653 110 512 54 11 639 211
369.5563565 1818.667139 154.0591157 553.1933801 0 403 76 0 0 233
366.0453805 1818.317858 134.4617306 543.3949463 338 330 107 66 0 229
366.0337925 1805.932004 123.9945021 552.709879 998 705 177 792 0 169
362.8209395 1804.175761 114.0089401 544.3530584 731 486 179 318 0 160
363.5122392 1801.063381 99.70478442 534.7339109 440 434 158 222 0 174
365.7345845 1840.707206 160.1960281 524.219579 473 404 112 198 0 172
367.7369973 1833.885598 145.5784909 528.2077042 150 367 73 51 877 187
368.293353 1834.874718 144.3808079 520.7876077 267 344 55 30 1722 175
370.3662091 1833.127657 147.0203798 529.5476919 100 415 62 10 1512 194
371.2866887 1834.813138 156.2554078 533.3310063 0 363 60 0 1169 224
372.2839902 1835.241645 167.0676696 538.7576617 70 419 62 7 713 209
372.3061993 1826.264366 149.5355553 541.8424303 106 497 58 26 203 196
372.1785829 1834.657628 150.1999937 536.5270726 100 394 77 10 0 225
371.9815417 1807.188142 106.9953813 539.7385156 485 382 104 221 0 186
366.803481 1780.58901 85.1777215 534.4844568 1161 604 164 823 0 147
365.0830297 1788.241623 80.22033199000001 536.3785889 954 478 171 669 0 167
363.21975 1811.648576 97.71125455000001 507.8743935 563 512 153 422 0 170
366.0581011 1807.733446 99.38671854 507.4354647 200 524 97 38 198 209
369.5198783 1828.533699 101.7741532 506.5890173 0 366 70 0 1091 231
370.8303693 1829.720649 113.0084509 510.0219989 120 365 53 12 2149 179
371.8292529 1819.871556 101.2115861 524.3111433 30 379 58 3 1769 209
373.886296 1834.058758 135.5391416 526.7663932 40 322 61 4 1045 188
372.5174377 1828.822405 134.1752415 524.3866189 138 422 58 14 1053 196
372.9894949 1825.884653 137.8869708 530.9689376 0 468 61 0 14 217
373.1580741 1819.440559 126.0170042 534.6768888 0 410 77 0 0 237
370.9780787 1794.94071 91.25645785 531.3061451 838 504 109 504 0 178
368.951025 1789.054929 83.08347156000001 536.3152553 959 500 160 226 0 187
367.6294616 1790.377915 81.8504607 524.9038197 711 487 168 409 0 158
367.8584458 1791.655754 86.08340586 512.8832576999999 116 438 152 67 0 185
368.8982195 1812.924064 94.39988502999999 502.0476873 661 464 102 462 77 170
370.1409241 1825.748202 103.6215573 497.6201105 276 400 65 124 1587 177
372.9047956 1832.135675 118.1980206 499.9814378 165 368 55 31 2014 193
375.1161942 1836.114299 126.0072153 510.9606306 214 429 57 33 1976 159
374.2134985 1821.751108 123.2003656 515.7732244 136 412 59 33 1274 184
374.7878729 1830.184976 134.8617659 526.6354696 194 423 59 40 813 173
374.9748803 1830.93099 140.0702142 520.9376128 103 464 59 11 97 191
374.2547355 1809.144546 111.1594157 531.8762147 100 402 77 23 0 209
371.9602486 1792.111949 102.9363349 534.5309581 422 326 114 94 0 185
372.2061467 1783.067 85.238953 538.6125827 594 571 166 215 0 157
371.3880079 1785.853113 86.20580898 526.7721721 914 454 171 624 0 160
370.5972688 1797.409571 91.07681899000001 517.7670606 293 457 154 104 0 180
369.6390771 1813.075119 99.88195527000001 508.7589953 221 396 106 64 0 192
372.3913002 1830.401159 118.4180689 500.721822 163 400 79 67 537 167
374.5771857 1835.755139 121.3850735 481.3091532 149 406 54 29 2344 186
375.2531548 1818.113279 114.0625053 492.9971601 114 415 61 15 1450 162
375.1225904 1829.714358 136.8509473 514.7922238 318 392 62 107 1241 161
375.9177684 1829.43651 138.5329133 519.3935849 30 430 60 3 690 177
376.9717305 1840.651504 144.3269207 521.7158332 50 508 73 5 0 178
375.3075672 1821.849188 131.3599993 519.2582708 60 413 79 6 0 199
374.4628103 1840.671215 115.3553069 523.4594741 239 336 120 65 0 187
372.9115 1810.17551 111.5624485 540.9033171 976 589 167 552 0 150
369.6098202 1817.651106 113.7449375 524.0026218 877 472 184 556 0 153
371.304654 1827.169321 115.5661041 516.4712418 494 450 157 320 0 162
373.4741804 1839.322064 131.3212091 505.0224208 371 380 110 275 0 157
374.4535411 1841.342748 131.5605434 509.6237436 100 402 75 10 916 167
377.1282851 1891.830313 147.1961042 498.9058644 380 364 60 149 1576 142
356.2306496 1766.34819 126.2297296 533.2135699 318 413 59 41 1749 190
