356.5857887 1766.396405 126.1871096 532.3827471 374 335 85 100 948 178
356.5492716 1757.773145 145.3755869 535.2857852 333 342 78 47 1071 177
357.2107831 1758.540476 140.1553201 540.373347 117 355 82 17 595 190
357.7460274 1754.087282 127.8392505 541.0063547 40 370 93 4 94 179
358.0156479 1762.010123 118.493647 548.7436977999999 100 331 97 169 158 180
356.4122234 1748.340444 104.6396357 546.5654315 0 312 122 0 0 194
352.742498 1740.414461 101.9334385 541.1125982999999 90 451 163 9 0 177
350.3941561 1739.274822 88.60718571 533.0377302000001 573 376 169 197 0 178
350.8163827 1760.665041 93.0393631 539.7753788 187 385 160 368 0 183
353.324401 1775.538264 164.3767795 529.8461002 222 254 125 389 1 208
354.0676806 1769.747514 102.9536443 534.5922108 135 307 106 36 335 182
355.966765 1775.834969 135.6918822 525.0605155 278 396 84 50 1155 177
356.9490701 1772.305984 137.6118141 541.8679823 592 419 88 230 684 154
357.8717455 1770.753738 130.3913141 541.2769075 348 374 101 308 259 180
358.9316689 1786.436767 167.292216 544.0781807 561 472 80 179 766 155
360.1150071 1776.103499 170.2195301 554.0941879 20 324 92 2 138 196
360.1271566 1786.946881 156.4743016 550.3979564 50 334 91 5 328 178
358.5777411 1770.225555 117.8171948 550.5422518 0 354 103 0 134 187
355.2811776 1752.613357 92.55484658 560.1476524 50 392 156 5 1 191
351.8119611 1729.664114 83.26996927 552.5123010999999 401 404 160 103 0 179
351.142069 1774.099239 102.9942702 531.0414614 215 414 155 278 22 175
353.7949594 1771.319756 117.314349 528.5940679 202 341 133 86 0 196
355.3299242 1798.073078 119.1855402 550.739012 144 343 104 39 221 178
357.8007095 1788.379276 137.1206349 530.2990006 559 575 95 589 410 147
359.4468329 1808.328267 139.3667606 545.3100983 411 439 85 100 627 154
359.364893 1797.122568 159.9844416 536.8278842 664 491 94 347 78 147
360.1275117 1797.172217 162.0179941 540.8513225 896 456 92 368 322 154
360.0147123 1788.702392 157.7584331 541.9476891 120 329 102 12 0 182
360.5881561 1790.024062 168.3201163 541.0690659000001 100 423 108 72 0 167
357.4268361 1772.404944 115.9141083 528.3040228999999 0 338 125 0 0 184
356.474236 1766.629675 107.3778295 546.9949157 60 371 160 6 0 175
352.9379247 1749.747769 89.2690972 546.6553094 510 441 183 51 0 171
351.839338 1768.784314 94.12929379000001 544.3558288 116 328 161 45 0 187
354.6201183 1780.562044 110.4220124 523.9322096 139 344 128 59 0 191
355.7397294 1790.282858 122.1355635 512.3503952999999 112 303 103 33 423 178
357.8845615 1792.28688 140.7965194 516.3978026 666 533 92 473 794 146
358.0538917 1788.265645 128.5669422 525.9803799 757 612 96 531 301 134
359.6930018 1797.131812 146.3594008 531.014498 650 506 95 409 391 145
360.2568731 1801.151195 141.147928 542.7211126 388 400 93 56 227 175
361.9938257 1800.477549 149.0526897 541.2408928 0 307 92 0 187 202
361.1420215 1788.325078 133.7337632 541.1180245 100 381 103 12 0 179
357.5810311 1782.22852 101.1759252 528.0610047 0 284 120 0 0 185
355.5891821 1765.812449 87.21603582 530.2090659 50 411 153 5 1 188
353.3279297 1769.907877 100.4636367 521.0461031999999 291 421 161 40 0 173
353.7082652 1764.05421 98.74919898 514.7335552 136 340 157 55 19 194
356.0141805 1776.479058 90.29988324 487.5554446 132 431 136 32 0 189
357.0488892 1796.431917 109.1324724 497.4149169 389 425 102 286 476 181
359.1162744 1813.557609 135.0176667 503.2907166 205 396 93 64 524 190
360.4387509 1807.70375 145.3656488 513.2347569 186 321 97 72 419 193
360.435554 1779.188766 125.8799221 520.4224385 444 443 86 215 732 171
362.4998332 1802.170173 154.4413445 526.5477976 321 445 95 63 118 179
361.9642351 1789.005998 137.1168394 521.3681753 30 383 92 3 59 185
361.7610865 1794.942981 136.1528671 530.8485602 100 418 102 32 63 175
359.8392102 1768.076319 103.4147017 519.160524 0 422 129 0 0 186
358.2978916 1782.178991 98.70205251 522.5126053 60 415 163 6 0 188
356.9775894 1754.512137 141.9417038 540.9018450999999 311 410 186 47 0 161
355.9202168 1767.575094 116.2010778 512.9117044 344 377 169 442 0 177
358.1247668 1813.190388 133.8469243 499.9786929 130 360 124 30 110 194
359.6281124 1794.02333 128.9258903 502.2727666 244 446 91 38 791 171
362.3571619 1811.70203 145.5753342 506.8041185 653 489 92 298 510 161
363.6363556 1812.791099 132.1631562 500.6240006 606 544 91 382 288 141
362.244554 1801.048161 136.2434045 520.0758102999999 368 421 105 104 0 166
363.1452004 1815.73242 162.4990009 522.9500365 276 425 96 36 0 163
363.8432737 1804.977282 146.6224253 522.5186626 220 359 92 22 268 174
363.9606508 1806.880139 132.5370453 533.1135657999999 30 395 93 3 215 158
361.8796403 1772.044887 93.09732692999999 536.2000645000001 0 343 119 0 59 194
359.9149515 1780.842836 99.48805871 533.5129367 90 398 154 9 0 191
356.7665117 1789.013747 87.57309591000001 527.3366162999999 190 387 182 19 0 184
356.3409223 1781.71047 80.95504828999999 523.2969276 128 489 190 45 0 178
359.1182628 1798.63543 96.87581213999999 506.448924 130 314 127 21 18 206
362.1252291 1801.543016 116.2056479 498.6747911 112 384 112 32 16 186
361.6187829 1803.708532 106.0164137 506.8231585 106 383 101 87 469 179
364.1084055 1813.130829 136.7947585 519.6256605999999 110 413 88 11 346 178
366.8792629 1811.318556 150.0721097 523.0639723 132 338 95 38 64 152
365.1636839 1813.794682 148.1919679 527.3476566000001 160 413 93 16 320 170
363.6837895 1774.264694 103.6174152 529.417023 20 350 105 2 0 182
366.2324095 1792.754421 127.0775966 539.820231 50 350 109 5 0 186
363.2720049 1774.029144 112.929404 551.3106721 0 338 122 0 1 198
361.9790464 1774.326411 94.62761171 544.5052965 700 425 167 70 0 162
359.1503432 1774.729172 100.4740377 538.9656084 210 412 171 21 0 159
357.9327663 1805.975245 112.1450499 514.3986164 191 358 162 46 5 164
359.9502245 1816.413925 111.2126301 497.3084797 130 317 124 39 49 187
363.1029522 1804.433067 106.9466415 495.684004 144 322 107 41 100 171
363.7799539 1816.188634 123.0618966 504.2736026 212 400 99 107 80 163
364.888092 1816.050437 130.5012005 519.5648579 425 413 101 125 92 131
366.394219 1807.767776 134.3727076 518.8825579000001 105 314 86 46 683 166
366.7230901 1820.014832 149.3322617 528.6052959 120 365 86 12 301 198
368.6289548 1808.131238 134.766369 535.3815252000001 90 360 92 9 148 171
366.7420492 1804.629843 130.9942209 533.5095137 30 350 132 3 0 179
365.6591076 1797.685476 110.7356548 532.6437074 0 338 124 0 0 178
361.5959804 1785.218376 78.89851249 524.1838126 110 425 155 11 0 194
358.9182235 1772.183562 80.00341722 513.6499775 130 415 181 13 0 173
359.2444705 1794.980358 98.09108904999999 501.9536664 258 360 189 31 0 159
362.1621373 1797.118285 108.3871872 507.1413905 130 323 128 30 23 187
363.7658499 1809.538773 123.9923472 491.401216 158 350 112 17 0 187
366.1487517 1822.473988 141.872947 496.5786654 654 400 89 486 736 160
366.7756372 1810.62264 167.0001288 514.6597259 383 413 95 65 379 155
367.6810653 1816.594485 151.3323911 516.6091481 685 304 88 528 520 144
369.0169765 1819.458028 160.8485513 525.2680875 519 413 89 186 307 164
369.4581124 1830.483848 171.3683352 526.735991 50 363 88 5 565 177
369.7229736 1818.264596 150.4660779 546.9306223 90 316 101 9 28 156
365.3900157 1816.742359 128.4250374 541.3237688 0 338 123 0 0 173
366.0654683 1799.154258 110.0587937 549.5988636 160 425 175 16 0 178
362.6699801 1800.858318 114.6689236 544.8640209 450 400 193 58 0 172
363.530553 1795.907061 94.16531694 534.535443 229 356 164 71 0 177
365.575272 1837.08706 157.2894246 525.1196884 130 321 122 16 183 206
367.7377552 1833.354023 145.5064116 528.1143138 194 350 102 27 307 184
368.9922742 1836.24781 150.2581939 520.3987568 256 340 89 99 887 184
370.4211702 1829.211372 143.4355911 528.7690692 233 413 92 25 562 176
371.2442401 1832.35671 154.3421918 532.8994543 198 400 84 31 772 185
372.8389311 1837.037144 172.528761 538.5504187 110 366 83 17 727 188
372.5015014 1829.667286 153.4503885 542.3760305 30 350 81 3 614 182
372.3492393 1835.149231 149.9991718 535.9466457 30 312 92 3 355 185
372.5318646 1802.908149 102.7678698 539.9386759 0 338 119 0 31 187
366.831733 1780.81308 86.27528362 534.7987544 320 425 159 32 0 181
365.1257034 1783.358971 81.58026549 536.0397405 150 400 163 15 0 200
363.2302846 1815.894153 109.1841625 506.6462765 263 357 154 154 31 191
366.052414 1808.46916 102.1424069 507.6901101 130 329 120 30 54 212
370.2843841 1832.498463 103.8721571 506.3941395 112 327 110 23 119 196
370.7900943 1829.918142 121.9259538 509.8579959 125 400 86 45 948 184
373.2036395 1820.625695 105.0910452 524.718263 109 413 90 38 553 160
373.764663 1833.035778 135.0185139 527.4257737 168 400 91 47 408 160
372.5266444 1828.717217 133.572276 524.0741856 264 368 88 40 462 178
372.9333167 1824.139083 137.0570102 531.2034282 0 350 95 0 96 200
373.2457474 1823.26282 126.720634 534.5786403 30 350 107 3 0 187
371.0736515 1797.268199 92.29489663 531.1348546 30 338 126 3 0 176
368.6753893 1793.168065 83.41760084000001 536.694649 90 425 159 9 0 190
367.6255232 1794.804099 80.99078093999999 524.7941929 140 402 175 14 0 182
368.9614828 1799.700609 89.44638768 511.3078838 116 367 161 45 0 191
369.8864344 1813.314775 93.62849217 500.4764555 210 325 127 21 12 172
370.0841991 1824.200797 104.5940323 496.7881006 237 350 92 33 749 180
373.7512569 1834.034535 118.5079739 499.2449666 106 347 91 45 546 184
375.8249164 1833.522268 123.8344886 510.2574316 526 413 94 186 358 155
374.2271421 1821.745041 126.0271308 515.2444703 400 330 81 196 1112 177
375.2282672 1829.520033 136.1703904 525.7675933 290 413 89 58 431 168
374.9287861 1830.460554 140.4008284 519.5440984000001 100 350 83 10 552 184
374.2764836 1808.057698 110.276103 531.62239 60 350 102 6 0 177
372.017496 1792.2948 104.0742125 531.1158781 0 338 120 0 0 188
371.0200709 1786.286187 84.06293762 530.4958783 130 425 164 13 0 167
372.9573953 1790.753341 85.89511386 525.8667729 1119 381 166 297 0 167
371.9254616 1801.133642 90.36660487 516.2993682 166 358 159 50 22 190
369.766111 1816.582818 99.62443826000001 507.2187082 130 325 128 35 31 190
372.3400578 1828.880139 119.4074027 500.5460078 200 350 113 70 0 148
374.6929287 1835.160562 123.3511254 459.7338864 254 333 86 105 996 181
376.4549844 1820.893982 116.9899034 468.3547768 204 413 95 46 426 139
375.1206504 1828.201461 135.773742 514.9249959 207 328 90 55 626 169
376.3069769 1831.790106 138.1677066 519.2832395 179 376 90 37 395 165
376.5706819 1834.700282 141.7651193 520.8623256 70 386 96 7 0 156
375.298854 1820.800167 127.2991173 519.3938504 30 350 102 3 0 163
374.5334531 1832.08173 114.3956567 523.265904 0 338 119 0 38 185
372.966185 1805.86598 105.7591467 541.9129253 110 425 157 11 0 166
369.6050767 1801.075151 106.5355951 522.6647305 235 400 167 30 0 147
371.4419101 1823.874709 113.992827 515.0729593999999 198 363 167 87 0 164
373.5490131 1837.509781 134.4088385 504.7854445 130 317 134 35 0 163
374.5061563 1839.686238 134.8267312 509.5515271 171 323 111 40 0 169
376.9127835 1861.303863 141.5015393 498.5614409 381 343 99 230 449 133
356.5000221 1766.376414 126.1977637 532.5919414 267 361 76 159 904 178
356.5724973 1758.014711 145.4767687 535.3932677 313 394 68 183 1061 182
357.1427488 1757.668099 140.2486967 540.3613908999999 133 393 74 31 261 192
357.7700998 1754.78171 127.1124938 541.0251635 148 369 76 21 50 200
358.0413741 1761.90654 118.9339074 549.5277703 60 324 86 6 41 207
356.4434809 1747.735505 104.5784562 546.5411726999999 180 266 120 18 0 210
352.8936191 1740.482802 102.8966441 541.7650026 628 513 178 768 0 152
350.4251454 1739.519133 89.08561422 532.988612 707 415 181 840 0 146
350.8208542 1760.846032 93.10310559 539.9912961 241 371 169 512 0 160
353.4014443 1775.246236 163.6313863 531.4041518 273 230 119 122 0 196
354.1568012 1770.359317 102.5234682 535.5703112 210 331 93 84 81 183
355.8581097 1775.652055 133.7557301 524.9991062 340 478 72 183 855 174
356.9216376 1772.268429 138.2794601 542.5265603 427 472 80 183 604 160
357.8752955 1770.846717 127.9314499 541.3322659 283 419 85 77 64 183
358.9457191 1786.57041 167.7711767 544.1719134 457 485 69 204 649 168
360.1039346 1774.975316 170.3401694 554.495343 40 326 74 4 237 220
360.0178445 1783.682969 155.9644325 552.1222275 40 299 80 4 90 209
358.4380086 1767.699972 119.4406442 550.6086017 390 277 102 60 54 208
355.2421613 1751.721915 95.76964546000001 560.6411477 291 417 174 155 0 166
351.9841009 1728.967087 83.79733787000001 552.815785 464 405 182 240 0 153
351.1678994 1773.708927 103.5925895 531.328895 304 406 169 300 0 158
353.7874791 1769.996306 117.1541543 528.516377 160 302 123 119 0 189
355.3213081 1796.775685 120.764847 550.3969334 143 333 89 56 252 184
357.8454588 1788.73666 136.2723065 530.2732063 528 584 82 426 345 154
359.4278132 1807.219927 139.8427917 546.1412844 451 518 81 243 638 156
359.3562404 1797.273561 160.1849195 538.0808721 540 525 82 245 23 152
360.0658758 1796.856827 161.8460864 540.9373573 593 483 76 186 269 162
359.9854267 1787.929271 157.6551643 542.0714489 191 320 83 39 0 211
360.3919251 1788.397756 166.0520791 540.9804588 100 422 94 82 0 191
357.3901446 1770.560576 115.3712358 529.1810899 180 228 120 18 0 194
356.5801915 1766.14438 109.2792885 546.1835364999999 406 345 169 225 0 163
353.0753365 1749.791993 93.33503587 546.4772604 716 432 194 646 0 151
351.8200177 1769.271776 95.31258686 543.9996972 103 290 163 116 0 182
354.6720757 1781.522414 111.5989964 523.943708 127 251 120 50 0 192
355.7485009 1790.335978 122.5889158 512.6342204 103 289 84 34 581 182
357.8694711 1790.785915 139.9065086 516.7241254 569 531 82 552 492 153
357.9642257 1788.706695 128.6737815 526.2907559 655 638 84 650 241 137
359.6924734 1797.85289 146.9008666 531.1605553000001 597 505 78 190 596 163
360.3183961 1801.056656 141.6166271 542.3143176999999 398 396 79 205 76 184
362.0689801 1800.802648 149.3477693 541.4961072 20 284 77 2 54 220
361.0065338 1788.597591 133.9405089 541.2090346 100 335 89 30 0 210
357.7103012 1782.154789 102.7482025 529.4541146 214 193 119 27 0 209
355.5747081 1767.200439 87.66455003 530.5904777 382 439 173 127 0 171
353.5065031 1769.120345 99.6068183 521.4341184 516 433 185 370 0 143
353.7049837 1763.606644 98.97075984999999 515.7135965 249 311 160 146 0 176
356.0636933 1774.751583 88.97074205 494.784353 106 409 120 42 0 179
356.8167723 1794.216529 107.0489826 497.7059277 332 449 90 269 312 179
359.0944889 1814.817192 136.9677456 503.4024951 174 419 82 69 305 189
360.2444368 1806.063945 143.2107361 513.3134016 141 350 90 45 321 192
360.2776123 1778.395827 125.5370959 520.7677943 353 447 73 220 703 178
362.4931216 1801.983639 153.7998894 527.0332924000001 286 466 80 96 54 181
361.9653895 1789.608521 138.217518 521.5670852 121 375 80 13 0 201
361.7421119 1794.521958 136.9001018 531.0064463 100 367 90 16 0 197
359.8199013 1767.995459 102.942385 520.9978933 334 355 136 94 0 198
358.3286096 1780.25293 100.0466492 525.4960791 456 408 170 135 0 163
357.0688926 1755.243265 141.93845 540.789353 545 387 194 335 0 149
355.4162191 1767.710676 116.8219957 513.8075581000001 690 342 168 1709 0 172
357.9067772 1814.145925 135.0316933 499.7389645 106 363 117 48 0 186
359.6484132 1794.122528 129.412843 502.2750916 229 432 80 94 647 175
362.0876022 1811.054116 148.4436516 506.925484 725 551 76 833 374 159
363.6799548 1813.792787 132.8178765 501.9640796 420 541 83 395 277 153
362.2603669 1801.809356 136.9858187 520.1470176 305 438 89 49 0 170
363.1553658 1815.624046 163.0518101 523.3061351 210 436 80 21 51 173
363.8321251 1805.317682 146.7624621 522.9653164 130 369 76 13 168 196
363.926966 1806.136188 132.6962151 533.2937839 30 345 82 3 77 192
361.8533749 1771.374925 94.38136154999999 536.5675408 180 249 117 18 1 209
359.9900315 1780.898745 100.7007003 534.4344452 432 426 172 151 0 168
356.7817471 1787.338899 88.24896317 527.6628011 882 392 194 354 0 153
356.3419156 1781.701631 81.56016320000001 523.4960159 185 419 184 137 0 162
359.1830165 1797.895341 97.83553569 506.8814091 106 224 123 40 0 205
362.2010594 1805.271629 118.4176633 498.4783611 103 368 107 23 0 189
361.5117628 1804.262495 105.7912315 506.8213676 124 392 86 71 147 182
364.1073826 1813.579872 137.8894768 521.3749649 20 438 89 2 124 190
366.5285347 1811.734656 151.6116779 523.1658568 109 372 81 24 14 167
365.220137 1814.150957 149.9744294 528.0953843999999 20 399 83 2 69 182
363.7630564 1777.658811 107.0646051 529.5978181 40 338 90 4 0 199
366.2065233 1792.589606 128.3408055 539.8763749 40 285 95 4 0 217
363.2243504 1774.258374 112.332653 551.2848257000001 80 268 122 8 0 210
361.9752476 1775.531442 96.23539486 543.7894228 1487 463 177 998 0 157
359.159128 1774.531708 102.6687635 540.0636847 864 415 190 649 0 147
357.9439862 1805.888208 113.0292715 514.8016031 383 329 167 279 0 159
360.0732844 1815.310263 110.341942 497.7606077 106 305 119 70 0 182
363.0335498 1805.135235 106.4705162 496.0208337 164 324 96 42 0 184
363.6688302 1814.481211 121.7247442 504.6290842 181 374 79 79 353 177
364.8706966 1816.2938 130.7510874 519.7294251 301 438 91 107 168 151
366.4515751 1808.628579 135.9149661 519.2152957 158 318 72 57 705 181
366.7164567 1819.08958 149.3337137 528.9040436 115 375 78 13 118 202
368.5338378 1811.188029 136.830284 534.754714 172 358 74 27 159 194
366.6826229 1804.260777 130.7223237 533.6537202 100 289 103 11 0 207
365.5360929 1796.677643 113.3811671 532.880438 180 275 119 18 0 193
361.6169594 1786.07731 80.18795942 524.3641747 503 463 168 249 0 170
359.187301 1772.025348 80.47314891000001 513.75003 570 409 201 123 0 145
359.2199898 1793.599292 97.85828875 502.2503609 336 334 192 361 0 157
362.2173148 1799.945277 111.408548 507.7749722 106 319 116 83 0 187
363.8117261 1810.195192 124.3794637 491.5143679 117 324 94 19 87 190
366.1730982 1823.647016 142.9643664 496.784978 522 425 76 313 678 159
366.7983835 1811.067965 168.9246451 514.7930183 238 438 85 89 461 178
367.6917342 1816.97894 151.5997315 516.8385893 521 280 67 309 800 160
369.0378607 1820.693621 160.7447457 525.4153474 428 450 74 232 298 181
369.4945043 1829.222498 170.2104928 527.1818129 121 411 74 16 466 207
369.6379787 1818.003173 151.2153547 549.0704337 100 294 84 14 29 203
365.5983047 1816.820088 129.9582848 541.9699289 214 275 115 28 23 202
366.058148 1800.8346 114.5061683 550.7111311 858 463 192 601 0 154
362.7169288 1801.792673 114.0754756 544.5738731 685 413 211 674 0 150
363.5284164 1797.308666 95.61770418 534.6416661 381 319 174 471 0 158
365.6313461 1838.041032 158.1662355 524.7976640000001 106 307 115 28 0 192
367.737563 1833.482951 145.4976893 528.1248588 158 333 88 34 273 191
368.7659515 1835.578763 147.96715 520.5127365 284 344 74 110 895 183
370.4042186 1830.402302 144.4381676 528.9937114000001 103 438 80 49 602 191
371.2616217 1833.133491 154.9409639 533.0352566 109 338 71 32 708 209
372.6520097 1836.11999 170.3394922 538.6017393 107 375 71 24 485 204
372.4370347 1828.252808 151.6635885 542.173434 207 410 71 76 446 201
372.2944502 1835.017611 150.0451245 536.1033854999999 20 283 82 2 9 216
372.3556843 1803.860166 103.9785133 539.8746414 240 275 116 37 9 199
366.8220273 1781.081605 86.06516382 534.6707091 856 486 179 826 0 147
365.1135122 1784.479225 81.05488192999999 536.2325961 800 413 188 573 0 155
363.2245349 1814.490074 105.1080337 507.0093004 321 323 163 243 0 177
366.0556702 1808.149013 101.2402233 507.5986676 106 334 111 40 0 200
370.0303051 1831.124604 102.8185643 506.4629494 103 328 93 22 47 201
370.8035121 1829.853302 118.7347542 509.8918228 104 364 72 35 1085 197
372.6842204 1820.11701 103.2550793 524.582911 129 438 81 61 532 183
373.8099716 1833.288825 134.8581354 527.2084433 109 333 76 27 404 187
372.5244926 1828.749972 133.6981431 524.1571526 353 376 72 149 564 196
372.9485135 1824.626428 137.2381472 531.1252055 0 372 84 0 0 218
373.2162285 1821.822528 126.2292836 534.5812248 30 289 91 3 0 223
371.0383346 1796.388593 91.89152405 531.1896948 471 279 132 259 0 192
368.77504 1791.801975 83.21320362 536.5787259 264 463 172 105 0 165
367.6227863 1793.044002 81.45175226000001 524.8388159 573 376 194 327 0 138
368.5393676 1796.900256 88.29469333999999 511.8132275 119 348 161 116 0 175
369.5190655 1813.140563 93.89272895000001 500.9704772 288 348 122 402 0 163
370.1041815 1824.710027 104.123938 497.0300304 249 350 79 137 666 178
373.4836473 1833.407008 118.1914655 499.4249296 104 361 75 46 660 201
375.6045191 1834.361494 124.3801395 510.4582921 432 402 78 231 612 156
374.2245385 1821.734929 124.9057048 515.3944124 267 348 69 144 1039 187
375.0695864 1829.651729 135.6057988 526.0454399 260 425 74 108 360 179
374.9421351 1830.561006 140.140964 519.9449701 208 388 74 43 277 200
374.2647696 1808.303268 110.3820416 531.7003407 100 313 91 10 0 209
371.9984135 1792.219648 103.7512156 532.2374558 220 275 118 22 0 200
371.385921 1785.165615 84.61857514 533.2975431 601 483 181 403 0 142
372.4059171 1789.125923 86.09750072 526.1675044999999 1332 338 181 470 0 154
371.4019021 1799.766657 90.60334385 516.8109045 239 329 159 154 0 183
369.7272333 1815.373872 99.72783707000001 507.7264274 129 319 119 84 0 190
372.3571385 1828.90427 118.6611036 500.5832296 123 350 97 49 0 161
374.6635141 1835.400398 122.7123679 466.664828 259 327 69 125 1090 189
376.0339055 1819.842439 115.7399384 476.3076645 233 438 86 76 307 124
375.1222021 1828.704547 136.0987347 514.8807363 169 365 79 48 240 161
376.1655304 1831.006759 138.1130595 519.3007785999999 165 401 80 39 77 155
376.6828176 1836.436736 142.3580001 521.0955342 121 412 89 13 0 151
375.3017335 1821.186282 128.5243078 519.3486584 30 313 99 3 0 159
374.5099058 1834.660636 114.8132061 523.3300134 200 275 118 20 0 189
372.9505476 1806.991599 107.8058183 541.7813476 783 463 179 418 0 141
369.6093386 1806.322222 109.089358 523.1612188 475 389 211 232 0 105
371.409286 1824.950043 114.4877173 515.5275635 330 350 182 392 0 127
373.5400262 1838.225135 133.305972 504.8140449 106 302 132 80 0 134
374.4927833 1840.316249 133.5137706 509.5626816 161 314 100 48 0 146
376.9940939 1870.797998 143.1055553 498.6369058 283 356 87 149 318 118
356.409179 1766.357335 126.2084184 532.8004627 321 377 49 108 1550 181
356.5993089 1758.384042 145.5779513 535.5011719 313 450 47 211 1176 168
357.093033 1757.07208 140.3420749 540.3494348 191 472 48 109 550 183
357.8038463 1755.644062 126.4087569 541.0439726 253 459 45 125 71 191
358.0695877 1761.872317 119.3976314 550.2745387 230 417 55 56 0 191
356.474323 1747.185002 104.5159381 546.5069333 256 357 98 254 0 192
353.0435174 1740.53158 103.8088745 542.392841 1490 605 155 1790 19 143
350.4564891 1739.774373 89.56398256999999 532.9382177 1344 548 150 762 29 139
350.8228369 1761.028895 93.21579619000001 540.2045147 588 463 142 594 14 156
353.4824088 1774.964411 162.681322 532.9199254 329 270 88 175 306 197
354.253755 1771.148266 102.1820437 536.5281718 415 414 64 326 375 168
355.7629587 1775.529768 131.8158051 524.9376968 457 499 49 440 1141 163
356.8905154 1772.334811 138.895732 543.1668148 622 537 54 384 1114 154
357.8817763 1771.123566 125.556022 541.3876228 546 516 56 703 413 159
358.9608063 1786.709919 168.2237878 544.2668886 400 536 44 314 866 174
360.0891419 1773.954158 170.4060107 554.8922165 0 409 43 0 503 209
359.9204273 1780.535618 155.3632287 553.830556 116 366 48 52 221 190
358.3014356 1765.198411 121.0316784 550.6644753 405 254 73 496 171 199
355.2154426 1750.730381 98.92448168999999 561.0630046 782 533 153 551 25 157
352.1492873 1728.366484 84.33744805000001 553.1565633 1125 488 160 1326 13 148
351.1855132 1773.44049 104.181142 531.5975323 576 457 134 425 56 155
353.780131 1768.794209 116.9923912 528.4344192 255 261 85 66 66 188
355.3307232 1795.575609 122.4025163 549.8643291 167 338 59 95 949 182
357.8915894 1789.242201 135.4032044 530.2474111 718 573 55 833 913 152
359.408671 1806.180422 140.4955203 546.882366 615 581 54 775 1209 136
359.3505377 1797.482988 160.4667731 539.2665046 437 557 54 376 398 140
360.0077852 1796.523855 161.8008555 541.0703043 629 554 48 677 559 164
359.9601218 1787.28062 157.6376497 542.2144752 238 409 49 145 0 206
360.2073249 1786.818352 163.6708985 540.9719168 376 503 59 209 0 167
357.3590296 1768.701833 114.7352569 530.219427 200 242 90 115 80 197
356.6826551 1766.040813 111.3928212 545.3239953999999 1312 396 141 1249 58 163
353.2024624 1750.357085 97.65666978 546.2204057 1220 456 161 1649 17 159
351.7986461 1769.7966 96.65686466 543.5386669 196 319 131 90 0 185
354.7256623 1782.938099 112.9076799 523.8821777000001 273 245 86 124 253 203
355.7574806 1790.41109 122.9919182 512.9236075 107 310 52 32 1265 195
357.8543227 1789.774403 139.1026734 517.0584098 617 532 57 630 897 151
357.8889661 1789.187796 128.7848516 526.6041805999999 872 659 60 1140 665 129
359.6912871 1798.592322 147.5540279 531.3059621 444 543 49 294 905 149
360.3999653 1801.120305 142.0818739 541.8938361 390 443 50 206 493 194
362.1454553 1801.120603 149.6402561 541.7521242 50 341 43 5 338 207
360.8719953 1788.871834 134.1465326 541.3002766 257 377 56 53 34 196
357.8321039 1782.771654 104.9003997 530.8834607 238 256 86 102 6 209
355.5635419 1768.762163 88.10817718 530.97001 1100 515 146 609 42 170
353.6766605 1768.384389 98.85693671 521.8225508 1099 528 161 775 0 135
353.6980472 1763.570832 99.19231945999999 516.7184956999999 402 402 132 303 47 171
356.088209 1773.447942 88.09940032999999 502.6119847 226 394 88 94 152 173
356.5910753 1792.047325 105.0691278 498.0334799 321 473 62 255 640 173
359.0376824 1816.408889 139.6522227 503.5264502 241 442 54 95 877 176
360.0610409 1804.603003 141.9323975 513.3920526000001 217 379 59 78 972 187
360.1295391 1777.684501 125.4190793 521.1307571 428 488 49 204 812 163
362.4852549 1801.817417 153.3096911 527.5675883 397 544 52 248 305 174
361.9668016 1790.387903 139.6905956 521.8741295999999 110 456 49 11 92 191
361.7234503 1794.152288 138.0023307 531.1881006 227 429 60 80 0 188
359.8003951 1767.941135 102.7083521 523.0792168 565 409 103 699 0 174
358.3530496 1778.336831 101.2025127 528.5610735 1077 436 154 743 25 167
357.1377334 1756.324793 141.6751317 540.6256204 1081 424 170 888 0 156
354.9280151 1768.328253 117.8965559 514.7571245 682 393 137 858 0 176
357.6725308 1815.528455 136.5902415 499.5717216 185 355 85 100 311 178
359.6687141 1794.581351 129.8838524 502.3149886 406 457 60 333 892 167
361.7772053 1810.736329 152.0364913 507.0785934 823 565 54 1114 903 149
363.7261564 1815.013474 134.0915871 503.5157526 506 550 54 407 1017 149
362.2776121 1802.660511 138.559796 520.2320437 443 525 59 350 56 152
363.1700418 1815.677112 163.7462536 523.7512746 309 513 52 152 357 170
363.824347 1805.748073 146.9685373 523.5027212 144 457 44 55 469 188
363.8949011 1805.498805 132.8474194 533.5003923 114 417 51 35 172 183
361.8261886 1770.841695 95.87176669999999 536.9626072 206 304 88 36 7 196
360.0632967 1780.92503 101.8893437 535.5364881 616 486 147 469 8 167
356.7968049 1785.810033 89.05137015 527.9858124 1449 472 165 1802 0 155
356.3447941 1781.853742 82.13666243999999 523.5055043 642 453 141 593 0 167
359.2663506 1797.279127 98.9184094 507.3248405 175 263 94 102 24 205
362.2720823 1809.311431 120.7232033 498.3391094 140 394 69 114 98 186
361.3860316 1805.147761 106.3304655 506.8412168 216 427 54 121 1083 184
364.0947973 1814.297814 139.4049583 523.267742 30 430 50 3 970 192
366.1312148 1812.283824 153.5869237 523.2712721 181 410 58 167 236 162
365.2752173 1814.740123 151.8861089 528.8998158000001 100 437 51 43 210 187
363.8799104 1781.460172 110.8528405 529.8258488 70 407 49 7 0 191
366.1811535 1792.783859 129.8993638 539.9443115 70 366 64 7 0 203
363.2171272 1774.819842 111.8963559 551.0561265 105 342 96 13 0 184
361.972249 1777.335549 97.7983959 543.0158183 1442 583 147 1276 23 162
359.1680779 1775.281604 105.2164513 541.0286876 1538 492 162 1630 0 150
357.9553806 1806.259383 113.9627618 515.2275364 807 416 136 964 45 167
360.2097415 1814.433067 109.5208225 498.2831789 285 377 87 277 67 179
362.958367 1805.933679 106.3368767 496.3877277 269 371 65 199 231 175
363.5554146 1813.216468 120.7211166 504.9922886 204 406 51 91 1097 193
364.8335569 1816.52176 130.9961958 519.963344 415 475 59 324 907 151
366.5018813 1809.542719 137.8478757 519.5755614 276 351 49 320 1089 174
366.72346 1818.590724 149.635073 529.2548342 183 419 50 27 419 197
368.4348036 1813.630988 138.987476 534.2651245 247 439 43 73 468 185
366.6337901 1804.244978 130.5285694 533.8363941 309 374 64 153 0 188
365.4342539 1795.931881 116.1530602 533.1177191 228 350 86 92 5 186
361.6452664 1787.393745 81.79492586000001 524.5464061 891 538 153 494 0 164
359.4181371 1772.490945 81.24266435 513.8703844 1236 482 167 919 0 136
359.1914575 1792.637425 97.64537525 502.5562755 596 416 148 465 0 159
362.2591227 1803.449023 114.9245475 508.1959883 248 392 86 96 303 183
363.8594519 1810.941917 124.7800027 491.6758372 229 364 62 110 507 183
366.1917809 1824.950561 144.6106336 497.0309908 564 450 49 636 1247 147
366.820976 1811.542708 171.0915343 514.9355803 263 430 54 112 950 182
367.7024482 1817.401916 151.8700055 517.0968807 588 301 49 760 1113 155
369.0590347 1822.145715 161.0478593 525.5655162 550 520 47 396 747 175
369.5320721 1827.964976 169.1202524 527.7013756 249 504 40 65 750 195
369.5853679 1818.113245 152.3850053 551.1789513 20 376 52 2 113 199
365.8207607 1817.290916 131.9410475 542.6614365 162 317 84 89 39 195
366.0474771 1803.068046 119.1800458 551.7510982 1591 637 164 2008 0 145
362.7677242 1802.869957 113.8419943 544.3956101 1159 459 173 899 0 148
363.5220832 1799.02917 97.4736556 534.7073821 626 404 144 351 0 159
365.6840558 1839.232627 159.1289273 524.4964201 351 378 92 68 34 178
367.7372679 1833.658493 145.5210536 528.1559462 220 377 62 147 593 186
368.5281898 1835.111024 145.9691451 520.6425579 342 364 51 152 1261 176
370.3855865 1831.709309 145.6355632 529.2510004 80 426 56 8 1020 191
371.2755676 1833.9531 155.5799335 533.1793081 102 377 48 25 772 204
372.4654195 1835.48508 168.4423291 538.6708805 126 409 48 36 586 205
372.3716156 1827.089046 150.3261034 541.994827 371 497 43 194 625 205
372.237395 1834.846763 150.0985162 536.2972516 0 368 53 0 37 200
372.1692317 1805.263614 105.3678795 539.8066314 370 349 86 210 54 181
366.8126185 1780.982382 85.68593946 534.5653695 1636 617 155 2007 26 134
365.0992423 1786.132593 80.58494075999999 536.3377824 1386 462 161 1530 0 138
363.2210044 1813.04079 101.2214499 507.4190115 508 408 133 372 0 167
366.057528 1807.901766 100.3016948 507.5137746 151 408 82 61 227 191
369.7699627 1829.745081 102.0897157 506.5272173 20 372 63 2 491 197
370.8169243 1829.785997 115.7111404 509.946392 182 387 46 34 1466 188
372.2204436 1819.844314 101.917236 524.4472072999999 171 407 53 71 1109 190
373.8464268 1833.59649 134.9975775 526.987788 102 355 52 43 657 185
372.5213904 1828.784542 133.8943057 524.2616594 431 416 43 203 819 201
372.9672762 1825.209471 137.5109435 531.0470365 0 446 48 0 71 205
373.1869018 1820.528529 125.9821255 534.6146204 50 374 59 5 0 210
371.00629 1795.606103 91.54100812999999 531.246685 784 426 93 1297 0 175
368.867694 1790.417313 83.10434447 536.4516824999999 1132 568 148 630 0 158
367.6245685 1791.570924 81.72784817 524.8751109 1070 443 159 960 0 144
368.1702892 1794.18204 87.14784797 512.3391698 205 437 133 109 0 174
369.1875275 1813.009664 94.15312074000001 501.4948837 740 445 83 862 345 156
370.1230647 1825.22633 103.7776529 497.3077888 361 388 50 274 1263 170
373.1956159 1832.737737 118.0556549 499.6714836 118 386 49 19 1238 202
375.3631393 1835.225361 125.0950713 510.6933711 457 440 50 393 1362 147
374.2197908 1821.735636 123.9495754 515.5711123999999 273 388 47 173 1103 174
374.9206373 1829.870534 135.1641618 526.3352465 412 448 47 234 583 170
374.9575292 1830.71192 140.0145505 520.4109073 259 467 45 131 315 184
374.2574705 1808.663816 110.6683451 531.7851061 165 388 58 42 0 194
371.979331 1792.157387 103.3621534 533.3808277000001 398 349 88 381 0 181
371.7907666 1784.079198 85.01630493 536.0519379 996 599 156 753 7 134
371.8776016 1787.477972 86.20326683 526.4693229 1071 404 158 643 0 163
370.9580222 1798.516583 90.84008183 517.3004094 373 415 138 181 0 182
369.6845529 1814.193291 99.81315361 508.2402342 293 390 87 137 147 186
372.3742193 1829.416559 118.3366009 500.6421675 164 400 68 64 190 157
374.6244487 1835.597986 122.0494472 473.9664986 286 346 43 210 1702 183
375.6280132 1818.899158 114.7397398 484.6684968 286 424 58 173 876 132
375.1228486 1829.209309 136.4538865 514.8364789 359 413 54 134 446 141
376.0335694 1830.21114 138.230244 519.337547 113 445 51 48 225 147
376.8197812 1838.457078 143.2344175 521.3806002 111 503 60 19 0 146
375.3046201 1821.539776 129.8995038 519.3034652 80 388 62 8 0 150
374.4863582 1837.57682 115.1372245 523.3946008 197 330 92 55 0 164
372.9322895 1808.467055 109.7678134 541.4376798 1442 602 157 1473 0 130
369.6109032 1811.944188 111.5290301 523.6071282 1018 452 191 889 0 116
371.3632929 1826.090699 115.0466131 515.9941266 464 420 148 523 0 124
373.5149305 1838.844664 132.2829404 504.8925351 264 366 100 163 0 122
374.4751287 1840.877876 132.4188633 509.5863877 164 362 71 67 65 128
377.0671525 1881.128723 145.0278829 498.7519651 400 387 59 212 828 110
356.3180735 1766.346257 126.2190737 533.0078168 255 360 54 44 2240 196
356.6294741 1758.883245 145.6791347 535.6094655000001 132 418 55 31 1615 199
357.064613 1756.801064 140.4354548 540.3374788 133 475 58 29 839 188
357.847164 1756.674435 125.7298929 541.0627821 182 469 63 31 0 187
358.0997568 1761.914454 119.8726622 550.9839564 148 461 77 78 0 213
356.5044985 1746.705149 104.4537155 546.4635089 152 396 132 76 0 205
353.1921084 1740.564497 104.6712104 542.994734 1332 608 162 887 0 155
350.4878263 1740.039619 90.04098462 532.8866215 1033 590 157 637 0 161
350.822254 1761.213583 93.37090943 540.4148317 660 507 152 688 0 169
353.5676705 1774.715865 161.5810946 534.3828615 333 337 95 151 156 198
354.3590934 1772.108714 101.9356176 537.4639992 350 446 74 174 905 188
355.6863539 1775.47095 129.8906353 524.8762872 347 518 55 98 1832 178
356.8575407 1772.510125 139.4715739 543.7827827 459 570 61 133 1616 161
357.8911121 1771.578843 123.2686792 541.4429781 255 516 61 92 1047 174
358.9768836 1786.857538 168.6599483 544.3630061 142 510 57 24 1023 181
360.0709033 1773.068092 170.4455385 555.2822283 0 430 56 0 321 212
359.8378075 1777.604475 154.6958072 555.4899085 100 375 69 77 0 217
358.1736311 1762.771908 122.5721717 550.7096749999999 327 311 101 73 0 234
355.2050476 1749.643299 101.949025 561.416534 907 601 168 435 0 168
352.3029039 1727.884459 84.88789275000001 553.5311031 1054 527 164 882 0 164
351.1945457 1773.305861 104.7677389 531.8459437 721 494 138 628 0 172
353.7729473 1767.76465 116.8324877 528.347997 161 278 95 66 233 224
355.3595154 1794.554461 124.0958854 549.1380569 137 340 71 37 1577 200
357.9370302 1789.892765 134.5394985 530.2216148 606 599 59 283 1618 159
359.3909008 1805.277405 141.3254979 547.5145854 561 608 61 195 1687 146
359.3486781 1797.770595 160.8376728 540.3502655999999 253 520 60 74 1246 162
359.9565581 1796.210516 161.8877407 541.2589047 327 506 60 105 795 178
359.938698 1786.767317 157.7113559 542.3753423000001 150 420 61 15 69 207
360.0437427 1785.385679 161.2489382 541.0481529 208 539 75 162 0 187
357.3343305 1766.838592 114.0119001 531.4031136999999 266 269 106 68 0 232
356.7718344 1766.409656 113.7177774 544.4533115 838 398 155 358 0 198
353.314452 1751.51132 102.1473263 545.9004225 1046 472 168 374 0 192
351.7751762 1770.361777 98.15768174999999 542.9676952 215 313 137 65 0 207
354.7815333 1784.824783 114.3410548 523.7507776 273 279 96 99 111 219
355.7666744 1790.518287 123.3311742 513.2184852 122 312 61 17 1809 221
357.8392266 1789.302649 138.5031511 517.4001458 381 522 61 129 1412 153
357.8322224 1789.712013 128.9008099 526.9202194 590 641 71 218 1042 132
359.6895554 1799.348123 148.32378 531.4504701 213 514 60 50 1215 160
360.4969407 1801.398293 142.5436476 541.5483226 102 420 58 11 936 204
362.2225363 1801.431026 149.9301626 542.0081629 103 379 56 14 456 228
360.7411343 1789.147103 134.3514127 541.3917106 100 392 78 15 0 229
357.9328632 1784.244161 107.6543488 532.2852758 500 335 106 208 0 233
355.5556558 1770.517833 88.54636184 531.3456874 1039 559 150 430 0 165
353.8384978 1767.707837 98.32718566 522.2104023000001 1264 519 176 963 0 161
353.6877407 1764.013616 99.41387767000001 517.7421725 436 448 144 214 0 186
356.0870241 1772.598529 87.72219586999999 510.5117139 245 372 100 73 171 195
356.3843016 1790.048883 103.2297733 498.3938782 194 438 69 68 1195 193
358.9538817 1818.360626 143.0603817 503.662129 204 450 54 55 2033 197
359.8944397 1803.445044 141.623709 513.4707099 260 403 61 50 1766 200
359.9968571 1777.096406 125.5625922 521.5100097 153 447 58 47 1336 184
362.4766699 1801.68021 153.0047148 528.1459331 150 519 64 15 525 184
361.968412 1791.346124 141.5212842 522.2874164999999 40 437 62 4 50 192
361.7050941 1793.841225 139.5029587 531.3957713999999 152 433 80 46 0 207
359.7806897 1767.917866 102.8178799 525.3307751999999 404 425 125 213 0 204
358.370824 1776.525357 102.1719497 531.6360931 819 423 184 333 0 178
357.1814942 1757.86054 141.4461743 540.4029841 756 460 188 175 0 176
354.4770877 1769.54 119.498064 515.7364913 495 416 150 316 0 188
357.4301836 1817.357828 138.6342692 499.4776907 314 398 98 76 49 214
359.6890151 1795.48503 130.3401868 502.3914914 229 453 71 196 743 183
361.4462668 1810.96435 156.5284242 507.2623538 495 538 59 225 1455 166
363.7832223 1816.501946 136.0495464 505.2311458 438 539 62 126 1350 158
362.2962352 1803.599527 140.9962292 520.3301149 275 494 69 103 583 175
363.1894646 1815.974567 164.5899608 524.2802805 173 531 62 36 622 175
363.8197375 1806.270821 147.237139 524.1274753 103 460 57 11 276 192
363.8645468 1804.982062 132.9925738 533.7328791 100 443 77 17 0 225
361.798012 1770.463192 97.56642222000001 537.3831964 483 385 103 222 0 221
360.1315664 1780.926163 103.0429817 536.7947971999999 455 478 161 348 0 193
356.8113681 1784.506432 90.0396655 528.3025689 1079 524 179 833 0 163
356.3493816 1782.155267 82.73279147 523.337188 752 510 153 698 0 174
359.3643435 1796.832143 100.1103077 507.7770168 103 323 98 44 47 230
362.3412479 1813.65073 123.2111274 498.25564 140 433 78 41 726 211
361.2540071 1806.518354 107.7223665 506.8826217 180 475 56 32 1624 188
364.076691 1815.382262 141.3893634 525.2285304 112 426 56 12 1922 216
365.7110025 1812.991985 156.0340529 523.3800742 107 359 70 30 613 183
365.3284694 1815.574093 153.9084335 529.7372003 20 410 61 2 778 190
364.0276707 1785.653357 114.9736622 530.1023772999999 216 426 66 29 0 189
366.1564391 1793.378173 131.7593674 540.0239799 0 413 92 0 0 226
363.2459713 1775.749945 111.6924861 550.6424729 256 373 118 36 0 190
361.9701993 1779.674964 99.31671626000001 542.247805 1004 524 169 639 0 160
359.1769572 1777.063453 108.1892054 541.8505377 1086 522 170 930 0 163
357.9667602 1807.171222 114.933934 515.6752913 721 443 144 868 0 183
360.3522827 1813.846507 108.8456447 498.8703449 223 392 101 89 0 198
362.8842379 1806.829488 106.6775645 496.782415 204 407 71 66 909 184
363.443737 1812.511094 120.1619697 505.3598657 104 385 54 12 1858 208
364.7828623 1816.812924 131.2372094 520.2703856000001 262 463 61 67 1593 157
366.5451107 1810.509079 140.1726219 519.9609564 250 343 59 107 1416 179
366.7448719 1818.631751 150.3080819 529.6545463 172 401 61 19 732 201
368.3366232 1815.649905 141.2383656 533.9167114000001 108 462 54 22 215 189
366.596286 1804.613676 130.4260698 534.0600647 231 403 82 240 0 207
365.3566619 1795.494167 119.0627901 533.3551596 483 375 104 59 0 197
361.6807866 1789.178479 83.73505803 524.7306493 794 525 166 328 0 183
359.6126109 1773.725593 82.38746626 514.0127695 936 494 168 584 0 155
359.1588226 1792.139239 97.46901957 502.8714678 575 433 163 405 0 160
362.2879193 1807.721427 119.0091428 508.3532981 197 388 100 108 205 190
363.9100486 1811.774878 125.1930596 491.8863977 170 361 71 54 1030 182
366.204748 1826.37329 146.779345 497.3156181 384 450 54 118 2120 149
366.8434097 1812.045773 173.5378105 515.0875055 112 432 61 30 1526 196
367.7132678 1817.863365 152.14272 517.3821596 317 327 61 122 1360 160
369.0805033 1823.817513 161.8185032 525.7186513 220 381 60 45 987 181
369.5676412 1826.807146 168.1384158 528.287653 110 512 54 11 639 211
369.5563565 1818.667139 154.0591157 553.1933801 0 403 76 0 0 233
366.0453805 1818.317858 134.4617306 543.3949463 338 330 107 66 0 229
366.0337925 1805.932004 123.9945021 552.709879 998 705 177 792 0 169
362.8209395 1804.175761 114.0089401 544.3530584 731 486 179 318 0 160
363.5122392 1801.063381 99.70478442 534.7339109 440 434 158 222 0 174
365.7345845 1840.707206 160.1960281 524.219579 473 404 112 198 0 172
367.7369973 1833.885598 145.5784909 528.2077042 150 367 73 51 877 187
368.293353 1834.874718 144.3808079 520.7876077 267 344 55 30 1722 175
370.3662091 1833.127657 147.0203798 529.5476919 100 415 62 10 1512 194
371.2866887 1834.813138 156.2554078 533.3310063 0 363 60 0 1169 224
372.2839902 1835.241645 167.0676696 538.7576617 70 419 62 7 713 209
372.3061993 1826.264366 149.5355553 541.8424303 106 497 58 26 203 196
372.1785829 1834.657628 150.1999937 536.5270726 100 394 77 10 0 225
371.9815417 1807.188142 106.9953813 539.7385156 485 382 104 221 0 186
366.803481 1780.58901 85.1777215 534.4844568 1161 604 164 823 0 147
365.0830297 1788.241623 80.22033199000001 536.3785889 954 478 171 669 0 167
363.21975 1811.648576 97.71125455000001 507.8743935 563 512 153 422 0 170
366.0581011 1807.733446 99.38671854 507.4354647 200 524 97 38 198 209
369.5198783 1828.533699 101.7741532 506.5890173 0 366 70 0 1091 231
370.8303693 1829.720649 113.0084509 510.0219989 120 365 53 12 2149 179
371.8292529 1819.871556 101.2115861 524.3111433 30 379 58 3 1769 209
373.886296 1834.058758 135.5391416 526.7663932 40 322 61 4 1045 188
372.5174377 1828.822405 134.1752415 524.3866189 138 422 58 14 1053 196
372.9894949 1825.884653 137.8869708 530.9689376 0 468 61 0 14 217
373.1580741 1819.440559 126.0170042 534.6768888 0 410 77 0 0 237
370.9780787 1794.94071 91.25645785 531.3061451 838 504 109 504 0 178
368.951025 1789.054929 83.08347156000001 536.3152553 959 500 160 226 0 187
367.6294616 1790.377915 81.8504607 524.9038197 711 487 168 409 0 158
367.8584458 1791.655754 86.08340586 512.8832576999999 116 438 152 67 0 185
368.8982195 1812.924064 94.39988502999999 502.0476873 661 464 102 462 77 170
370.1409241 1825.748202 103.6215573 497.6201105 276 400 65 124 1587 177
372.9047956 1832.135675 118.1980206 499.9814378 165 368 55 31 2014 193
375.1161942 1836.114299 126.0072153 510.9606306 214 429 57 33 1976 159
374.2134985 1821.751108 123.2003656 515.7732244 136 412 59 33 1274 184
374.7878729 1830.184976 134.8617659 526.6354696 194 423 59 40 813 173
374.9748803 1830.93099 140.0702142 520.9376128 103 464 59 11 97 191
374.2547355 1809.144546 111.1594157 531.8762147 100 402 77 23 0 209
371.9602486 1792.111949 102.9363349 534.5309581 422 326 114 94 0 185
372.2061467 1783.067 85.238953 538.6125827 594 571 166 215 0 157
371.3880079 1785.853113 86.20580898 526.7721721 914 454 171 624 0 160
370.5972688 1797.409571 91.07681899000001 517.7670606 293 457 154 104 0 180
369.6390771 1813.075119 99.88195527000001 508.7589953 221 396 106 64 0 192
372.3913002 1830.401159 118.4180689 500.721822 163 400 79 67 537 167
374.5771857 1835.755139 121.3850735 481.3091532 149 406 54 29 2344 186
375.2531548 1818.113279 114.0625053 492.9971601 114 415 61 15 1450 162
375.1225904 1829.714358 136.8509473 514.7922238 318 392 62 107 1241 161
375.9177684 1829.43651 138.5329133 519.3935849 30 430 60 3 690 177
376.9717305 1840.651504 144.3269207 521.7158332 50 508 73 5 0 178
375.3075672 1821.849188 131.3599993 519.2582708 60 413 79 6 0 199
374.4628103 1840.671215 115.3553069 523.4594741 239 336 120 65 0 187
372.9115 1810.17551 111.5624485 540.9033171 976 589 167 552 0 150
369.6098202 1817.651106 113.7449375 524.0026218 877 472 184 556 0 153
371.304654 1827.169321 115.5661041 516.4712418 494 450 157 320 0 162
373.4741804 1839.322064 131.3212091 505.0224208 371 380 110 275 0 157
374.4535411 1841.342748 131.5605434 509.6237436 100 402 75 10 916 167
377.1282851 1891.830313 147.1961042 498.9058644 380 364 60 149 1576 142
356.2306496 1766.34819 126.2297296 533.2135699 318 413 59 41 1749 190
356.6627245 1759.511315 145.7803192 535.7181194999999 177 399 63 146 1231 206
357.0586907 1756.890033 140.5288366 540.3255227 258 518 72 182 451 169
357.8997287 1757.868678 125.077435 541.081592 265 525 87 197 0 173
358.1312822 1762.036585 120.3496051 551.6561604 184 496 115 109 0 191
356.5336897 1746.307602 104.3931751 546.4116316 125 443 168 91 0 186
353.3387543 1740.584801 105.4847573 543.5696656 936 592 174 1400 13 143
350.5188382 1740.314025 90.51558503 532.8338849 894 575 173 1152 31 149
350.8190501 1761.39995 93.56255129 540.6220626 505 575 175 1170 0 141
353.657024 1774.517753 160.3743141 535.7859153000001 410 370 112 365 276 178
354.4728459 1773.229685 101.7890268 538.3762939 404 464 87 246 543 174
355.6320648 1775.476516 127.9961027 524.8148772 221 504 61 82 1485 163
356.8242994 1772.797043 140.0175289 544.3697016 486 597 66 236 1356 132
357.90317 1772.203905 121.072103 541.4983316 128 514 67 58 829 168
358.9938977 1787.014982 169.0873748 544.4601824 104 508 75 45 298 179
360.0494452 1772.341275 170.4792018 555.6633824 145 465 78 54 282 202
359.7721104 1774.970744 153.9827241 557.0743839 219 434 113 300 0 200
358.058674 1760.462203 124.0415492 550.7441037 375 395 138 364 37 194
355.2138154 1748.467272 104.779412 561.7047315 924 593 173 1352 26 149
352.4410457 1727.541653 85.44622640999999 553.9351508 755 530 175 364 10 153
351.1947106 1773.310017 105.360052 532.072779 662 575 148 932 99 138
353.7659606 1766.949745 116.6778638 528.2569178 133 322 112 54 247 196
355.4081324 1793.763363 125.8402912 548.2189315000001 224 408 78 134 1077 171
357.9796093 1790.679274 133.7016639 530.1958173 556 631 66 519 1277 126
359.3755295 1804.562177 142.329655 548.0218562 523 657 61 362 1700 132
359.3514315 1798.150345 161.3031267 541.3067785 434 526 69 313 1063 154
359.9149765 1795.948199 162.1127349 541.5065952 194 513 73 107 445 184
359.9209919 1786.395492 157.8796564 542.5526756 258 471 81 99 299 195
359.9078641 1784.175733 158.8437911 541.2124127 512 597 102 681 300 162
357.3166539 1764.980344 113.2071156 532.7169095 420 370 141 189 35 192
356.8394533 1767.294801 116.2198788 543.6055009 529 460 172 349 1 176
353.4075156 1753.278787 106.7068143 545.5355847 627 483 179 487 0 172
351.7496122 1770.969298 99.79746883 542.284749 433 402 150 277 20 186
354.8396223 1787.174283 115.886681 523.5539295 204 304 114 98 129 196
355.7760918 1790.66342 123.5952339 513.5186948 194 375 71 81 1361 192
357.8242795 1789.395273 138.1673725 517.7487566 325 506 67 198 1287 145
357.7971257 1790.27978 129.0223249 527.2384194 489 618 71 277 866 125
359.6873754 1800.116672 149.211014 531.5937777 206 514 72 50 731 152
360.6052463 1801.919601 143.0018567 541.3243805 104 425 68 58 750 184
362.2993284 1801.733452 150.2174402 542.2634726 184 419 77 79 502 207
360.6157821 1789.422652 134.5547441 541.4832969 101 439 105 61 219 209
358.0049141 1786.642305 110.9772869 533.6181318 400 413 140 316 0 188
355.5508512 1772.478678 88.97855291 531.7152673000001 745 540 171 707 6 152
353.9922997 1767.09507 98.1141988 522.5965884 691 471 187 875 0 167
353.674391 1764.979327 99.63543434 518.7781217 379 497 156 171 52 168
356.0610984 1772.209369 87.84689336 517.9300651999999 288 382 114 75 360 184
356.2075224 1788.342819 101.5608915 498.782729 158 426 76 48 1120 186
358.8537585 1820.673931 147.1285533 503.8087955 171 454 62 184 1430 176
359.7483096 1802.67628 142.2945044 513.5493731 292 455 61 129 1643 176
359.8842498 1776.672271 126.0017512 521.9037591 105 433 63 20 1164 186
362.4677409 1801.578168 152.9038475 528.7614932 60 531 76 6 454 176
361.970156 1792.474958 143.6732007 522.8013156 100 442 83 10 309 201
361.6870174 1793.591722 141.4198831 531.629665 385 522 115 494 0 177
359.7607874 1767.929136 103.3569689 527.6699381 250 438 154 279 0 195
358.381851 1774.889691 102.9702325 534.6744228 409 435 185 371 0 176
357.1983993 1759.926591 141.5318663 540.1213911999999 477 468 196 50 0 174
354.0811029 1771.428328 121.6589259 516.7194564 378 459 157 159 0 176
357.1881929 1819.610692 141.2272741 499.4546394 282 432 119 126 0 182
359.709316 1796.892015 130.7826606 502.5029089 234 476 86 160 455 176
361.1168075 1811.910193 162.0441493 507.4748998 362 516 72 253 1078 155
363.8580033 1818.293608 138.7232433 507.0578849 391 560 68 144 1140 144
362.3161575 1804.620629 144.2756663 520.4401987 244 495 76 109 375 174
363.2136781 1816.574824 165.5756468 524.8837714 167 534 77 117 364 166
363.8180062 1806.882972 147.5602123 524.8331361 50 477 81 5 285 191
363.8358371 1804.591178 133.1320414 533.9896504 124 504 115 69 0 197
361.7687719 1770.246341 99.44449284 537.826161 565 439 138 275 68 188
360.1917243 1780.904953 104.1506393 538.1811089 269 474 172 130 2 182
356.825239 1783.491462 91.25731885 528.6103839 564 543 195 424 0 155
356.3554781 1782.580913 83.40939037 523.0168093 680 555 165 908 0 150
359.4713113 1796.594807 101.3931886 508.2351547 115 357 110 34 177 204
362.411272 1818.256947 125.9520727 498.2253702 130 491 90 28 314 185
361.1309502 1808.504225 110.0120575 506.9448488 185 519 65 120 1213 161
364.0588464 1816.895 143.8531115 527.1550092 200 448 61 29 1564 194
365.2935813 1813.877826 158.9586149 523.4920646 113 383 80 14 480 177
365.3797664 1816.65151 156.0132104 530.5776102999999 104 413 66 12 915 199
364.1992464 1790.237899 119.4518146 530.425538 341 498 84 83 233 192
366.1323869 1794.390238 133.9108114 540.1145256999999 20 463 126 2 0 219
363.3043007 1777.062041 111.7744263 550.0761666 537 403 156 530 0 173
361.9691811 1782.453133 100.7967235 541.5488908 567 455 183 500 0 153
359.1855659 1779.88988 111.6474552 542.5357614 830 521 188 498 0 151
357.9779945 1808.660264 115.9210408 516.1457594 522 486 161 638 43 157
360.4931584 1813.59217 108.4109787 499.5152847 30 410 116 3 187 187
362.8178821 1807.81963 107.6031389 497.2022439 177 431 83 116 697 183
363.3377928 1812.434959 120.1178198 505.7279996 0 388 63 0 1517 193
364.7268893 1817.244047 131.4741828 520.6387562 187 488 65 40 1299 143
366.5815855 1811.523739 142.8698231 520.368464 433 418 67 261 1132 152
366.7802942 1819.271421 151.3946549 530.0965553 182 447 73 39 550 187
368.243953 1817.461659 143.5844314 533.7026785 263 544 80 144 384 172
366.5703309 1805.36959 130.4207248 534.3256974 403 486 119 367 0 183
365.3029356 1795.379355 122.1182558 533.5922767 467 425 139 89 18 178
361.7232598 1791.401966 85.99935348 524.9171721 458 500 173 167 5 175
359.7771627 1775.821815 83.95800450999999 514.1786403 725 459 179 608 0 155
359.1221875 1792.104565 97.33305025 503.1960603 394 476 185 228 0 155
362.3042717 1812.818409 123.7069565 508.2092412 456 410 116 62 144 173
363.9647952 1812.686371 125.6174676 492.1452734 231 406 78 83 821 168
366.2123517 1827.896166 149.4021911 497.6368516 566 463 58 332 1810 141
366.8656632 1812.574942 176.2760741 515.2487676 100 454 66 17 1270 183
367.7242416 1818.361513 152.4169973 517.6918325 187 364 71 62 831 160
369.1022359 1825.702052 163.0920134 525.8747726 171 384 67 66 854 185
369.5982679 1825.835372 167.2852136 528.9308487 118 483 71 13 686 205
369.5393588 1819.705524 156.2972236 555.0539006 101 435 115 17 0 212
366.2601689 1820.026749 137.5766485 544.1654033 198 372 149 66 0 208
366.0173658 1809.461703 128.8612537 553.5887864 534 661 196 450 0 167
362.8751589 1805.764932 114.5750052 544.4648251 556 494 184 228 0 149
363.4996926 1803.394145 102.2737478 534.7244834000001 332 477 184 93 0 160
365.7847621 1842.499165 161.3729654 523.9694407 552 465 132 448 0 157
367.7368527 1834.164696 145.669218 528.2796076 128 402 88 154 303 164
368.0761879 1834.887188 143.2804378 520.9470396 237 345 62 130 1413 154
370.3470353 1834.650388 148.5761653 529.8832425000001 165 433 67 23 1225 192
371.2955113 1835.708513 156.9609856 533.4894834 0 398 70 0 750 219
372.1127717 1835.461695 166.3912515 538.8605998 225 463 72 89 512 193
372.241535 1825.843858 149.3491676 541.715939 20 518 83 2 16 200
372.1184082 1834.458331 150.3629863 536.7907038 138 429 110 34 0 194
371.7964333 1809.693251 108.9182171 539.6726644 488 409 144 916 0 163
366.7945793 1780.002056 84.59067802 534.4290215 731 547 180 608 0 147
365.0650267 1790.693111 79.98933814999999 536.3760935 587 460 186 389 0 162
363.2207542 1810.368015 94.69541809 508.372731 417 660 167 299 0 160
366.0575291 1807.645154 98.54666288 507.3636678 30 556 112 3 209 180
369.2924365 1827.621839 101.9291106 506.6500783 0 394 82 0 608 205
370.8438849 1829.660975 110.7580758 510.1183479 137 369 60 14 1711 159
371.5184903 1820.246698 101.2321414 524.1747033 0 399 66 0 1179 189
373.9413695 1834.756907 136.5498517 526.5462734 0 343 76 0 472 183
372.5127593 1828.864893 134.5530633 524.5303783000001 60 463 72 6 478 196
373.0149148 1826.643561 138.3709149 530.8908764 149 515 86 15 77 208
373.1299529 1818.59661 126.3473388 534.7650616 20 439 124 2 0 215
370.9540348 1794.402095 91.04946907 531.3683708 808 546 145 823 0 155
369.0234994 1787.753058 83.14163099 536.1711908 549 441 179 358 2 185
367.6339169 1789.411891 81.86347189999999 524.9260703 386 504 178 179 0 158
367.5980557 1789.416849 85.16819973 513.4425498000001 180 480 159 63 0 164
368.65067 1812.887151 94.62123318 502.6261887 533 495 125 411 15 140
370.1578687 1826.273636 103.7138552 497.9649804 301 432 75 178 1125 145
372.6288726 1831.713401 118.6982577 500.3501211 212 378 64 72 1665 150
374.8788917 1837.026337 127.1342831 511.2571644 272 445 60 82 1465 151
374.2061888 1821.784434 122.6827131 515.9987958 239 439 66 79 856 169
374.6756825 1830.597631 134.7078996 526.9440658 211 425 71 99 632 174
374.9940286 1831.233819 140.3471355 521.5189487 100 518 86 10 39 187
374.2565744 1809.747057 111.8718079 531.9730631 138 429 115 46 0 186
371.9411662 1792.087461 102.5018318 535.674258 331 343 150 178 0 157
372.5990183 1782.157415 85.28120045 540.8475907 341 514 186 131 0 154
370.9440109 1784.285081 86.10031358000001 527.0763198 790 487 185 679 0 146
370.3083504 1796.455101 91.31355549 518.2121172 277 500 171 138 0 150
369.5916929 1812.045127 99.93564794 509.2816189 100 428 124 17 10 172
372.4083812 1831.788756 118.8351668 500.8211985 294 415 95 175 154 150
374.5231406 1835.87372 120.7369001 488.3674219 106 452 58 22 1837 163
374.9207214 1817.523863 113.7628175 500.8598742 100 443 65 10 1268 157
375.1215039 1830.217949 137.2984786 514.7479706 361 421 66 194 1157 158
375.8228997 1828.710798 139.0138713 519.4677488 104 437 70 25 643 180
377.1258463 1842.849253 145.5054009 522.0979919 102 538 97 13 0 177
375.3106276 1822.100047 132.7854843 519.2130751 70 428 113 7 0 182
374.4392621 1843.67141 115.4551087 523.524438 236 357 159 171 0 161
372.8882734 1811.895421 113.072388 540.2096884 576 540 183 480 0 143
369.606261 1823.067773 115.6213978 524.3493402 580 464 197 408 0 148
371.2339806 1828.010774 115.9095738 516.95755 347 488 171 184 0 148
373.4177094 1839.598813 130.3642136 505.203515 492 404 131 462 0 137
374.4283536 1841.675536 130.8940239 509.6749143 150 434 80 102 775 160
377.1732693 1902.24234 149.4972817 499.0966639 399 399 66 275 1415 139
356.1497909 1766.366175 126.2403863 533.4173507 300 481 67 30 1278 176
356.698758 1760.263585 145.881505 535.8271079 488 472 80 170 733 175
357.0749368 1757.35665 140.6222202 540.3135665999999 533 585 93 265 152 156
357.9609638 1759.217149 124.4525874 541.1004023 492 605 120 476 0 148
358.1634763 1762.238376 120.8211817 552.2914848 356 568 160 200 0 156
356.5614978 1745.998473 104.3354549 546.3519796 147 468 217 30 0 155
353.4821127 1740.595151 106.2506437 544.1169743 695 555 201 618 18 126
350.5492375 1740.596772 90.98694763 532.7800599 708 530 205 1286 24 135
350.8131924 1761.587755 93.78552215000001 540.82604 715 566 189 1043 0 119
353.7493738 1774.381529 159.0959944 537.1244392999999 529 382 136 403 180 153
354.5943593 1774.491777 101.7456719 539.2638607 458 502 100 159 112 141
355.6021745 1775.545065 126.1453604 524.7534667 276 486 68 88 1382 147
356.7920925 1773.195826 140.5431043 544.9238481 673 650 71 372 1179 112
357.9177495 1772.985844 118.9680214 541.5536835 249 530 80 54 662 152
359.0117895 1787.183572 169.512229 544.5583458 104 532 92 91 41 164
360.0252925 1771.794414 170.5219812 556.0341648 377 541 111 680 47 178
359.7245688 1772.697469 153.240577 558.5640253 572 524 167 266 0 168
357.9590761 1758.301096 125.4164177 550.7677648 578 461 189 982 1 153
355.2431463 1747.21211 107.35612 561.9303058 770 546 195 785 20 134
352.5607458 1727.354664 86.00996910000001 554.3636701 527 496 210 776 20 149
351.1856711 1773.452078 105.965483 532.2767004 740 584 172 1304 39 114
353.759202 1766.3803 116.5318484 528.1609945 245 388 134 29 141 161
355.4758336 1793.227417 127.6288867 547.1120647 382 464 85 134 803 143
358.0170849 1791.585132 132.9061787 530.1700186 1027 686 79 481 811 117
359.3631307 1804.069227 143.5008036 548.3911890000001 688 689 73 415 1343 115
359.3593122 1798.629952 161.8663618 542.1190464 823 591 85 677 490 133
359.8850773 1795.761589 162.4796863 541.8125391 168 530 93 198 138 165
359.9067788 1786.165709 158.1436359 542.7451611 267 573 113 291 106 160
359.803465 1783.236418 156.5001281 541.4658107 976 625 148 1184 95 135
357.3063189 1763.136716 112.327838 534.1458602 530 468 189 937 38 153
356.8797712 1768.686742 118.8320509 542.8101818 525 438 202 616 0 153
353.479188 1755.630876 111.2152637 545.1452479 599 479 204 835 17 149
351.7220145 1771.618804 101.5444478 541.4911986 353 449 183 617 17 153
354.8989111 1789.949221 117.5259652 523.297328 100 328 138 37 33 171
355.7857451 1790.847902 123.7748159 513.8239824 365 431 85 147 959 155
357.8095637 1790.046747 138.1184482 518.1035811 525 564 76 144 896 138
357.7855189 1790.888249 129.1500667 527.5583135000001 556 633 72 215 1032 128
359.684828 1800.89248 150.2109874 531.7355363 416 552 79 52 676 145
360.7207487 1802.68779 143.456326 541.2414299 159 493 86 70 432 168
362.37472 1802.027354 150.5019946 542.5173187 339 468 108 149 170 176
360.497049 1789.697696 134.756128 541.5749958 327 491 150 365 114 168
358.0444638 1789.945506 114.7888771 534.8553564 535 495 189 83 0 147
355.5487709 1774.638136 89.40419718 532.0762459 590 507 213 1127 0 143
354.1381579 1766.546777 98.27800736 522.9799668000001 671 455 216 221 0 153
353.658358 1766.47854 99.8569893 519.819759 368 504 181 231 33 141
356.0128347 1772.268641 88.45564856 524.3785458999999 265 394 134 183 185 157
356.0688826 1787.026153 100.0843089 499.195435 80 453 81 8 953 157
358.7482353 1823.317966 151.7429395 503.965529 315 503 81 209 1109 148
359.6244916 1802.341754 143.8805745 513.6280419 582 519 68 185 1368 161
359.7951574 1776.447232 126.7598285 522.3098670000001 150 478 73 15 956 166
362.4587211 1801.514924 153.0127283 529.405892 322 563 94 129 139 158
361.9719677 1793.754872 146.0897793 523.4070782 204 488 110 241 152 185
361.6691763 1793.402366 143.7348022 531.8884349 476 609 161 488 0 143
359.7406935 1767.977134 104.3748962 530.0168638 263 402 205 79 0 158
358.3862503 1773.475534 103.616615 537.6418546 294 418 211 318 0 164
357.1876922 1762.547004 142.1365273 539.7871550999999 435 453 219 70 0 144
353.7522343 1774.024739 124.3602701 517.6803457 482 461 183 613 35 144
356.9543876 1822.223956 144.3690495 499.4989673 362 496 145 197 0 132
359.7296171 1798.820922 131.2115675 502.6471173 90 495 100 9 53 144
360.8089878 1813.669824 168.6160217 507.7138689 599 580 81 121 665 139
363.9545728 1820.398582 142.101751 508.9437719 476 557 73 190 1035 147
362.3372734 1805.713794 148.3251996 520.5610943 337 494 90 161 254 159
363.2424847 1817.504118 166.6820185 525.5497002 252 575 94 80 323 164
363.818809 1807.574713 147.9246757 525.6107889 126 512 110 98 208 172
363.8086035 1804.322713 133.2647109 534.2681729 513 559 158 481 0 146
361.738398 1770.186982 101.4654739 538.2874121999999 441 475 189 379 41 146
360.2408785 1780.862817 105.2010853 539.6657242 232 449 204 329 0 156
356.8383164 1782.805426 92.71944012 528.9069255000001 403 525 208 227 0 135
356.3628756 1783.092632 84.21392535 522.5827271000001 571 555 191 581 0 129
359.5809893 1796.592444 102.7433182 508.6967559 184 392 132 89 34 164
362.4839684 1823.069954 128.9769546 498.2450756 80 511 95 8 277 145
361.0312548 1811.176556 113.1849737 507.0270627 341 548 72 88 833 137
364.0459633 1818.853464 146.7636788 528.9461707 198 482 64 31 1520 178
364.902483 1814.947716 162.3264501 523.6070077000001 100 513 80 65 462 164
365.4290171 1817.952926 158.1610598 531.3919476999999 149 459 75 22 854 186
364.3876317 1795.198487 124.3035314 530.7910535 393 543 110 285 208 164
366.1089205 1795.812207 136.3235297 540.2145117 181 508 182 67 0 177
363.3847216 1778.741667 112.1662927 549.4016126 540 472 202 612 0 144
361.9692116 1785.546171 102.238861 540.9761869 218 462 217 74 0 138
359.1937466 1783.690351 115.6031386 543.1054406 717 534 214 771 0 114
357.9889996 1810.706093 116.8954223 516.6417518 519 522 179 312 19 118
360.6254986 1813.685681 108.2941579 500.2109025 242 461 134 88 99 145
362.764844 1808.895745 109.1789861 497.6444828 489 467 98 284 411 144
363.2410442 1813.005543 120.6123886 506.0928039 0 421 72 0 1042 140
364.674208 1817.873096 131.7066136 521.048682 280 538 68 28 1398 126
366.6117846 1812.579207 145.8984206 520.7946212000001 704 518 80 459 810 112
366.8284887 1820.512406 152.8990055 530.5718147 290 542 92 66 137 155
368.160678 1819.26182 146.0209061 533.6097046 613 604 99 621 291 148
366.5556902 1806.487334 130.5113847 534.6327413 447 525 152 231 62 140
365.2704823 1795.573596 125.3063855 533.8284613 643 488 186 530 40 143
361.7722676 1793.994545 88.54852377 525.1063098 362 488 203 204 0 146
359.9199151 1778.793174 85.96566405 514.3693704999999 606 437 212 571 0 147
359.0817839 1792.495907 97.23089117000001 503.5302288 383 514 203 195 0 135
362.3089561 1818.728265 129.0081391 507.7481737 528 470 138 274 44 135
364.0248116 1813.665058 126.0517101 492.4508116 323 490 90 107 678 142
366.2151825 1829.491322 152.3820647 497.992052 848 513 70 377 1530 133
366.8876828 1813.126631 179.2803508 515.4192436 197 485 74 50 1090 164
367.7353928 1818.892321 152.6914935 518.0228569 311 412 81 107 597 140
369.1241622 1827.780344 164.868619 526.0338718 354 463 83 97 488 163
369.6214184 1825.111874 166.566746 529.6193392 20 536 105 2 284 182
369.5228966 1821.230253 159.1144706 556.7109619 50 493 174 5 0 177
366.4548003 1822.473246 141.2890634 544.9660626 169 483 210 25 0 166
365.9983904 1813.625656 133.6797204 554.395147 281 620 223 133 0 151
362.9290077 1807.646438 115.4942813 544.741525 508 492 208 248 0 133
363.4852586 1805.992447 105.1419482 534.6839351 283 531 210 222 0 137
365.8363139 1844.617744 162.6507828 523.7474874 601 536 148 329 0 130
367.7369144 1834.491844 145.7896312 528.3705863 266 486 106 107 0 129
367.8895518 1835.1509 142.7059359 521.119867 525 399 72 142 1279 136
370.3288225 1836.264968 150.2743458 530.2526483 233 465 76 50 1157 165
371.302454 1836.631356 157.6874256 533.6536632 20 438 88 2 317 172
371.9557349 1836.172635 166.508429 538.9772515 478 498 91 211 120 154
372.1781602 1825.861763 149.781304 541.6131939000001 234 572 114 40 3 161
372.0571747 1834.245926 150.5790429 537.0851136 368 506 163 83 0 158
371.6150105 1812.79561 111.1712219 539.6102697 719 512 190 941 0 135
366.7858668 1779.32419 83.97088039 534.3993498999999 547 521 205 237 0 138
365.0453891 1793.348995 79.89473486 536.3489395 289 446 220 100 0 150
363.2239512 1809.218478 92.22841902 508.9101291 370 589 184 244 6 140
366.0559793 1807.636235 97.81901679000001 507.2984128 250 576 129 57 190 166
369.0962043 1827.098423 102.5754161 506.7121011 20 428 96 2 386 171
370.8575075 1829.609705 109.0546186 510.2346793 260 436 68 26 1409 148
371.2888505 1820.997139 102.0202308 524.0378681 462 499 74 140 1021 164
374.0204851 1835.743385 138.0532208 526.3289645999999 20 431 96 2 133 163
372.5074956 1828.913035 135.0359462 524.6908696 279 467 93 100 0 174
373.0431587 1827.4731 138.9582375 530.8127763 156 595 121 64 0 169
373.102652 1818.014695 126.9607409 534.8756642 359 513 184 166 0 169
370.9342489 1793.993047 90.93223018 531.4335869 713 552 200 866 0 133
369.084214 1786.54358 83.26272742 536.0212296 180 443 214 110 0 164
367.6335011 1788.59971 81.80962069 524.9432983 165 473 211 71 0 148
367.3777457 1787.538559 84.44906692000001 514.0138534 221 500 188 80 16 159
368.4403549 1812.902596 94.80312538 503.2271717 657 571 152 686 0 120
370.1740224 1826.799939 104.0928033 498.3399139 456 529 88 188 801 113
372.3829982 1831.56686 119.605521 500.772021 436 448 68 108 1512 118
374.6638472 1837.955814 128.4781369 511.5794912 531 534 66 233 1291 138
374.198279 1821.837485 122.4035223 516.2454897 510 493 81 290 595 131
374.5864477 1831.104772 134.7046813 527.2585723 411 534 85 217 426 142
375.014746 1831.630682 140.8665687 522.1472244 100 603 123 56 0 163
374.2628508 1810.468574 112.8105801 532.0749527 382 504 167 224 0 160
371.9220839 1792.08797 102.0802505 536.7992169 224 443 199 102 0 150
372.9382403 1781.3675 85.14760421 542.6619684 154 498 223 32 0 150
370.5461432 1782.798975 85.88368622 527.3822517999999 729 479 217 844 0 135
370.0721397 1795.651076 91.55029154 518.6388426 415 517 193 283 0 122
369.5431582 1811.119666 99.97540720000001 509.8071029 155 490 135 32 12 158
372.4254624 1833.479675 119.4899375 500.9396519 540 484 109 292 0 123
374.4635971 1835.954844 120.1176205 494.8670039 250 443 72 25 1288 130
374.6378174 1817.160776 113.8704483 507.8951277 175 505 74 26 1003 141
375.119729 1830.717805 137.8001613 514.7037192 477 496 72 232 1144 140
375.7514122 1828.055877 139.646706 519.5580504 331 495 82 142 576 163
377.2671485 1844.827993 146.584287 522.5225111 254 589 130 111 0 144
375.3138517 1822.27583 134.0019341 519.1678779 274 506 170 37 0 148
374.4157136 1846.196983 115.4252092 523.5892296 238 477 210 106 0 132
372.8627063 1813.331777 114.159639 539.3942945 555 533 217 303 0 125
369.6004966 1827.742619 117.0358577 524.6502788 365 457 238 140 0 133
371.1517896 1828.403987 115.9183928 517.4518430000001 459 543 191 169 0 126
373.3449481 1839.605694 129.316323 505.434339 659 505 149 867 0 104
374.399878 1841.836146 130.320639 509.7393287 414 493 91 207 591 133
377.1974239 1911.513504 151.7747538 499.3216202 723 418 75 223 1148 123
356.0772754 1766.401438 126.2510436 533.6188501 590 525 77 256 837 159
356.7372417 1761.131608 145.982692 535.9364076000001 859 540 88 566 495 155
357.1117058 1758.200268 140.7156057 540.3016103 801 672 106 472 0 122
358.0300327 1760.704192 123.8562298 541.1192129 818 674 142 955 73 126
358.1955489 1762.515359 121.2818148 552.8904556 723 636 184 637 9 130
356.5874321 1745.778039 104.2814496 546.2851845 460 486 249 81 0 147
353.6200481 1740.597565 106.9700278 544.6363328 860 527 215 1122 53 120
350.5787622 1740.887042 91.45438796000001 532.7251921 598 480 215 1149 52 137
350.8046732 1761.776648 94.03534007 541.0266114 1050 580 204 1410 0 113
353.8425623 1774.313329 157.7740176 538.3955378000001 512 394 144 399 239 147
354.7222159 1775.865482 101.807546 540.1258096 617 545 106 414 22 135
355.5969195 1775.672775 124.3489183 524.6920557 378 524 69 114 1464 159
356.7619597 1773.70446 141.0564892 545.4424225 1021 662 71 701 1274 119
357.9345804 1773.906996 116.957245 541.6090336 354 545 85 223 597 154
359.0304953 1787.36431 169.9395193 544.657433 317 527 102 161 99 155
359.9994609 1771.445482 170.5848522 556.3934786 685 599 133 467 37 149
359.695521 1770.831194 152.4824899 559.9440145 726 611 203 665 0 131
357.8758127 1756.310752 126.6701632 550.780757 824 514 213 1458 24 129
355.2929282 1745.891433 109.6223365 562.0957062 570 507 224 398 69 139
352.6600385 1727.335004 86.57660564 554.8108021 709 477 225 979 17 134
351.1669429 1773.726506 106.5911906 532.4563302 962 595 191 1381 64 109
353.7527003 1766.075524 116.3975894 528.0600472 569 424 148 635 107 139
355.5605536 1792.948245 129.4525533 545.8269878 426 533 90 91 911 130
358.0471361 1792.585532 132.1665591 530.1442184 1406 744 88 1334 498 100
359.3538618 1803.817001 144.8274262 548.612811 1026 728 72 679 1077 103
359.3725237 1799.21102 162.5283908 542.7779145 986 605 91 1063 264 126
359.8681048 1795.668778 162.9892111 542.1720976 515 575 101 261 99 138
359.895778 1786.072805 158.5020634 542.9515497 750 642 133 705 166 130
359.7314068 1782.586073 154.2510242 541.8069633 1108 659 174 1041 232 108
357.3033455 1761.317871 111.3824482 535.6749227 667 525 217 1208 43 128
356.8898921 1770.520916 121.454396 542.0918008 626 523 228 859 1 132
353.5284063 1758.483114 115.5289898 544.7489131999999 398 493 213 472 91 130
351.6924981 1772.306806 103.3519472 540.5919734 421 493 203 632 45 133
354.9572933 1793.08076 119.2336835 522.9879314 140 372 146 62 75 156
355.7956489 1791.068745 123.8628346 514.133999 524 520 96 528 759 131
357.7951468 1791.220135 138.3562974 518.4638668 724 660 82 321 576 120
357.7978516 1791.531023 129.2847042 527.8794229 713 635 70 310 1166 119
359.681976 1801.668097 151.3125446 531.8753533 661 608 78 372 669 131
360.8389712 1803.681446 143.9067764 541.2987151999999 589 568 95 276 417 146
362.4473568 1802.312155 150.783697 542.7689771 546 544 123 358 321 157
360.3854953 1789.971408 134.9551664 541.6667662999999 732 555 174 606 278 144
358.0504092 1794.046715 118.9666568 535.9805548 681 584 221 707 0 124
355.5489153 1776.967076 89.82272532 532.4258485 216 492 225 280 0 138
354.2756543 1766.060013 98.82897935 523.3593573000001 364 469 237 360 0 145
353.6400271 1768.481993 100.0785424 520.8606575 738 471 195 862 122 136
355.9457932 1772.753304 89.50973011000001 529.500379 548 453 144 607 178 149
355.9727126 1786.156689 98.81375185 499.6275963 274 499 87 35 947 141
358.6466315 1826.226866 156.7449423 504.1313197 527 603 82 226 723 138
359.5234081 1802.44494 146.2551114 513.7067157 820 575 70 400 1195 146
359.7316153 1776.448116 127.8437845 522.7259762 447 547 75 315 976 153
362.4497012 1801.491679 153.325782 530.069753 456 581 100 265 237 154
361.9737825 1795.155055 148.6968409 524.0936094 468 558 127 260 216 158
361.6515091 1793.267634 146.3876744 532.1696470000001 723 671 188 1361 13 121
359.7204133 1768.062687 105.8734677 532.3033855 341 480 228 310 0 148
358.38425 1772.302668 104.1271026 540.5088727 469 426 226 407 0 149
357.149668 1765.67862 143.3445591 539.4112801 429 472 222 370 0 144
353.4965832 1777.29704 127.52767 518.5960672 672 479 201 658 114 142
356.7353493 1825.099099 147.9862842 499.6070503 592 550 156 579 0 119
359.7499182 1801.243466 131.6267083 502.8218362 619 578 117 495 0 120
360.5384563 1816.242933 176.1564639 507.9766438 949 660 89 521 470 117
364.0733612 1822.794026 146.1273441 510.8403414 691 567 66 243 919 137
362.3594485 1806.864553 153.0192937 520.6915221 522 537 89 266 458 148
363.2754272 1818.752534 167.8748331 526.2646254 396 637 102 139 281 116
363.8217771 1808.328557 148.3124834 526.4496786 413 549 133 229 224 152
363.7826247 1804.165215 133.3880636 534.5651634 990 629 192 1061 0 135
361.706828 1770.270853 103.570666 538.7621071999999 487 526 211 704 163 135
360.2764594 1780.799961 106.1827555 541.2195652 490 469 223 340 0 142
356.8505715 1782.460635 94.4056082 529.1901688 692 533 237 399 0 130
356.3713721 1783.641196 85.16296251999999 522.083859 738 551 206 828 0 121
359.6874901 1796.828716 104.1309936 509.1600212 237 391 139 104 123 151
362.5597714 1827.998107 132.2629262 498.3113675 193 540 100 56 415 136
360.9658056 1814.525717 117.1594629 507.1287012 359 612 79 109 738 136
364.0410599 1821.226188 150.0428226 530.5215785 382 562 60 45 1754 196
364.5560272 1816.192693 166.0592304 523.724647 163 563 80 60 745 177
365.4759339 1819.438141 160.3003547 532.1568999 227 510 82 88 895 169
364.586445 1800.485284 129.5077275 531.1928566 586 617 124 471 337 169
366.0859232 1797.611342 138.9463991 540.3220977 435 595 218 136 0 137
363.4802384 1780.744969 112.8569059 548.671618 560 522 235 606 0 140
361.9702465 1788.808697 103.6287489 540.5752562 293 475 236 140 0 135
359.2013867 1788.307854 119.9951574 543.5919692 879 545 234 879 0 124
357.9997281 1813.225933 117.823234 517.1675901999999 759 564 206 777 23 120
360.7442758 1814.115738 108.5447065 500.9503038 359 480 147 148 122 134
362.7287581 1810.043535 111.4096507 498.1065439 630 504 105 498 223 128
363.1560917 1814.18737 121.6215677 506.4505581 226 472 74 127 1055 165
364.6322771 1818.726946 131.9335439 521.4782992 360 575 67 76 1453 138
366.6361651 1813.664066 149.1959515 521.2356748 953 563 84 707 650 119
366.8876183 1822.303126 154.7844142 531.0698366 503 604 100 272 0 140
368.0894721 1821.189302 148.5319585 533.6217455 887 677 113 1030 359 116
366.5517616 1807.915985 130.6904755 534.9792705999999 585 618 171 501 209 125
365.2555003 1796.037782 128.5806909 534.062952 732 538 211 1361 87 126
361.8272354 1796.848818 91.3106329 525.2984003 250 488 232 220 0 137
360.0483462 1782.559068 88.3735561 514.5863378 586 448 233 497 0 141
359.0379422 1793.245957 97.14638878 503.8741852 396 549 215 321 0 142
362.3028971 1825.351697 134.8311994 506.9806939 637 492 151 659 51 136
364.0907657 1814.696105 126.4938729 492.8010092 428 538 95 212 677 136
366.21391 1831.121536 155.5999706 498.3782471 1028 575 68 687 1536 155
366.9093681 1813.695748 182.4778142 515.598739 648 566 78 346 881 164
367.7467108 1819.449175 152.964358 518.3719823 678 448 85 416 606 148
369.1461712 1830.020728 167.1088942 526.1959243 770 525 94 420 427 139
369.6350954 1824.665727 165.9790949 530.3404644 105 611 119 17 329 167
369.497766 1823.201177 162.4691341 558.1291231 191 569 205 28 0 164
366.6217619 1825.621535 145.5356877 545.7885539 312 533 235 139 0 149
365.9769833 1818.311519 138.3307037 555.1382728999999 249 571 250 114 0 146
362.9811636 1809.77419 116.6778453 545.1841603 481 515 235 889 0 131
363.4696696 1808.818321 108.2762408 534.6182017 409 577 218 291 0 128
365.8903497 1847.038268 164.0056862 523.5547955 813 553 162 1239 0 108
367.7372446 1834.859088 145.9334171 528.4791349 459 535 116 247 0 117
367.7428382 1835.652891 142.6554952 521.3050448 626 467 72 206 1162 136
370.3120326 1837.95135 152.0735091 530.6485981 521 543 74 154 980 179
371.3078202 1837.5711 158.4227045 533.8223178 100 483 96 10 101 171
371.8154426 1837.354641 167.4204909 539.1045066 877 557 102 617 89 129
372.1164169 1826.319547 150.8053727 541.5307714 363 646 137 185 0 136
371.9951198 1834.007629 150.8205599 537.4065288 475 592 187 336 0 126
371.4371537 1816.448662 113.75147 539.5515965 721 583 220 955 0 117
366.7772846 1778.642058 83.34960586 534.3949244 496 503 225 223 19 135
365.0242649 1796.061693 79.91386553 536.3130537 242 456 245 224 0 149
363.229247 1808.198739 90.31326026000001 509.4818948 384 548 193 195 44 148
366.0536451 1807.707136 97.22504403000001 507.2399398 377 509 137 207 282 161
368.9360198 1827.008124 103.6970029 506.7769792 30 477 105 3 184 164
370.8712721 1829.568412 107.9484061 510.369905 432 509 68 57 1288 167
371.1363141 1822.128252 103.5609823 523.9006194999999 488 596 80 270 958 163
374.1277899 1837.037763 140.0268811 526.115634 454 489 99 200 4 159
372.5017921 1828.967452 135.6277581 524.8657619000001 478 524 112 248 0 152
373.073753 1828.355911 139.6343319 530.7345223999999 332 670 141 181 0 143
373.0762031 1817.695619 127.8204356 535.0051216000001 745 625 216 630 0 135
370.9185768 1793.713229 90.91952427 531.5019015 803 608 230 1380 0 108
369.1327236 1785.450014 83.42028750999999 535.8670534 257 447 225 52 0 147
367.6240129 1787.871755 81.72013868000001 524.9571181 121 479 235 26 0 147
367.1847443 1786.068447 83.94820706 514.5938919 499 532 202 337 58 154
368.2614975 1812.973414 94.92946895 503.8470855 839 607 169 1058 0 85
370.189506 1827.323582 104.7695561 498.7422178 730 597 94 735 675 101
372.1780109 1831.760889 120.9318871 501.2413593 627 508 66 285 1650 114
374.4794365 1838.892524 130.0222745 511.9238252 751 675 67 469 1276 136
374.1900574 1821.910734 122.3539404 516.5107896 650 547 85 443 432 127
374.520824 1831.696649 134.8479148 527.5761902 767 613 92 441 610 114
375.0367423 1832.124437 141.6271259 522.8135326 461 684 142 225 0 120
374.2732872 1811.301707 113.9678069 532.181109 664 590 191 579 0 132
371.9030015 1792.117263 101.6834328 537.896313 333 507 221 326 0 142
373.1995498 1780.704734 84.85008067 544.0106467000001 179 488 247 43 0 138
370.1912711 1781.413562 85.55457909 527.6905297 753 485 226 1306 0 130
369.8681653 1794.989398 91.78702736 519.05205 725 550 201 676 69 124
369.4941139 1810.305822 100.0021787 510.3345346 337 509 146 195 123 139
372.4425439 1835.36546 120.281884 501.0770781 756 539 117 605 0 115
374.3996492 1835.99822 119.5359028 500.6156461 898 504 74 574 995 138
374.4079476 1817.047096 114.3890267 513.8572772 327 593 76 64 837 137
375.1174517 1831.210941 138.3540111 514.6594693 502 552 73 295 1158 139
375.7035271 1827.487418 140.3896443 519.6619798 719 554 97 391 482 145
377.3802079 1846.344097 147.3483125 522.9837722 463 678 156 441 0 114
375.3172849 1822.36037 134.8073283 519.1226793 714 595 195 367 0 119
374.3921648 1847.811925 115.2566861 523.6534458 310 530 231 180 0 109
372.8348994 1814.16984 114.688827 538.4970019 744 548 230 679 0 105
369.5928556 1831.203484 117.8704093 524.909461 295 463 249 105 0 123
371.0585939 1828.132597 115.4342038 517.9530773 696 601 205 907 0 119
373.2550842 1839.271118 128.0574939 505.7124661 862 543 163 1262 0 85
374.3684138 1841.785232 129.7131531 509.815864 573 536 97 235 663 120
377.1961051 1918.707915 153.8455639 499.5775456 929 482 78 672 924 124
356.0138735 1766.45365 126.2617017 533.8178191 948 582 96 384 300 129
356.777818 1762.1035 146.0838805 536.0459987 890 582 105 932 58 125
357.1662946 1759.403486 140.808993 540.289654 1146 695 125 622 0 84
358.1058573 1762.308369 123.2889317 541.138024 892 666 160 803 0 108
358.2265994 1762.859202 121.7273248 553.4537747000001 943 653 208 1123 0 119
356.6109067 1745.641176 104.2318229 546.2118357000001 503 509 291 339 0 129
353.7496076 1740.593445 107.6441039 545.1277185 965 485 249 822 0 115
350.6071724 1741.183995 91.91734086 532.6693221 538 439 251 188 0 130
350.7935119 1761.966174 94.30822499 541.2236380000001 921 543 240 945 0 112
353.933317 1774.31469 156.4302303 539.597656 564 389 165 911 0 148
354.854235 1777.310777 101.9753185 540.9615444999999 890 533 134 1227 0 118
355.6147971 1775.853575 122.6148396 524.630644 553 551 86 172 1188 128
356.7347348 1774.319074 141.5644963 545.9234451 1310 689 78 2052 897 72
357.9533305 1774.94505 115.0397326 541.6643818 784 586 102 664 290 121
359.049948 1787.55793 170.3733666 544.7573874 757 571 130 212 0 132
359.9735295 1771.310951 170.6757116 556.740592 629 656 162 961 0 116
359.6845232 1769.405517 151.718568 561.2039957 899 651 214 1148 0 99
357.8084801 1754.505149 127.7725395 550.7832621 742 565 241 1211 0 110
355.3616529 1744.522674 111.5225564 562.2031475 677 489 259 299 0 127
352.7378466 1727.489586 87.14357880999999 555.2698505 817 477 244 841 0 129
351.137826 1774.124199 107.2441858 532.6102092 964 580 228 776 0 108
353.7464818 1766.0445 116.2779585 527.953905 658 424 165 794 0 150
355.6589326 1792.90711 131.2999083 544.3775521 595 564 110 479 264 124
358.0673109 1793.647578 131.4940925 530.1184169000001 1581 756 107 2390 0 77
359.347531 1803.810293 146.2937593 548.6799708999999 1294 757 89 1220 523 84
359.3909802 1799.889838 163.2882138 543.2814289 1058 631 110 1487 0 109
359.8646047 1795.682369 163.6384354 542.5771365000001 770 624 126 1183 0 121
359.8876585 1786.106443 158.9515362 543.1706567 837 662 162 404 0 109
359.689904 1782.215564 152.1193168 542.2318893 1258 676 216 2231 0 94
357.3074882 1759.534771 110.3809906 537.2886601 888 549 260 1442 0 115
356.8695679 1772.681204 123.9543755 541.4694383 692 542 276 357 0 112
353.5553773 1761.697907 119.4777501 544.3657078 503 487 252 325 0 138
351.6612242 1773.026534 105.1582287 539.5954818 675 500 238 413 0 134
355.0115327 1796.469456 120.977764 522.6339301 301 398 170 316 0 161
355.8058199 1791.318918 123.8542341 514.4483079 1084 566 122 1370 127 116
357.7810844 1792.849497 138.8662649 518.8287692 843 695 106 941 0 88
357.833291 1792.198302 129.4269095 528.2012587 988 666 88 820 739 88
359.6788648 1802.434108 152.4980829 532.0127942 881 638 100 728 196 110
360.9549361 1804.85605 144.3528112 541.479551 873 633 119 653 11 115
362.5156206 1802.587236 151.0623927 543.017734 706 623 150 780 0 129
360.2813042 1790.242927 135.1514606 541.7585672 847 603 208 1249 0 121
358.0236326 1798.759826 123.3501979 536.9846169 868 631 269 1385 0 96
355.5506606 1779.413025 90.23353034 532.7609947 50 511 275 5 0 119
354.4036675 1765.628543 99.72451137 523.7335494 477 465 283 138 0 141
353.6198033 1770.920828 100.3000933 521.894624 807 428 226 289 0 146
355.8644148 1773.634824 90.95491429 533.0969199 748 513 178 578 0 121
355.9194033 1785.748416 97.75610429 500.0752322 648 533 108 430 243 120
358.5557227 1829.300619 161.9371858 504.3051393 891 655 105 402 298 99
359.4444836 1802.951368 149.2406943 513.7853941 854 636 86 430 672 106
359.6943664 1776.693457 129.2429444 523.1496004000001 625 592 93 722 558 130
362.4405923 1801.507468 153.8286188 530.74308 785 601 125 412 0 136
361.9755374 1796.634436 151.405432 524.8481986 537 626 163 440 0 139
361.6339392 1793.178408 149.2768126 532.4701621 974 667 213 1117 0 89
359.6999516 1768.185383 107.805122 534.476981 647 554 286 183 0 123
358.3761162 1771.367196 104.5100907 543.2456129 328 477 270 164 0 130
357.0855507 1769.207595 145.1035681 539.0078476 597 514 260 1653 0 125
353.3147719 1781.147463 131.033165 519.446851 694 489 243 1094 0 138
356.536235 1828.106869 151.9319528 499.7761232 867 606 192 1792 0 105
359.7702193 1804.084542 132.0275044 503.0248308 890 608 151 764 0 106
360.3152428 1819.529253 184.4500633 508.2605081 1210 695 109 1449 0 93
364.2109389 1825.422146 150.6954674 512.7045847000001 833 626 91 264 512 113
362.3825206 1808.054148 158.1834935 520.8301931 527 582 102 372 133 124
363.3118046 1820.274699 169.1078726 527.0144966 868 687 127 598 0 100
363.8265357 1809.119332 148.7012107 527.3377374 622 623 160 703 0 126
363.757661 1804.100292 133.4982261 534.8767652 1159 649 232 2325 0 106
361.6740082 1770.475276 105.6867596 539.2448419999999 765 546 249 675 0 120
360.2961975 1780.715497 107.0838769 542.8149384 512 482 282 207 0 135
356.8620266 1782.440962 96.25976913 529.45833 801 547 285 1353 0 127
356.3807791 1784.16764 86.23503451000001 521.5772277 786 503 243 654 0 126
359.7858142 1797.283791 105.5212219 509.6237322 233 399 171 357 0 164
362.637534 1832.917362 135.7295343 498.4209984 449 516 126 873 144 137
360.9408096 1818.455276 121.7884422 507.2496025 640 674 102 132 150 117
364.0452464 1823.933851 153.5678346 531.8288647000001 484 566 77 57 1346 156
364.2660437 1817.588111 170.034969 523.8447166 284 600 100 151 321 155
365.5198951 1821.046136 162.3666631 532.8570779 505 549 100 201 185 136
364.790243 1806.005339 134.9921998 531.6235836 627 632 151 518 0 163
366.0632641 1799.733034 141.7091007 540.4351622 426 568 251 493 0 117
363.584978 1783.000363 113.7994671 547.9428078 817 500 271 1084 0 123
361.9721884 1792.077953 104.9326377 540.3773755 438 475 277 56 0 129
359.2084149 1793.503843 124.6787209 544.0343622 1212 507 282 1675 0 112
358.0101585 1816.076051 118.665129 517.7284218 1030 544 244 846 0 121
360.846692 1814.846111 109.1806121 501.726879 528 472 180 271 0 130
362.7111011 1811.242841 114.2344669 498.5860749 885 506 133 1255 0 102
363.0845883 1815.896732 123.0777798 506.7977169 597 525 100 527 340 130
364.6067452 1819.79657 132.1536904 521.9070911 746 625 87 235 816 99
366.655043 1814.763063 152.6796678 521.687683 1031 579 103 1149 133 91
366.9554268 1824.543449 156.9756133 531.5793568 1004 620 130 422 0 126
368.0316714 1823.31039 151.0889297 533.7228611 969 673 141 1319 0 122
366.5576732 1809.582967 130.9449895 535.3621918 1019 585 208 1627 0 98
365.2536556 1796.71178 131.8552676 534.2948161 842 550 262 2261 0 97
361.8874498 1799.82339 94.18213675 525.4937168 198 488 270 146 0 132
360.1679133 1786.943302 91.09363384 514.8308957 748 450 274 607 0 130
358.9910613 1794.26455 97.05447579 504.2281567 678 532 246 297 0 147
362.2871009 1832.49643 141.0165866 505.9423777 878 481 182 1317 0 108
364.162749 1815.761447 126.9416255 493.1938074 789 543 121 845 146 78
366.209166 1832.740239 158.9193321 498.7923666 1221 613 94 1255 1018 125
366.9305633 1814.275689 185.7478906 515.7870074 1165 599 103 215 104 123
367.7581455 1820.022852 153.2332392 518.7358896 881 474 104 812 79 82
369.1681116 1832.379491 169.7354431 526.3608988 1066 563 119 883 51 101
369.6378454 1824.490885 165.5104433 531.0809915 453 620 150 183 0 111
369.4580805 1825.537709 166.2594516 559.2861502 232 551 233 191 0 150
366.7567217 1829.338771 150.1829145 546.6229346 407 540 288 429 0 136
365.9531928 1823.323628 142.6724261 555.8259288 245 508 293 249 0 136
363.030338 1812.045507 117.9996657 545.7839484 895 480 284 308 0 127
363.4535311 1811.822346 111.653422 534.5336806 685 562 269 1381 0 122
365.9471214 1849.699762 165.3997889 523.3923003 927 523 189 2836 0 102
367.7378893 1835.254945 146.0917984 528.6033909 922 541 143 1154 0 101
367.6414385 1836.365998 143.0925647 521.5015167 907 517 94 479 414 108
370.2968076 1839.681455 153.920601 531.0627272 1038 583 92 174 457 168
371.3118049 1838.514666 159.1521959 533.9941094 317 524 113 64 0 179
371.6931496 1838.943447 169.0364407 539.2387867 1254 586 124 1114 18 146
372.0564832 1827.188718 152.3589686 541.4643777 457 648 169 236 0 145
371.9324345 1833.721936 151.0431878 537.7505721 840 565 219 1760 0 121
371.2623817 1820.535977 116.6108851 539.4961709 738 575 268 937 0 99
366.7687619 1778.01749 82.73900618 534.4144405 474 492 270 388 0 119
365.0017861 1798.68426 80.00262134 536.2812656999999 359 451 294 65 0 154
363.2365329 1807.298808 88.91615271000001 510.082731 528 532 224 199 0 158
366.0507419 1807.861345 96.77103252000001 507.1886795 399 482 164 116 0 175
368.8133358 1827.353891 105.2454736 506.8468899 255 506 133 63 0 171
370.8852127 1829.537498 107.4477892 510.5227214 524 548 91 269 777 142
371.054252 1823.625108 105.7894932 523.7629437000001 811 621 101 993 339 140
374.2620889 1838.627907 142.4077761 525.9071874 591 529 120 527 0 147
372.4957903 1829.028342 136.3291772 525.0525779 796 573 137 630 0 144
373.1061512 1829.27088 140.3753994 530.6559631 585 663 164 354 0 137
373.0505718 1817.626451 128.8696399 535.1499325 1057 625 241 1919 0 117
370.9066702 1793.562236 91.0301659 531.5732645000001 800 589 270 951 0 101
369.1688695 1784.48753 83.57794555 535.7102088 264 457 257 183 0 151
367.6021205 1787.176439 81.61057713 524.9691581 305 465 277 430 0 149
367.0076269 1785.029814 83.66420157 515.1793493 690 501 223 269 0 169
368.1090187 1813.101552 94.98284083 504.4821688 900 580 195 1030 0 85
370.2044247 1827.840119 105.7272809 499.1691755 1249 591 120 2354 194 114
372.0198661 1832.323967 122.6534145 501.7524804 829 548 77 781 1214 93
374.3292449 1839.821405 131.7331563 512.2862595 1079 680 83 668 949 124
374.1816806 1822.003272 122.5135434 516.7921392 639 574 106 412 28 123
374.4781205 1832.358202 135.128792 527.8938439999999 1283 625 110 880 151 126
375.0596704 1832.710021 142.6049721 523.5080429 338 677 169 142 0 117
374.287481 1812.234794 115.3237103 532.2906718 1019 560 218 1448 0 150
371.8839191 1792.178866 101.3128808 538.9570528 498 536 255 248 0 143
373.3677586 1780.169397 84.40572296000001 544.8989577999999 541 484 274 85 0 144
369.8747064 1780.143847 85.11364171 528.0016273 978 471 274 2204 0 135
369.6787722 1794.460338 92.02376319 519.4572955 1035 533 233 1233 0 137
369.4451063 1809.602635 100.0167368 510.8630299 669 491 165 572 0 165
372.4596255 1837.342548 121.1242353 501.2338905 700 566 138 2748 0 123
374.3321834 1836.00174 118.9978653 505.5111847 1164 544 99 1208 305 125
374.2319411 1817.202342 115.300033 518.6276414 676 621 94 398 398 117
375.1148878 1831.693545 138.9526846 514.6152206 403 576 87 235 864 124
375.6775958 1827.015648 141.1901087 519.7767481 1028 585 114 512 103 125
377.4517305 1847.183146 147.5962786 523.4753485 646 676 193 178 0 96
375.3209611 1822.341717 135.0229471 519.0774789 804 569 219 503 0 101
374.3686157 1848.127772 114.9454641 523.7164667 727 506 269 1259 0 101
372.8049665 1814.147374 114.5594828 537.5570375 808 516 271 1404 0 103
369.5836619 1833.05746 118.0360949 525.1314622 575 456 277 555 0 123
370.9550576 1827.024384 114.3317035 518.4602726000001 857 570 243 750 0 121
373.1475573 1838.536855 126.4747905 506.0347331 1007 511 198 2204 0 89
374.3342744 1841.493398 128.9552582 509.9029949 626 542 115 901 219 118
377.165599 1923.012508 155.5358222 499.8610807 1144 526 98 1246 353 109
355.9595444 1766.521259 126.2723606 534.0140643 1312 672 111 1580 0 107
356.8201116 1763.164593 146.1850705 536.155864 1084 652 121 1656 0 111
