8.069000 8.893000 5.041000 5.833000 5.668000 5.483000 2.980000 10.157000 1.468000 1.854000 5.186000 2.894000
8.068000 8.892000 5.046000 5.833000 5.668000 5.489000 2.979000 10.157000 1.469000 1.854000 5.186000 2.894000
8.069000 8.893000 5.049000 5.832000 5.669000 5.486000 2.978000 10.156000 1.468000 1.855000 5.185000 2.895000
8.069000 8.893000 5.050000 5.832000 5.667000 5.482000 2.977000 10.156000 1.468000 1.855000 5.184000 2.897000
8.070000 8.895000 5.051000 5.833000 5.668000 5.483000 2.976000 10.155000 1.467000 1.856000 5.184000 2.898000
8.070000 8.895000 5.051000 5.833000 5.667000 5.478000 2.976000 10.154000 1.467000 1.856000 5.185000 2.897000
8.069000 8.894000 5.049000 5.832000 5.667000 5.477000 2.975000 10.153000 1.468000 1.857000 5.186000 2.898000
8.069000 8.895000 5.047000 5.831000 5.666000 5.480000 2.975000 10.152000 1.468000 1.858000 5.185000 2.897000
8.070000 8.896000 5.044000 5.831000 5.667000 5.477000 2.974000 10.151000 1.469000 1.858000 5.185000 2.894000
8.070000 8.896000 5.040000 5.832000 5.668000 5.476000 2.974000 10.151000 1.468000 1.859000 5.184000 2.893000
8.071000 8.897000 5.036000 5.832000 5.668000 5.483000 2.969000 10.152000 1.468000 1.860000 5.184000 2.893000
8.070000 8.897000 5.031000 5.833000 5.667000 5.484000 2.950000 10.151000 1.469000 1.861000 5.185000 2.895000
8.070000 8.898000 5.026000 5.833000 5.667000 5.484000 2.933000 10.151000 1.469000 1.863000 5.185000 2.896000
8.071000 8.898000 5.019000 5.834000 5.668000 5.490000 2.923000 10.152000 1.468000 1.864000 5.186000 2.896000
8.072000 8.899000 5.013000 5.835000 5.668000 5.492000 2.917000 10.152000 1.468000 1.865000 5.186000 2.894000
8.073000 8.899000 5.007000 5.835000 5.667000 5.490000 2.915000 10.153000 1.469000 1.866000 5.187000 2.892000
8.073000 8.900000 5.000000 5.836000 5.667000 5.489000 2.915000 10.153000 1.468000 1.868000 5.187000 2.892000
8.074000 8.900000 4.994000 5.836000 5.668000 5.491000 2.916000 10.154000 1.468000 1.869000 5.188000 2.894000
8.073000 8.902000 4.990000 5.837000 5.668000 5.495000 2.919000 10.154000 1.469000 1.870000 5.188000 2.895000
8.074000 8.902000 4.985000 5.838000 5.667000 5.495000 2.924000 10.155000 1.469000 1.872000 5.189000 2.895000
8.074000 8.903000 4.983000 5.839000 5.667000 5.490000 2.930000 10.157000 1.470000 1.874000 5.189000 2.894000
8.073000 8.904000 4.982000 5.840000 5.666000 5.487000 2.937000 10.159000 1.470000 1.876000 5.190000 2.893000
8.076000 8.904000 4.982000 5.841000 5.666000 5.489000 2.943000 10.160000 1.469000 1.877000 5.191000 2.891000
8.079000 8.906000 4.983000 5.841000 5.667000 5.491000 2.948000 10.162000 1.468000 1.879000 5.192000 2.891000
8.078000 8.906000 4.986000 5.842000 5.668000 5.494000 2.952000 10.162000 1.469000 1.882000 5.192000 2.894000
8.075000 8.907000 4.989000 5.842000 5.667000 5.492000 2.956000 10.163000 1.469000 1.885000 5.193000 2.895000
8.072000 8.908000 4.991000 5.843000 5.667000 5.485000 2.959000 10.163000 1.468000 1.887000 5.194000 2.896000
8.070000 8.908000 4.993000 5.845000 5.666000 5.482000 2.962000 10.162000 1.468000 1.890000 5.195000 2.895000
8.070000 8.909000 4.995000 5.845000 5.668000 5.485000 2.964000 10.161000 1.469000 1.893000 5.196000 2.893000
8.071000 8.909000 4.996000 5.846000 5.668000 5.487000 2.966000 10.160000 1.468000 1.896000 5.197000 2.892000
8.071000 8.910000 4.996000 5.846000 5.667000 5.491000 2.968000 10.160000 1.468000 1.899000 5.197000 2.891000
8.072000 8.911000 4.995000 5.847000 5.667000 5.490000 2.970000 10.161000 1.469000 1.902000 5.199000 2.891000
8.072000 8.913000 4.994000 5.848000 5.666000 5.483000 2.971000 10.163000 1.469000 1.905000 5.200000 2.892000
8.073000 8.913000 4.993000 5.849000 5.667000 5.478000 2.973000 10.165000 1.470000 1.908000 5.201000 2.894000
8.073000 8.915000 4.991000 5.849000 5.667000 5.479000 2.974000 10.167000 1.470000 1.910000 5.201000 2.896000
8.074000 8.916000 4.990000 5.850000 5.666000 5.481000 2.976000 10.168000 1.471000 1.912000 5.202000 2.896000
8.074000 8.920000 4.989000 5.851000 5.667000 5.479000 2.977000 10.168000 1.471000 1.914000 5.203000 2.893000
8.075000 8.938000 4.988000 5.852000 5.667000 5.475000 2.978000 10.167000 1.470000 1.915000 5.203000 2.891000
8.075000 8.945000 4.986000 5.852000 5.668000 5.475000 2.980000 10.166000 1.469000 1.916000 5.204000 2.891000
8.076000 8.947000 4.985000 5.853000 5.667000 5.478000 2.981000 10.166000 1.470000 1.918000 5.206000 2.893000
8.075000 8.949000 4.984000 5.855000 5.667000 5.476000 2.982000 10.165000 1.470000 1.917000 5.207000 2.894000
8.075000 8.951000 4.982000 5.857000 5.668000 5.473000 2.984000 10.166000 1.471000 1.918000 5.208000 2.895000
8.076000 8.953000 4.982000 5.858000 5.667000 5.469000 2.984000 10.166000 1.471000 1.919000 5.209000 2.895000
8.076000 8.955000 4.981000 5.859000 5.668000 5.468000 2.983000 10.167000 1.472000 1.921000 5.210000 2.893000
8.077000 8.957000 4.981000 5.859000 5.668000 5.472000 2.982000 10.167000 1.472000 1.921000 5.210000 2.892000
8.077000 8.958000 4.979000 5.860000 5.667000 5.475000 2.980000 10.168000 1.473000 1.922000 5.212000 2.890000
8.078000 8.960000 4.979000 5.860000 5.668000 5.473000 2.978000 10.169000 1.473000 1.923000 5.213000 2.890000
8.078000 8.962000 4.978000 5.862000 5.667000 5.469000 2.976000 10.173000 1.474000 1.924000 5.218000 2.893000
8.079000 8.963000 4.978000 5.864000 5.668000 5.470000 2.975000 10.175000 1.474000 1.924000 5.229000 2.895000
8.080000 8.965000 4.979000 5.865000 5.667000 5.475000 2.974000 10.175000 1.475000 1.926000 5.237000 2.895000
nan nan 4.979000 nan nan 5.475000 nan nan nan nan nan nan
nan nan nan nan nan nan nan nan 1.476000 nan nan 2.891000
nan nan nan nan nan nan nan nan nan nan nan 2.890000
nan nan nan nan nan 5.466000 nan nan nan nan 5.245000 2.893000
8.076000 8.974000 nan nan nan nan 2.972000 nan 1.476000 nan nan nan
nan nan nan 5.872000 5.666000 nan 2.972000 nan nan nan nan nan
nan nan 4.982000 nan nan 5.471000 nan nan nan 1.931000 nan nan
8.077000 nan nan nan nan nan 2.974000 nan nan nan nan nan
nan nan nan nan nan nan nan nan nan 1.932000 nan nan
nan nan nan nan nan 5.458000 nan nan nan nan nan nan
8.079000 nan nan nan 5.665000 nan nan 10.181000 nan 1.933000 5.252000 nan
8.078000 nan 4.988000 5.880000 nan 5.462000 nan nan nan nan 5.256000 2.895000
nan nan nan 5.881000 nan 5.467000 nan nan nan 1.934000 5.277000 2.896000
8.077000 nan nan nan nan nan nan 10.187000 nan 1.935000 nan 2.899000
8.077000 8.987000 nan nan 5.666000 5.473000 nan nan nan nan nan nan
8.075000 nan nan 5.885000 nan 5.471000 nan nan 1.478000 nan 5.317000 nan
nan 8.982000 nan nan nan 5.468000 nan nan 1.477000 nan nan 2.897000
nan 8.980000 nan nan nan nan nan 10.190000 nan nan 5.324000 nan
8.064000 8.981000 nan 5.887000 5.665000 nan nan 10.191000 1.475000 nan nan 2.894000
nan nan 4.990000 5.887000 nan 5.481000 nan 10.191000 nan nan nan 2.894000
8.053000 8.976000 4.989000 nan nan 5.483000 nan 10.192000 nan nan 5.341000 2.897000
nan nan nan nan 5.665000 nan 2.986000 nan 1.478000 nan 5.346000 nan
nan nan 4.988000 nan nan nan 2.987000 nan nan 1.942000 nan nan
8.050000 nan 4.987000 nan nan 5.484000 2.987000 nan 1.479000 nan nan 2.898000
nan 8.992000 nan nan 5.666000 nan nan 10.195000 1.479000 1.946000 5.359000 2.895000
nan nan nan 5.892000 5.666000 nan nan nan nan nan nan nan
8.073000 nan nan 5.892000 nan nan 2.989000 nan 1.478000 nan 5.364000 nan
8.075000 nan nan nan 5.667000 5.488000 nan nan nan 1.952000 nan nan
8.075000 nan 4.984000 nan nan 5.492000 nan nan 1.478000 1.954000 nan nan
nan 9.000000 nan nan nan nan nan nan nan 1.956000 nan nan
8.084000 nan nan nan 5.667000 nan nan nan nan nan nan nan
8.089000 nan nan nan nan 5.488000 2.992000 nan nan nan nan 2.897000
8.090000 nan 4.982000 nan 5.667000 nan nan nan 1.476000 1.955000 nan nan
nan nan nan nan nan nan 2.993000 nan 1.476000 1.956000 nan 2.896000
nan nan 4.981000 nan nan nan 2.994000 nan nan 1.957000 5.374000 2.894000
nan 9.005000 nan nan 5.666000 5.498000 nan nan 1.478000 nan nan nan
8.107000 9.005000 4.980000 nan nan nan 2.995000 nan nan nan nan nan
nan nan nan 5.892000 nan nan 2.995000 10.206000 1.479000 nan nan nan
nan 9.004000 4.979000 nan nan nan nan nan nan nan 5.374000 nan
nan nan nan 5.891000 nan nan nan nan nan nan nan 2.905000
nan nan 4.978000 nan nan nan 2.997000 nan nan nan nan nan
nan 9.002000 4.979000 5.889000 nan nan nan nan nan nan nan nan
nan nan nan 5.889000 5.667000 nan nan nan nan nan 5.366000 nan
nan 8.984000 nan nan nan nan 3.095000 nan 1.485000 1.946000 5.358000 2.893000
nan 8.984000 nan nan 5.669000 5.602000 nan nan nan 1.946000 5.355000 2.901000
nan 8.983000 nan 5.889000 nan nan nan nan nan nan nan 2.904000
8.088000 nan nan 5.889000 5.668000 nan 3.097000 nan nan 1.946000 nan 2.906000
8.088000 nan nan nan nan nan nan nan nan nan nan nan
nan 8.981000 nan 5.888000 5.669000 nan 3.098000 nan nan nan nan nan
nan nan nan 5.889000 nan 5.610000 nan nan nan 1.948000 5.339000 2.906000
8.090000 8.980000 5.032000 nan 5.668000 nan 3.099000 nan nan nan nan 2.907000
nan nan nan nan nan nan nan nan nan nan 5.334000 2.906000
nan 8.979000 nan nan nan 5.616000 3.100000 nan 1.490000 nan 5.331000 nan
nan 8.978000 nan 5.888000 nan nan 3.101000 10.211000 nan nan nan nan
nan nan 5.038000 nan 5.669000 nan nan nan nan nan 5.328000 nan
nan 8.978000 5.040000 5.889000 nan nan 3.103000 nan nan nan nan nan
nan 8.978000 5.041000 5.890000 nan nan 3.107000 nan 1.492000 nan 5.327000 nan
nan nan nan 5.891000 nan nan nan nan nan nan 5.327000 2.908000
nan 8.979000 5.045000 nan nan nan 3.113000 nan 1.493000 nan nan nan
nan nan 5.047000 nan nan 5.662000 3.112000 nan nan 1.971000 nan 2.909000
nan nan nan nan 5.668000 5.669000 nan nan nan nan nan 2.908000
nan nan nan nan nan 5.677000 nan 10.211000 1.494000 nan nan 2.908000
nan nan 5.054000 nan nan nan nan nan 1.495000 nan 5.328000 nan
nan nan nan nan 5.670000 nan nan 10.212000 1.495000 nan 5.329000 nan
nan nan 5.058000 nan 5.668000 nan 3.104000 nan 1.496000 nan nan nan
8.108000 nan 5.060000 5.894000 nan nan nan nan nan nan nan 2.911000
nan nan nan nan nan nan 3.103000 nan 1.497000 2.018000 5.331000 nan
nan 8.992000 5.065000 nan nan nan 3.102000 nan nan 2.023000 5.331000 2.909000
nan nan nan nan nan nan 3.102000 nan nan 2.026000 nan 2.908000
8.104000 nan nan nan nan 5.698000 nan nan nan nan nan 2.907000
8.105000 9.003000 nan 5.902000 5.670000 nan 3.103000 10.216000 1.499000 nan nan nan
nan 9.009000 5.068000 nan nan nan 3.102000 nan nan nan nan nan
nan 9.015000 nan 5.900000 nan nan nan nan nan nan nan nan
nan 9.022000 5.070000 nan 5.669000 nan 3.103000 nan nan nan nan nan
nan nan nan nan nan 5.701000 nan nan nan nan nan 2.903000
8.100000 nan nan nan nan nan nan 10.221000 nan nan nan 2.903000
8.100000 nan nan nan nan 5.702000 nan nan nan nan nan nan
nan nan 5.075000 nan nan nan nan nan nan nan nan nan
nan nan nan 5.914000 nan nan nan 10.223000 1.503000 nan 5.350000 2.903000
nan nan nan 5.914000 nan 5.702000 nan nan nan nan nan nan
8.101000 nan nan nan 5.670000 nan nan nan nan 2.061000 nan nan
nan nan nan nan nan 5.701000 nan nan 1.521000 nan nan nan
nan nan 5.087000 nan nan 5.701000 3.105000 nan nan nan nan nan
nan nan nan 5.921000 nan nan nan 10.231000 nan 2.078000 nan 2.902000
8.100000 9.130000 nan nan nan nan nan 10.232000 1.513000 2.087000 5.519000 nan
nan nan 5.092000 nan 5.671000 5.703000 nan nan nan nan nan nan
nan nan 5.093000 nan nan nan nan nan nan nan nan 2.903000
nan nan nan 5.931000 nan nan 3.107000 nan 1.515000 nan nan 2.904000
8.100000 nan 5.095000 5.933000 5.670000 nan 3.108000 10.239000 nan nan 5.530000 nan
nan 9.210000 nan 5.935000 5.671000 nan nan 10.241000 1.527000 nan nan nan
8.101000 nan 5.096000 5.936000 nan nan 3.109000 10.241000 nan nan nan nan
8.102000 nan 5.098000 nan nan 5.708000 nan nan nan nan 5.538000 nan
8.101000 nan nan nan nan nan nan nan nan 2.154000 nan nan
nan nan nan nan nan nan nan nan nan nan 5.552000 nan
nan nan nan nan 5.671000 5.717000 nan 10.247000 nan 2.161000 5.575000 nan
nan nan nan nan 5.670000 nan nan nan 1.525000 2.164000 nan nan
8.104000 9.307000 nan nan nan 5.724000 3.113000 10.252000 1.525000 2.165000 nan nan
nan 9.316000 nan nan nan nan 3.114000 10.252000 nan 2.166000 5.619000 nan
nan nan nan nan nan nan nan nan nan nan nan nan
8.102000 9.331000 nan nan nan nan 3.116000 10.256000 1.529000 nan nan 2.958000
nan 9.337000 5.107000 nan nan nan nan 10.258000 nan nan 5.679000 nan
nan nan 5.110000 nan nan 5.748000 3.118000 nan nan 2.164000 5.691000 nan
8.100000 9.350000 nan 5.962000 nan nan nan nan 1.532000 nan 5.677000 nan
8.104000 nan nan nan 5.670000 5.759000 nan 10.267000 1.533000 nan 5.675000 2.943000
nan nan 5.119000 nan nan nan nan nan nan nan nan nan
nan nan nan 5.968000 nan nan 3.122000 nan 1.536000 2.167000 nan nan
8.107000 nan nan nan nan nan nan 10.274000 nan nan nan nan
nan 9.376000 5.129000 nan 5.669000 nan nan nan nan nan nan nan
nan nan nan nan nan nan 3.124000 10.275000 nan nan 5.709000 nan
nan nan 5.139000 nan 5.669000 5.795000 nan nan 1.541000 nan nan nan
8.110000 nan 5.144000 nan nan 5.798000 nan 10.280000 1.543000 nan nan nan
8.109000 9.396000 nan nan nan nan 3.127000 10.281000 nan nan nan nan
nan 9.400000 nan 5.981000 5.670000 5.799000 nan nan 1.546000 2.181000 5.736000 2.918000
nan nan 5.157000 5.983000 5.669000 5.806000 3.130000 nan nan nan nan 2.919000
nan 9.408000 5.161000 nan nan nan nan 10.286000 nan 2.195000 nan 2.919000
nan nan 5.164000 5.986000 5.670000 nan 3.134000 nan nan nan nan nan
nan nan nan nan 5.670000 nan nan nan nan nan nan 2.920000
nan nan 5.171000 nan nan nan nan nan nan nan 5.758000 2.921000
nan nan 5.174000 nan nan nan nan 10.291000 1.556000 2.214000 5.764000 nan
nan 9.436000 nan nan 5.670000 nan nan nan nan nan 5.768000 nan
nan nan nan nan nan 5.863000 nan nan nan 2.214000 5.774000 nan
nan 9.443000 nan nan nan 5.872000 nan nan 1.560000 nan nan 2.922000
8.154000 nan nan nan 5.670000 5.885000 nan nan nan nan 5.788000 nan
nan 9.445000 5.188000 6.001000 nan 5.915000 3.151000 10.297000 nan 2.208000 5.794000 nan
8.163000 nan 5.190000 6.003000 nan nan 3.152000 nan nan 2.205000 nan nan
8.170000 nan nan nan nan 5.979000 nan nan nan 2.204000 5.807000 nan
nan 9.443000 nan nan nan nan nan nan nan nan 5.810000 2.924000
nan 9.441000 nan nan nan 6.004000 3.156000 10.301000 nan nan nan 2.924000
nan nan nan nan 5.670000 nan 3.157000 nan 1.575000 2.195000 nan 2.925000
nan nan nan nan 5.669000 nan nan nan 1.577000 2.193000 nan nan
8.171000 nan nan 6.013000 nan 6.044000 nan nan nan 2.192000 5.810000 nan
nan 9.436000 nan nan 5.670000 nan nan nan nan nan 5.808000 2.929000
8.169000 9.434000 nan 6.015000 nan 6.084000 nan nan 1.581000 2.194000 nan nan
nan 9.432000 nan 6.017000 5.671000 nan 3.165000 nan 1.581000 nan nan nan
nan nan 5.201000 nan 5.672000 6.121000 3.167000 nan 1.583000 2.202000 5.802000 nan
8.167000 nan nan 6.033000 5.671000 nan nan 10.310000 nan nan nan nan
8.166000 nan nan 6.032000 nan 6.158000 nan nan nan 2.214000 5.797000 nan
nan nan 5.204000 nan nan nan nan 10.310000 nan 2.215000 nan nan
nan nan 5.204000 nan 5.671000 nan 3.178000 nan nan 2.216000 5.789000 2.935000
nan nan 5.206000 6.025000 5.672000 6.191000 nan 10.306000 nan nan nan 2.937000
8.163000 9.410000 nan nan nan nan nan nan nan nan 5.781000 nan
8.163000 9.405000 5.208000 6.004000 5.673000 6.228000 nan 10.298000 1.595000 nan 5.776000 2.936000
nan nan 5.211000 6.009000 5.671000 nan nan 10.298000 1.598000 nan nan nan
nan 9.396000 nan nan 5.672000 6.244000 nan 10.300000 nan 2.198000 5.766000 nan
nan nan 5.214000 nan 5.673000 nan nan nan nan nan 5.761000 nan
8.164000 nan 5.217000 nan 5.673000 nan 3.204000 nan 1.604000 nan nan nan
nan nan 5.219000 nan nan 6.280000 nan 10.301000 nan nan nan nan
nan 9.380000 nan nan 5.673000 6.308000 nan nan nan nan 5.732000 nan
nan nan nan 6.019000 5.673000 nan nan 10.301000 nan nan nan nan
8.166000 9.372000 nan nan 5.674000 nan nan 10.298000 nan 2.173000 5.684000 nan
8.167000 9.368000 5.235000 6.016000 nan nan 3.214000 nan nan nan nan nan
8.166000 nan 5.241000 nan nan 6.352000 3.218000 10.297000 nan nan nan 2.954000
nan nan 5.248000 nan 5.675000 nan nan nan nan nan 5.669000 2.955000
8.168000 nan 5.255000 nan 5.675000 nan nan 10.294000 nan 2.160000 nan nan
nan nan nan 6.011000 nan nan nan nan nan nan nan 2.962000
nan 9.350000 nan 6.010000 nan nan nan 10.293000 nan 2.153000 nan nan
nan nan nan nan nan 6.367000 nan nan nan nan nan 2.960000
8.173000 nan 5.279000 nan nan 6.375000 3.245000 10.290000 1.615000 2.147000 5.572000 nan
nan nan nan 6.005000 nan nan 3.255000 10.289000 nan nan nan nan
nan nan 5.288000 nan 5.676000 6.382000 nan 10.287000 nan 2.143000 nan 2.965000
nan nan 5.293000 nan nan nan nan 10.287000 nan nan 5.555000 nan
8.330000 nan nan nan nan nan 3.592000 nan nan nan nan nan
nan 9.269000 5.794000 nan nan nan nan nan 1.654000 nan nan nan
8.328000 9.265000 nan nan nan nan nan nan 1.653000 2.093000 5.509000 2.975000
nan nan nan 5.986000 5.749000 nan nan nan 1.653000 nan 5.504000 2.975000
nan nan nan nan 5.751000 nan nan nan 1.651000 nan nan nan
8.325000 nan 5.820000 5.983000 nan 6.290000 nan nan nan nan nan nan
nan 9.252000 nan nan nan nan nan nan 1.650000 nan 5.494000 nan
8.324000 9.248000 5.831000 5.981000 5.764000 nan nan nan nan nan 5.490000 nan
nan nan 5.837000 nan 5.769000 6.266000 nan 10.276000 nan nan 5.487000 nan
nan nan nan 5.978000 nan nan 3.570000 nan nan 2.081000 5.483000 nan
8.322000 9.237000 nan 5.978000 nan nan 3.568000 10.277000 1.648000 2.079000 nan nan
nan nan nan nan 5.781000 6.234000 3.564000 nan nan nan 5.476000 nan
8.321000 9.229000 nan 5.976000 5.778000 nan nan 10.273000 1.647000 2.075000 5.473000 nan
nan 9.226000 nan nan 5.776000 6.213000 nan 10.273000 nan nan 5.469000 nan
8.319000 nan nan nan nan nan nan nan 1.646000 nan nan nan
nan nan nan nan 5.777000 nan 3.554000 10.272000 1.646000 2.069000 5.465000 nan
nan 9.214000 nan 5.973000 nan nan nan nan 1.645000 2.067000 nan nan
8.318000 nan 5.862000 5.972000 nan nan nan nan 1.644000 nan 5.474000 nan
8.317000 9.208000 5.861000 5.972000 nan 6.174000 nan nan 1.644000 nan nan nan
nan nan nan 5.971000 nan nan 3.547000 10.268000 1.643000 nan 5.560000 nan
nan nan nan nan nan nan nan nan 1.641000 nan nan nan
8.315000 nan 5.854000 nan nan nan 3.541000 10.266000 1.641000 2.060000 nan nan
nan nan nan nan nan nan 3.538000 nan nan nan nan nan
8.313000 nan 5.844000 nan 5.784000 nan nan nan 1.642000 nan 5.542000 nan
nan 9.187000 5.838000 nan nan 6.139000 3.536000 nan nan nan nan 2.966000
nan nan nan nan nan nan nan nan 1.640000 2.054000 5.529000 nan
nan nan nan nan 5.777000 nan nan nan nan nan nan 2.965000
nan nan nan nan 5.777000 6.124000 nan 10.262000 nan 2.050000 nan nan
8.310000 9.173000 nan nan 5.779000 6.119000 nan nan 1.638000 nan nan nan
nan 9.169000 5.807000 5.972000 5.776000 nan 3.525000 nan nan nan nan nan
nan 9.165000 nan 5.970000 5.771000 6.110000 3.520000 nan nan nan nan 2.963000
nan 9.161000 nan nan nan nan nan nan 1.637000 nan nan 2.962000
nan nan nan 5.965000 nan 6.099000 nan nan nan 2.044000 nan nan
8.304000 nan nan nan 5.779000 nan nan 10.259000 1.636000 2.043000 5.504000 nan
nan nan 5.773000 nan nan nan 3.522000 10.258000 1.635000 2.041000 nan nan
8.308000 9.149000 5.766000 5.951000 nan nan nan nan 1.634000 2.040000 nan nan
nan nan 5.758000 nan nan nan 3.520000 10.259000 nan 2.039000 nan nan
nan 9.143000 5.751000 5.954000 nan nan nan nan nan nan nan 2.962000
nan 9.140000 nan nan 5.768000 nan nan nan nan nan 5.491000 2.962000
8.304000 9.138000 5.734000 nan nan nan nan 10.258000 1.631000 nan nan 2.961000
8.303000 nan 5.725000 nan nan 6.066000 3.507000 10.257000 nan nan 5.498000 nan
nan 9.133000 5.716000 nan 5.764000 nan 3.506000 10.257000 nan 2.032000 5.497000 2.959000
nan nan nan 5.951000 nan 6.055000 3.502000 nan nan nan 5.487000 2.959000
8.302000 nan nan 5.951000 5.760000 6.051000 3.500000 nan nan 2.029000 nan nan
8.301000 nan 5.692000 nan nan 6.048000 3.500000 nan 1.628000 2.028000 nan 2.958000
nan nan nan nan 5.758000 nan nan 10.252000 1.627000 nan 5.527000 nan
nan nan nan nan 5.755000 6.052000 3.494000 nan nan nan nan 2.964000
nan nan nan nan 5.752000 6.061000 3.491000 nan nan nan 5.609000 nan
nan 9.120000 5.666000 nan nan 6.067000 nan nan nan nan nan nan
8.299000 nan nan nan 5.749000 6.068000 nan nan 1.625000 2.024000 nan 2.964000
8.298000 nan 5.652000 nan 5.748000 6.051000 3.486000 nan nan 2.023000 nan 2.964000
8.298000 9.114000 nan 5.947000 5.747000 nan 3.483000 10.249000 nan nan 5.607000 nan
nan nan nan nan nan 6.007000 3.482000 10.267000 1.623000 2.021000 5.605000 nan
nan nan nan nan nan 6.015000 nan 10.245000 1.623000 2.019000 5.604000 nan
nan nan nan nan 5.744000 6.029000 nan nan nan 2.018000 5.603000 nan
nan 9.114000 nan nan 5.742000 6.038000 3.484000 nan 1.621500 nan nan 2.960000
8.295000 nan nan nan 5.741000 6.051000 3.484000 nan nan 2.017000 nan 2.958000
nan 9.122000 5.614000 nan 5.740000 nan nan nan nan nan 5.601000 nan
nan nan 5.608000 nan nan nan 3.479000 nan 1.620000 nan nan 2.959000
8.292000 nan 5.604000 nan nan nan 3.471000 10.247000 1.619000 nan nan nan
8.292000 nan nan nan 5.738000 nan nan 10.247000 nan nan nan nan
nan 9.118000 5.597000 nan nan nan nan 10.248000 nan 2.011000 nan nan
nan nan nan nan nan nan 3.468000 nan nan nan 5.594000 2.958000
nan nan 5.587000 5.942000 nan nan nan nan 1.617000 nan nan nan
nan 9.113000 5.583000 nan nan nan nan nan nan 2.009000 nan nan
8.290000 9.112000 5.579000 nan nan nan 3.460000 nan nan nan nan nan
nan nan nan nan nan 5.990000 nan 10.243000 nan nan 5.591000 nan
nan 9.109000 nan 5.938000 nan nan nan 10.242000 1.614000 2.006000 nan nan
8.290000 nan nan 5.939000 nan 5.999000 nan nan 1.613000 nan 5.588000 nan
nan nan nan nan 5.726000 6.007000 nan nan 1.613000 nan 5.587000 nan
nan nan nan 5.938000 nan nan 3.465000 nan nan nan nan 2.955000
8.288000 nan nan 5.937000 nan nan nan nan nan nan nan nan
nan 9.103000 5.559000 5.937000 nan nan nan nan 1.611000 nan nan nan
8.287000 9.102000 nan 5.936000 5.723000 nan nan nan nan 2.003000 nan 2.956000
8.286000 nan 5.553000 nan 5.722000 6.033000 3.459000 nan 1.610000 2.002000 nan 2.955000
nan nan nan nan nan nan nan 10.240000 nan nan 5.547000 2.959000
nan nan nan nan 5.721000 nan nan nan 1.609000 nan nan nan
nan 9.099000 nan nan nan 6.050000 3.448000 nan 1.608000 nan 5.520000 nan
8.284000 nan nan nan 5.720000 nan nan nan 1.608000 nan nan nan
nan nan nan nan nan 6.048000 nan 10.240000 nan nan 5.519000 2.955000
8.282000 nan nan nan 5.718000 nan 3.433000 nan 1.607000 nan 5.518000 2.953000
8.282000 nan 5.530000 5.930000 nan nan nan 10.239000 nan 1.998000 nan 2.954000
8.281000 9.094000 5.527000 nan nan 6.042000 3.429000 nan 1.606000 nan nan nan
nan nan 5.524000 nan nan nan nan 10.237000 nan nan 5.517000 nan
8.279000 nan nan nan 5.715000 6.025000 3.421000 nan 1.604000 nan nan nan
nan nan nan 5.927000 5.714000 nan nan nan nan nan nan 2.948000
8.280000 nan nan 5.928000 nan nan nan nan nan nan nan 2.948000
nan nan nan 5.928000 nan nan nan 10.231000 nan 1.994000 nan 2.949000
nan 9.089000 nan nan nan nan 3.406000 nan nan nan 5.515000 nan
8.278000 nan nan 5.927000 5.714000 nan nan nan nan 1.993000 5.514000 nan
8.278000 nan 5.494000 nan nan nan nan nan 1.601000 nan nan nan
nan nan 5.493000 nan nan nan 3.406000 nan nan nan nan nan
nan 9.086000 nan nan nan nan nan 10.232000 nan 1.991000 nan 2.948000
nan nan 5.491000 nan 5.710000 6.012000 nan nan nan nan 5.511000 nan
nan nan nan 5.919000 nan nan 3.415000 10.231000 nan 1.990000 5.510000 nan
nan 9.083000 nan nan 5.709000 6.002000 nan 10.230000 nan 1.989000 nan 2.950000
8.282000 nan nan 5.923000 5.708000 nan 3.425000 nan nan nan 5.504000 nan
nan nan 5.481000 5.924000 nan nan nan nan nan nan 5.468000 nan
8.280000 nan nan nan nan nan nan 10.230000 nan 1.988000 nan nan
nan nan nan nan 5.706000 5.986000 3.427000 10.229000 1.596000 nan nan nan
8.282000 9.078000 nan nan nan 5.990000 nan 10.228000 nan nan 5.418000 2.947000
nan nan nan nan nan nan 3.423000 nan nan 1.986000 5.417000 nan
nan 9.076000 5.469000 5.921000 5.704000 nan nan nan 1.594000 1.986000 nan nan
nan nan 5.468000 nan 5.703000 nan nan 10.228000 1.594000 nan 5.415000 2.948000
8.275000 nan 5.468000 5.922000 nan 5.971000 nan 10.228000 nan nan 5.414000 2.947000
nan 9.074000 nan 5.921000 5.702000 nan nan 10.227000 1.593000 nan 5.414000 2.947000
nan nan nan 5.919000 5.701000 5.965000 3.416000 nan 1.592000 nan nan nan
nan 9.073000 nan 5.919000 nan nan nan 10.226000 1.592000 1.982000 5.412000 nan
8.268000 nan nan nan nan 5.953000 nan 10.225000 1.591000 1.982000 nan 2.947000
nan nan 5.486000 nan nan nan nan nan nan nan 5.411000 nan
8.268000 9.070000 5.490000 5.918000 nan 5.949000 nan 10.223000 1.590000 1.980000 nan nan
8.268000 nan nan nan nan 5.945000 nan 10.223000 nan nan 5.410000 nan
8.205000 nan nan 5.919000 nan nan nan nan nan nan nan nan
nan nan 5.424000 5.918000 5.679000 5.845000 3.253000 10.221000 nan nan 5.286000 nan
8.203000 nan 5.421000 nan 5.677000 nan nan nan 1.545000 nan nan 2.930000
8.202000 nan 5.420000 5.916000 nan nan 3.251000 nan nan nan nan nan
nan nan nan nan nan 5.841000 nan nan nan nan nan 2.929000
8.200000 nan 5.416000 nan 5.679000 nan nan nan nan 1.962000 nan nan
nan nan nan nan 5.675000 nan nan 10.221000 1.542000 nan nan 2.934000
8.199000 nan nan nan nan 5.838000 3.250000 10.220000 nan 1.961000 nan nan
nan nan nan 5.913000 5.675000 nan nan 10.220000 nan nan nan nan
8.197000 nan nan nan nan 5.833000 3.250000 nan 1.541000 nan nan nan
8.196000 nan nan 5.912000 nan nan 3.250000 nan 1.540000 1.959000 5.282000 2.933000
nan nan nan 5.913000 nan nan 3.249000 10.218000 nan 1.958000 nan 2.933000
nan nan 5.405000 nan nan nan nan nan 1.539000 1.958000 5.281000 nan
nan nan nan 5.911000 5.678000 nan nan nan nan nan nan 2.932000
8.193000 nan 5.401000 5.911000 5.677000 5.823000 nan nan 1.538000 1.957000 nan nan
8.192000 nan 5.399000 5.910000 nan nan nan nan nan 1.956000 nan nan
nan nan nan 5.910000 nan nan nan 10.216000 nan nan nan nan
nan nan nan 5.909000 nan 5.813000 nan 10.215000 1.537000 1.955000 nan nan
nan nan 5.393000 5.909000 nan 5.809000 3.247000 nan 1.536000 1.954000 5.278000 2.929000
nan nan nan 5.908000 nan nan nan nan nan 1.954000 nan nan
nan 9.011000 5.388000 nan nan nan nan 10.214000 1.535000 nan 5.277000 nan
nan nan nan 5.909000 nan nan 3.251000 10.213000 nan nan nan nan
nan 9.010000 nan nan 5.678000 nan 3.250000 nan 1.536000 nan nan nan
nan 9.010000 nan nan nan nan 3.249000 10.212000 nan 1.951000 5.275000 2.928000
nan nan 5.376000 5.908000 nan 5.780000 3.247000 nan nan nan nan 2.929000
nan 9.009000 nan nan 5.674000 nan nan nan nan 1.950000 nan nan
8.184000 nan nan nan 5.674000 nan nan nan nan nan 5.273000 2.928000
nan nan nan 5.905000 nan nan 3.225000 nan nan 1.949000 5.273000 nan
nan 9.007000 nan nan 5.674000 5.769000 nan 10.210000 nan 1.948000 nan 2.928000
nan nan nan 5.905000 nan nan 3.230000 10.209000 nan nan nan 2.928000
nan nan nan nan nan 5.764000 nan 10.209000 1.533000 1.947000 nan nan
8.181000 nan nan nan 5.674000 nan nan nan nan nan nan nan
nan nan nan nan nan 5.760000 nan nan nan 1.946000 nan nan
8.181000 nan 5.343000 5.904000 nan 5.757000 nan nan nan nan nan nan
nan nan nan 5.904000 5.673000 nan 3.233000 nan 1.533000 nan 5.290000 2.926000
nan nan nan nan 5.674000 5.753000 nan nan 1.533000 nan 5.297000 nan
nan nan nan 5.905000 5.675000 nan nan nan nan nan 5.300000 nan
nan nan nan 5.904000 nan nan 3.231000 nan nan 1.943000 5.310000 nan
8.179000 nan 5.327000 5.904000 nan nan nan nan 1.535000 nan nan nan
8.178000 nan nan 5.905000 5.672000 5.746000 nan 10.207000 nan nan nan nan
8.179000 nan nan 5.905000 nan 5.745000 nan nan nan nan nan nan
nan 9.000000 nan 5.904000 5.673000 nan nan nan 1.535000 nan 5.303000 nan
8.177000 nan nan nan nan 5.740000 nan 10.208000 1.535000 nan nan nan
nan nan 5.317000 nan nan 5.739000 nan nan nan nan nan nan
nan 8.998000 nan nan nan 5.737000 nan nan nan 1.940000 nan nan
nan 8.998000 5.313000 nan nan nan nan nan 1.536000 nan nan nan
nan nan 5.311000 nan 5.672000 5.734000 3.234000 10.206000 nan nan 5.274000 nan
nan nan nan nan 5.673000 nan 3.233000 nan nan 1.941000 5.273000 nan
nan nan nan nan 5.673000 nan nan 10.205000 1.533000 1.940000 nan 2.923000
nan nan 5.307000 5.901000 nan nan 3.230000 10.206000 nan nan nan nan
8.171000 8.994000 nan 5.900000 nan nan nan 10.205000 nan nan nan 2.921000
nan nan 5.304000 nan nan nan nan 10.206000 nan nan nan 2.920000
8.168000 nan nan 5.899000 5.671000 5.730000 3.224000 nan 1.535000 nan nan nan
8.168000 9.013000 nan nan nan nan nan nan nan nan nan 2.922000
nan nan nan 5.898000 nan nan nan nan nan nan nan nan
nan 9.014000 nan nan nan nan nan 10.204000 1.536000 nan nan nan
nan nan nan 5.897000 nan 5.725000 nan nan 1.537000 1.935000 nan nan
nan 9.013000 nan nan 5.672000 nan nan nan nan nan 5.487000 2.920000
nan nan nan nan nan nan 3.220000 10.203000 nan 1.941000 5.424000 nan
nan 9.012000 nan nan 5.671000 nan 3.220000 nan 1.539000 1.944000 nan nan
nan nan nan 5.896000 nan nan nan nan nan nan 5.368000 2.920000
8.165000 9.011000 nan 5.896000 nan nan nan 10.203000 nan 1.943000 5.361000 nan
8.165000 nan 5.280000 5.895000 nan nan nan nan 1.542000 1.942000 nan nan
nan 9.012000 nan 5.895000 5.672000 5.721000 3.213000 nan nan nan nan nan
8.162000 nan nan nan nan nan 3.210000 nan 1.545000 1.941000 5.357000 2.918000
8.162000 nan 5.270000 nan nan nan nan nan nan 1.940000 nan nan
nan 9.010000 nan nan 5.671000 5.718000 3.211000 nan 1.548000 1.940000 5.356000 2.917000
nan nan nan nan nan nan nan nan nan 1.939000 5.357000 nan
nan nan nan nan nan nan nan nan nan 1.939000 nan nan
nan 9.010000 nan 5.892000 nan nan nan nan nan 1.938000 5.356000 nan
nan 9.010000 nan nan nan nan nan nan 1.551000 nan nan nan
8.158000 nan nan 5.891000 5.670000 nan 3.214000 10.199000 nan 1.937000 nan nan
nan nan nan nan nan nan nan nan nan nan nan nan
nan 9.018000 5.250000 nan 5.671000 5.710000 nan nan 1.545000 nan nan 2.923000
nan nan nan 5.891000 5.671000 5.706000 3.216000 nan nan 1.935000 5.355000 nan
nan nan 5.246000 nan 5.670000 nan nan nan nan nan nan nan
nan nan nan nan nan nan nan 10.197000 1.541000 nan nan 2.923000
8.157000 nan nan nan nan nan nan nan nan 1.933000 5.375000 nan
nan nan nan 5.891000 nan nan 3.222000 nan 1.544000 nan 5.425000 2.922000
nan nan nan nan nan 5.701000 nan 10.197000 nan 1.932000 nan nan
nan nan nan nan 5.669000 nan nan nan nan 1.932000 nan 2.920000
8.153000 9.005000 nan 5.889000 nan nan 3.216000 nan nan nan nan nan
8.153000 nan nan 5.887000 nan nan 3.212000 10.195000 nan nan 5.463000 nan
nan 8.968000 nan nan 5.668000 nan 3.153000 nan nan 1.918000 5.253000 2.916000
nan nan nan 5.887000 nan 5.773000 nan nan nan 1.917000 nan 2.915000
nan 8.966000 5.189000 nan nan 5.771000 nan nan nan nan 5.252000 nan
nan 8.965000 nan nan nan nan 3.151000 nan nan nan nan nan
nan nan nan 5.885000 5.667000 5.769000 3.149000 nan nan nan 5.251000 2.914000
8.131000 nan nan nan nan nan 3.151000 nan nan 1.915000 5.251000 2.915000
8.130000 8.963000 nan nan nan 5.766000 3.150000 10.192000 1.507000 nan nan nan
nan nan 5.198000 5.884000 nan nan nan 10.191000 nan nan nan 2.913000
8.131000 nan nan nan 5.667000 5.756000 3.151000 nan nan 1.914000 nan nan
8.132000 nan nan nan nan nan nan nan nan nan 5.249000 nan
8.132000 8.961000 nan 5.882000 5.668000 nan nan nan nan 1.913000 nan nan
8.130000 nan nan nan 5.668000 nan nan nan 1.508000 1.912000 nan nan
nan nan nan nan 5.667000 nan 3.148000 nan nan nan nan 2.910000
8.124000 8.960000 nan nan nan nan 3.148000 nan nan 1.911000 nan nan
8.115000 nan nan nan 5.668000 nan nan nan nan nan nan nan
nan 8.959000 5.223000 nan nan nan 3.144000 10.187000 1.508000 1.911000 5.245000 nan
nan nan nan 5.880000 5.668000 5.703000 nan nan nan nan nan nan
nan 8.958000 5.219000 nan nan 5.699000 nan nan 1.509000 1.910000 nan 2.911000
nan nan nan nan nan nan nan nan nan nan 5.243000 2.910000
nan nan 5.214000 5.878000 nan nan 3.141000 10.181000 nan 1.909000 nan nan
nan 8.957000 nan nan nan nan 3.141000 10.181000 nan 1.909000 5.253000 nan
nan nan nan 5.877000 nan nan nan 10.182000 1.507000 nan nan nan
nan 8.956000 5.208000 nan 5.667000 nan 3.141000 10.185000 nan 1.908000 5.284000 nan
8.121000 8.955000 nan nan nan 5.679000 3.142000 nan nan nan 5.289000 2.907000
nan nan nan nan nan nan 3.141000 10.186000 1.509000 nan nan nan
nan nan 5.203000 nan nan nan nan nan nan nan nan 2.908000
nan nan nan 5.874000 5.667000 nan nan 10.182000 1.510000 1.907000 nan nan
8.119000 nan nan nan nan 5.664000 nan nan nan 1.907000 5.336000 nan
nan 8.954000 nan 5.875000 5.669000 nan nan nan nan 1.908000 nan nan
nan nan nan 5.875000 nan nan 3.142000 10.179000 1.511000 1.907000 nan nan
nan 8.953000 nan nan 5.667000 nan nan nan 1.512000 1.907000 nan nan
nan nan nan nan nan 5.652000 3.141000 nan nan nan 5.501000 nan
nan 8.952000 nan 5.877000 nan 5.650000 nan nan 1.513000 nan 5.528000 nan
nan nan nan 5.876000 nan 5.652000 nan nan 1.513000 nan 5.532000 2.912000
nan nan 5.193000 5.876000 5.667000 nan 3.141000 10.183000 nan nan nan 2.913000
nan 8.950000 nan nan 5.668000 nan nan nan nan 1.912000 5.532000 2.913000
nan 8.949000 nan nan nan nan nan nan nan nan 5.531000 2.912000
nan nan 5.198000 nan 5.668000 5.646000 nan nan 1.510000 1.911000 nan nan
nan 8.960000 5.202000 5.875000 nan nan nan nan 1.511000 nan nan nan
nan 8.970000 nan 5.875000 5.668000 nan nan nan nan nan 5.531000 nan
8.113000 nan nan 5.874000 nan 5.639000 nan nan 1.512000 1.910000 5.518000 2.910000
8.113000 nan 5.216000 5.873000 5.667000 nan nan nan nan nan 5.480000 2.909000
nan nan 5.220000 5.873000 5.667000 nan nan 10.185000 nan nan nan 2.909000
nan 8.972000 nan nan 5.668000 nan 3.137000 nan 1.513000 1.908000 nan 2.910000
nan 8.972000 nan 5.873000 nan nan 3.136000 10.181000 nan nan nan nan
nan nan nan 5.873000 nan nan nan nan 1.514000 nan 5.321000 2.909000
nan nan nan 5.872000 nan 5.636000 3.134000 nan 1.512000 nan 5.299000 2.909000
nan nan nan nan nan nan 3.134000 nan nan nan 5.282000 nan
nan 8.972000 5.228000 nan nan nan 3.133000 nan 1.513000 1.906000 5.271000 nan
8.110000 nan nan nan nan nan 3.133000 10.181000 nan nan 5.263000 nan
8.111000 nan nan nan 5.665000 nan nan nan 1.514000 1.905000 nan nan
nan 8.974000 nan 5.869000 nan nan nan 10.185000 nan nan nan nan
8.110000 8.974000 nan nan nan 5.633000 3.131000 nan 1.515000 nan nan 2.909000
8.110000 nan nan nan nan nan nan nan nan 1.903000 nan 2.908000
nan nan 5.216000 nan nan nan 3.129000 10.181000 nan nan nan nan
8.108000 8.974000 nan nan 5.667000 5.630000 nan nan nan nan 5.246000 2.909000
nan nan nan nan nan nan nan nan nan nan 5.245000 2.909000
nan 8.974000 nan nan nan nan nan nan nan nan nan nan
8.108000 nan nan nan 5.666000 nan nan nan 1.516000 nan nan nan
8.109000 nan nan nan nan 5.623000 nan 10.181000 nan nan nan nan
8.109000 nan 5.198000 nan nan nan nan 10.183000 nan 1.900000 nan 2.907000
nan 8.976000 nan nan nan 5.627000 nan nan nan nan nan 2.906000
nan nan nan 5.868000 nan nan nan nan nan nan nan 2.905000
nan nan nan 5.869000 5.668000 nan 3.134000 nan nan nan nan 2.905000
8.107000 nan nan 5.870000 nan 5.621000 3.134000 nan nan nan 5.237000 nan
nan nan nan nan 5.666000 5.622000 3.133000 nan 1.527000 nan 5.237000 nan
nan 8.975000 5.180000 nan 5.667000 5.623000 nan 10.177000 nan nan nan nan
nan 8.975000 5.177000 5.869000 nan nan nan nan 1.531000 nan nan nan
nan 8.974000 nan nan 5.667000 5.626000 3.130000 nan 1.533000 nan nan nan
8.107000 nan 5.172000 nan 5.667000 5.626000 nan nan 1.533000 1.895000 nan nan
8.107000 8.974000 5.169000 nan nan nan nan nan nan nan 5.293000 nan
nan nan nan 5.868000 nan 5.624000 3.129000 10.176000 1.536000 nan nan nan
nan nan nan nan 5.668000 nan nan 10.177000 nan nan nan 2.907000
nan nan 5.163000 nan 5.667000 nan nan 10.177000 nan nan nan nan
nan 8.974000 nan 5.868000 nan nan 3.127000 nan nan nan nan nan
nan 8.974000 5.158000 5.869000 5.668000 nan nan 10.182000 1.533000 1.893000 nan 2.907000
nan 8.970000 nan nan nan nan 3.125000 nan 1.531000 nan nan 2.907000
nan nan 5.156000 nan 5.667000 nan nan 10.181000 1.531000 nan 5.306000 nan
nan 8.959000 nan nan 5.668000 nan 3.124000 10.180000 nan nan 5.288000 nan
8.105000 nan 5.153000 nan nan nan nan nan 1.530000 nan nan nan
nan nan nan 5.869000 nan nan 3.121000 10.177000 nan 1.892000 5.261000 nan
nan 8.948000 nan 5.868000 nan nan 3.120000 nan nan nan 5.254000 nan
nan 8.948000 5.148000 nan 5.667000 nan nan 10.175000 nan 1.891000 5.249000 nan
8.105000 8.947000 5.146000 5.869000 5.667000 nan 3.116000 nan nan nan nan nan
nan nan nan nan nan nan 3.092000 nan nan 1.891000 nan nan
nan nan nan 5.863000 nan nan nan nan nan 1.892000 nan nan
nan nan 5.101000 5.864000 nan 5.594000 3.091000 10.176000 1.501000 1.892000 5.236000 2.911000
8.115000 8.945000 nan nan nan 5.595000 nan 10.174000 nan nan nan 2.912000
nan nan nan nan nan 5.596000 nan nan nan nan nan nan
nan 8.946000 nan 5.863000 nan nan nan 10.172000 1.503000 nan nan nan
nan nan nan nan nan 5.593000 nan nan nan 1.897000 nan 2.910000
nan 8.946000 nan 5.864000 5.661000 nan 3.086000 nan nan nan nan 2.910000
nan nan nan 5.865000 nan nan nan nan nan nan nan nan
nan nan 5.107000 5.865000 nan nan nan nan nan nan 5.236000 nan
nan nan 5.111000 5.864000 5.663000 5.600000 3.085000 nan nan 1.907000 5.237000 2.913000
nan nan nan 5.864000 nan nan nan nan nan nan nan nan
nan nan 5.122000 nan nan nan nan 10.179000 1.506000 nan nan 2.912000
8.117000 nan 5.129000 nan 5.663000 nan nan nan 1.507000 nan nan nan
8.118000 nan nan nan 5.664000 5.594000 3.088000 nan nan nan nan nan
nan 8.955000 nan nan 5.664000 5.590000 nan 10.178000 1.508000 nan nan 2.910000
8.118000 nan nan 5.876000 5.665000 nan nan nan 1.508000 1.985000 nan nan
8.118000 nan nan nan nan 5.593000 nan nan nan 2.017000 nan 2.910000
8.119000 8.971000 nan nan nan nan nan nan nan 2.062000 nan 2.913000
8.119000 8.978000 nan nan nan nan nan 10.177000 nan nan 5.246000 nan
nan nan nan 5.883000 nan nan 3.087000 10.178000 1.511000 nan 5.248000 nan
nan nan 5.169000 nan nan nan 3.086000 nan 1.511000 nan nan nan
8.123000 8.996000 nan nan nan 5.594000 nan nan nan nan nan nan
8.124000 nan nan nan nan 5.599000 nan nan nan nan 5.255000 nan
8.127000 nan 5.166000 nan nan 5.598000 nan 10.186000 1.513000 nan nan nan
nan nan 5.164000 nan nan 5.598000 3.085000 nan 1.513000 2.162000 nan nan
nan 9.033000 5.162000 5.901000 5.663000 5.603000 nan nan 1.514000 2.158000 nan nan
8.132000 9.050000 nan nan nan 5.607000 nan nan 1.514000 nan nan 2.911000
nan nan 5.156000 5.901000 nan 5.605000 nan 10.189000 1.515000 2.155000 nan 2.912000
nan nan nan 5.902000 nan nan 3.090000 nan nan nan 5.340000 2.911000
8.138000 nan nan 5.904000 nan nan 3.091000 nan nan nan nan nan
nan nan nan 5.907000 nan 5.609000 nan nan nan 2.140000 5.372000 nan
8.140000 9.114000 nan nan nan nan nan 10.192000 1.517000 2.135000 nan nan
8.140000 nan nan 5.914000 nan nan nan nan nan nan 5.390000 nan
nan nan nan nan 5.663000 5.604000 nan nan nan 2.126000 nan nan
nan nan 5.138000 5.931000 nan 5.605000 3.101000 nan nan 2.124000 nan nan
8.138000 nan nan nan 5.662000 nan nan nan nan nan nan nan
nan nan nan 5.932000 nan nan nan nan 1.520000 2.132000 nan nan
nan 9.259000 nan nan nan 5.601000 nan nan 1.522000 nan nan 2.914000
nan nan nan 5.931000 nan 5.604000 nan nan 1.523000 2.164000 5.503000 nan
nan 9.308000 nan 5.939000 nan nan 3.110000 nan nan 2.178000 nan 2.912000
8.149000 9.330000 nan nan 5.661000 nan nan nan nan 2.189000 5.507000 nan
nan nan nan nan nan 5.599000 nan nan nan 2.195000 nan nan
8.163000 9.371000 5.114000 nan nan nan nan 10.211000 1.523000 nan 5.511000 2.914000
nan 9.388000 5.111000 nan nan 5.601000 nan nan nan 2.200000 nan 2.912000
nan nan nan 5.954000 nan nan 3.114000 nan 1.524000 2.202000 nan nan
nan nan 5.105000 nan nan nan nan nan 1.525000 2.204000 5.521000 nan
8.161000 nan nan nan nan nan 3.116000 nan nan nan nan 2.914000
nan nan 5.099000 nan nan nan 3.119000 nan nan nan 5.557000 2.915000
nan 9.446000 nan nan nan nan nan nan nan 2.209000 5.572000 2.915000
nan 9.453000 5.095000 nan nan 5.611000 nan 10.227000 1.528000 2.210000 nan 2.914000
8.148000 9.458000 5.092000 nan nan nan 3.127000 nan nan 2.209000 5.679000 nan
nan nan nan 5.969000 nan 5.610000 3.131000 10.231000 1.530000 2.207000 nan nan
nan nan 5.090000 nan 5.664000 nan nan nan nan nan 5.742000 2.914000
nan nan nan nan nan nan nan 10.233000 1.532000 nan 5.769000 2.914000
nan nan nan nan 5.663000 5.621000 nan nan nan nan nan nan
8.148000 9.471000 nan nan nan 5.625000 nan nan nan nan 5.804000 nan
nan 9.471000 nan nan nan nan nan nan 1.536000 nan nan nan
8.146000 9.472000 nan 6.006000 5.664000 5.648000 nan nan nan 2.178000 nan 2.919000
nan nan nan nan nan 5.659000 3.167000 nan nan nan nan 2.919000
8.142000 nan nan nan 5.663000 5.667000 nan nan nan 2.169000 nan 2.917000
nan 9.473000 5.087000 nan 5.664000 5.669000 3.172000 nan 1.538000 2.165000 nan nan
nan nan 5.088000 6.012000 5.664000 nan 3.172000 nan 1.538000 nan nan nan
nan nan nan 6.012000 5.665000 nan nan nan nan nan 5.841000 2.921000
nan 9.477000 5.090000 nan 5.664000 nan nan nan nan nan nan nan
nan nan nan nan 5.664000 5.699000 3.178000 10.260000 nan 2.146000 nan 2.920000
nan 9.481000 5.093000 nan 5.665000 nan nan 10.259000 nan 2.141000 5.838000 nan
nan nan nan nan 5.665000 nan nan 10.258000 1.541000 nan nan nan
nan nan nan nan 5.666000 nan nan 10.257000 nan nan nan nan
nan nan nan 6.009000 nan nan 3.187000 nan nan nan nan nan
nan nan 5.097000 6.008000 5.666000 nan nan 10.257000 nan nan nan nan
8.147000 nan nan nan nan nan nan 10.256000 nan nan 5.766000 nan
nan 9.481000 5.099000 6.006000 5.665000 5.807000 nan nan 1.545000 2.120000 nan nan
nan 9.480000 5.099000 6.006000 5.666000 nan 3.203000 nan nan 2.117000 nan nan
nan nan 5.101000 nan nan nan nan 10.258000 nan nan nan 2.923000
nan nan nan nan nan 5.781000 3.212000 nan 1.550000 nan nan nan
8.144000 nan nan nan 5.665000 5.766000 nan nan nan 2.109000 nan nan
nan 9.474000 5.104000 nan 5.666000 5.751000 nan nan 1.549000 2.107000 nan 2.924000
8.153000 nan nan 5.997000 5.665000 5.740000 nan nan 1.548000 nan nan nan
8.158000 nan nan nan nan nan nan 10.250000 nan nan nan nan
8.161000 nan nan 5.995000 nan nan 3.234000 10.249000 nan nan 5.784000 2.926000
nan 9.467000 nan nan nan 5.844000 nan 10.250000 nan nan nan nan
nan 9.466000 nan nan nan nan nan nan nan nan nan 2.927000
nan nan nan nan nan 5.953000 nan 10.248000 nan nan 5.771000 nan
nan nan 5.110000 nan nan nan 3.254000 nan nan nan nan 2.930000
nan nan nan nan nan 6.042000 nan 10.247000 nan nan nan nan
nan nan nan nan nan nan 3.258000 nan nan 2.089000 nan nan
nan 9.460000 nan 5.989000 5.665000 6.194000 3.257000 nan nan 2.087000 5.760000 2.928000
8.164000 nan nan nan 5.666000 6.240000 nan nan nan 2.085000 5.759000 2.930000
8.165000 nan nan nan 5.666000 nan nan nan 1.561000 nan nan nan
nan nan nan nan 5.665000 nan 3.261000 nan nan 2.081000 nan nan
nan nan nan 5.984000 nan nan 3.263000 10.241000 nan nan 5.755000 2.929000
nan nan 5.113000 nan nan 6.372000 nan nan nan nan 5.778000 nan
nan 9.454000 5.114000 5.983000 nan 6.392000 3.280000 nan 1.567000 2.075000 nan nan
nan nan 5.115000 5.982000 nan nan nan nan 1.568000 nan 5.796000 nan
nan nan nan 5.981000 nan nan 3.506000 nan nan nan nan 2.930000
nan nan 5.120000 5.980000 5.665000 6.451000 nan nan nan 2.069000 nan 2.931000
nan nan 5.124000 5.980000 5.665000 nan nan nan 1.574000 2.067000 nan nan
8.172000 nan nan 5.979000 nan nan nan nan 1.576000 nan 5.786000 nan
nan 9.443000 5.133000 nan nan 6.478000 nan 10.236000 nan nan nan 2.933000
8.173000 9.441000 nan 5.978000 5.665000 nan 3.313000 10.235000 nan nan 5.781000 2.935000
8.172000 nan 5.142000 nan nan nan nan nan nan nan 5.779000 2.937000
8.173000 nan nan nan nan nan nan nan 1.586000 2.058000 nan nan
nan 9.435000 5.153000 nan nan nan nan 10.234000 nan nan nan nan
8.174000 nan nan nan nan nan 3.149000 nan nan 2.054000 5.773000 2.937000
nan nan 5.170000 5.974000 nan nan nan nan 1.592000 nan 5.772000 2.935000
nan 9.427000 nan nan nan 6.498000 nan nan 1.595000 nan 5.770000 nan
nan nan nan 5.972000 nan nan nan 10.232000 nan nan nan 2.932000
8.177000 nan 5.252000 5.972000 nan nan nan nan nan nan 5.763000 2.933000
8.178000 9.419000 5.373000 5.971000 nan 6.515000 nan nan nan nan nan nan
nan nan nan 5.971000 nan nan 3.352000 nan 1.608000 2.045000 5.758000 2.935000
nan 9.414000 5.658000 nan nan nan 3.352000 nan nan 2.043000 nan nan
8.178000 9.411000 nan nan nan 6.487000 3.354000 nan nan nan nan nan
8.178000 nan nan nan 5.665000 nan 3.357000 10.229000 nan nan 5.687000 2.932000
nan 9.405000 nan 5.968000 nan 6.477000 3.365000 nan 1.622000 nan nan 2.934000
nan 9.403000 5.852000 5.968000 nan nan 3.391000 nan nan nan 5.588000 2.936000
nan 9.400000 5.868000 5.967000 nan nan 3.399000 10.228000 nan nan nan nan
8.184000 nan nan nan nan nan nan 10.228000 nan nan nan 2.934000
8.186000 nan nan nan nan nan 3.400000 nan nan nan nan 2.934000
nan 9.391000 nan nan nan nan 3.404000 10.227000 nan nan nan nan
8.193000 9.388000 nan nan nan 6.443000 nan nan 1.633000 nan 5.552000 nan
8.338000 nan nan nan 5.664000 nan 3.709000 nan 1.719000 nan nan 2.982000
8.339000 9.342000 nan nan nan nan nan nan 1.718000 nan nan 2.981000
nan 9.339000 nan nan nan nan nan nan 1.719000 nan 5.497000 nan
nan nan nan nan 5.666000 nan nan nan nan nan 5.493000 2.980000
nan nan nan nan 5.668000 nan 3.698000 nan 1.717000 nan 5.490000 nan
nan nan nan nan nan 6.264000 nan nan nan nan nan nan
8.335000 nan nan nan nan nan nan nan nan nan 5.485000 nan
nan 9.327000 5.879000 nan nan nan nan nan nan nan nan nan
nan 9.324000 5.878000 nan nan nan nan nan 1.715000 2.010000 nan 2.978000
8.336000 nan 5.878000 5.948000 nan 6.216000 3.683000 nan nan nan 5.475000 2.978000
nan 9.319000 nan 5.948000 nan nan 3.680000 nan 1.714000 2.008000 5.472000 nan
nan 9.316000 5.873000 nan nan nan nan nan nan 2.007000 5.468000 nan
8.335000 9.314000 5.870000 nan nan nan nan nan nan nan 5.466000 nan
nan 9.311000 5.867000 nan nan nan nan nan 1.712000 nan nan 2.975000
nan nan nan nan 5.700000 nan nan nan nan nan nan 2.976000
nan 9.307000 nan nan nan nan nan 10.218000 nan nan nan nan
nan 9.304000 5.854000 nan nan 6.172000 nan nan 1.710000 nan 5.455000 nan
8.332000 nan 5.849000 5.944000 5.701000 nan nan 10.217000 nan nan nan nan
nan 9.300000 5.843000 5.943000 nan nan nan 10.216000 1.709000 nan nan 2.974000
nan nan 5.838000 nan nan nan nan nan 1.708000 nan nan nan
8.330000 9.294000 nan 5.942000 nan 6.153000 3.659000 10.217000 1.707000 nan nan nan
nan nan nan nan nan 6.147000 3.655000 nan 1.706000 nan nan nan
8.330000 9.290000 nan nan nan nan nan 10.215000 nan nan nan nan
8.329000 9.287000 nan nan nan nan 3.652000 10.215000 1.705000 nan nan nan
8.329000 9.285000 nan nan 5.707000 nan nan nan nan nan 5.489000 nan
nan nan 5.807000 nan nan nan nan nan nan 1.994000 5.538000 2.975000
nan nan nan nan 5.708000 6.121000 nan nan nan nan nan nan
nan 9.277000 nan nan nan nan 3.642000 10.213000 nan 1.993000 nan 2.974000
nan nan 5.789000 5.929000 nan nan nan 10.212000 nan nan nan nan
nan nan 5.783000 5.928000 5.710000 nan nan nan nan 1.990000 nan nan
8.325000 nan nan 5.928000 5.712000 nan nan 10.211000 nan nan nan nan
nan nan nan nan nan nan 3.634000 10.211000 nan nan nan 2.973000
nan 9.265000 nan nan 5.713000 6.096000 nan 10.210000 nan nan nan nan
nan 9.262000 nan nan nan nan nan nan 1.699000 nan nan nan
nan nan nan nan nan nan nan nan nan 1.986000 5.511000 nan
8.324000 9.258000 nan nan 5.711000 nan nan nan nan nan nan nan
8.323000 nan 5.713000 nan nan nan nan nan nan 1.985000 nan 2.970000
nan nan nan 5.924000 5.710000 6.074000 3.620000 10.208000 nan nan nan nan
nan 9.250000 nan 5.923000 nan nan nan nan nan nan nan 2.969000
nan 9.248000 nan nan nan 6.066000 nan nan 1.696000 nan 5.496000 2.968000
nan 9.245000 nan 5.924000 nan nan 3.615000 10.205000 nan 1.982000 nan 2.969000
nan nan 5.664000 nan nan nan 3.613000 nan nan 1.981000 nan 2.969000
nan 9.240000 5.656000 nan 5.710000 nan 3.610000 nan nan 1.980000 nan 2.968000
nan 9.237000 5.649000 nan 5.709000 nan nan nan 1.693000 1.979000 5.484000 nan
nan 9.234000 nan nan nan nan nan nan nan nan nan nan
8.317000 9.232000 nan nan 5.708000 6.029000 3.606000 nan nan nan nan nan
nan nan nan 5.921000 5.707000 6.020000 nan nan 1.692000 1.977000 nan nan
nan nan nan nan 5.706000 6.019000 nan 10.200000 nan 1.976000 nan nan
8.314000 nan 5.623000 nan nan nan nan 10.197000 nan 1.976000 nan nan
nan 9.222000 nan nan nan nan nan 10.191000 nan nan nan 2.965000
nan 9.220000 nan 5.919000 nan nan 3.597000 nan nan nan nan nan
8.312000 nan 5.608000 5.919000 nan nan nan nan 1.688000 1.973000 nan nan
8.312000 9.214000 5.602000 nan nan nan nan nan nan 1.973000 nan nan
nan nan nan nan nan 6.021000 3.590000 10.189000 nan nan nan nan
