8.069000 nan 5.041000 nan 5.668000 5.483000 nan nan nan 1.854000 5.186000 2.894000
nan 8.892000 5.046000 nan nan nan 2.979000 nan nan nan nan 2.894000
nan nan 5.049000 nan 5.669000 nan 2.978000 10.156000 1.468000 nan 5.185000 2.895000
nan 8.893000 nan 5.832000 5.667000 5.482000 nan 10.156000 nan 1.855000 5.184000 2.897000
nan 8.895000 5.051000 nan 5.668000 nan 2.976000 nan nan nan nan 2.898000
nan nan nan nan 5.667000 nan nan nan 1.467000 1.856000 nan 2.897000
8.069000 nan 5.049000 nan 5.667000 nan nan nan 1.468000 1.857000 5.186000 2.898000
8.069000 8.895000 5.047000 nan nan 5.480000 nan nan 1.468000 1.858000 5.185000 2.897000
8.070000 8.896000 5.044000 5.831000 5.667000 nan 2.974000 nan 1.469000 1.858000 nan nan
nan 8.896000 5.040000 5.832000 5.668000 5.476000 2.974000 nan nan nan nan 2.893000
8.071000 8.897000 nan nan 5.668000 nan 2.969000 10.152000 1.468000 nan 5.184000 2.893000
nan 8.897000 5.031000 nan 5.667000 nan 2.950000 nan nan 1.861000 5.185000 nan
nan 8.898000 5.026000 5.833000 5.667000 5.484000 nan 10.151000 nan nan 5.185000 2.896000
8.071000 8.898000 nan nan 5.668000 nan nan nan 1.468000 nan nan 2.896000
nan 8.899000 5.013000 nan 5.668000 5.492000 nan 10.152000 1.468000 nan nan nan
8.073000 8.899000 nan nan nan nan nan 10.153000 1.469000 nan nan 2.892000
8.073000 8.900000 nan nan 5.667000 5.489000 2.915000 nan nan nan nan nan
nan nan 4.994000 nan nan nan nan 10.154000 nan 1.869000 nan 2.894000
nan nan nan nan 5.668000 nan 2.919000 nan 1.469000 1.870000 5.188000 2.895000
nan nan 4.985000 nan 5.667000 nan nan 10.155000 nan 1.872000 5.189000 2.895000
8.074000 nan nan 5.839000 nan nan nan 10.157000 1.470000 1.874000 5.189000 nan
8.073000 8.904000 4.982000 5.840000 5.666000 nan 2.937000 10.159000 nan 1.876000 nan 2.893000
8.076000 8.904000 nan 5.841000 5.666000 5.489000 nan 10.160000 1.469000 nan 5.191000 2.891000
nan nan nan nan nan 5.491000 2.948000 nan 1.468000 nan 5.192000 2.891000
nan nan 4.986000 nan nan nan 2.952000 nan nan 1.882000 5.192000 2.894000
8.075000 8.907000 4.989000 nan 5.667000 nan 2.956000 10.163000 1.469000 1.885000 5.193000 2.895000
8.072000 8.908000 4.991000 nan nan 5.485000 2.959000 10.163000 1.468000 1.887000 5.194000 nan
8.070000 nan nan 5.845000 nan 5.482000 2.962000 nan nan 1.890000 5.195000 2.895000
8.070000 8.909000 4.995000 5.845000 nan nan 2.964000 10.161000 1.469000 nan 5.196000 2.893000
8.071000 nan nan 5.846000 5.668000 5.487000 nan 10.160000 1.468000 nan nan 2.892000
8.071000 8.910000 nan 5.846000 5.667000 5.491000 2.968000 10.160000 1.468000 1.899000 5.197000 2.891000
nan nan 4.995000 nan nan 5.490000 nan 10.161000 1.469000 nan 5.199000 nan
8.072000 8.913000 nan 5.848000 5.666000 nan 2.971000 nan 1.469000 nan nan 2.892000
8.073000 8.913000 nan nan 5.667000 5.478000 nan 10.165000 nan 1.908000 5.201000 2.894000
8.073000 8.915000 nan 5.849000 nan 5.479000 2.974000 10.167000 nan nan 5.201000 2.896000
nan 8.916000 4.990000 5.850000 nan 5.481000 nan nan 1.471000 1.912000 nan 2.896000
8.074000 8.920000 4.989000 5.851000 nan nan 2.977000 10.168000 1.471000 1.914000 nan nan
8.075000 nan nan nan nan 5.475000 2.978000 nan nan 1.915000 5.203000 2.891000
nan 8.945000 nan nan 5.668000 5.475000 nan nan 1.469000 nan 5.204000 nan
nan nan 4.985000 5.853000 5.667000 5.478000 2.981000 nan 1.470000 nan 5.206000 nan
8.075000 8.949000 4.984000 5.855000 5.667000 5.476000 2.982000 nan 1.470000 nan 5.207000 2.894000
8.075000 nan 4.982000 5.857000 5.668000 nan nan nan 1.471000 1.918000 5.208000 nan
8.076000 nan nan nan nan nan nan 10.166000 1.471000 1.919000 nan 2.895000
8.076000 nan 4.981000 5.859000 5.668000 5.468000 nan nan 1.472000 1.921000 5.210000 nan
8.077000 nan nan 5.859000 nan 5.472000 nan nan nan 1.921000 nan nan
8.077000 8.958000 nan 5.860000 5.667000 5.475000 2.980000 nan nan nan nan 2.890000
8.078000 8.960000 nan 5.860000 5.668000 5.473000 nan 10.169000 nan nan 5.213000 nan
8.078000 8.962000 4.978000 nan 5.667000 5.469000 2.976000 nan 1.474000 1.924000 5.218000 2.893000
nan 8.963000 4.978000 5.864000 nan 5.470000 2.975000 nan 1.474000 1.924000 nan nan
8.080000 8.965000 4.979000 5.865000 5.667000 5.475000 2.974000 10.175000 1.475000 1.926000 nan 2.895000
nan nan 4.979000 nan 5.667000 5.475000 2.973000 10.174000 1.476000 1.927000 nan 2.894000
8.081000 nan 4.980000 5.867000 5.666000 nan nan 10.173000 1.476000 nan 5.243000 2.891000
8.080000 8.970000 nan 5.868000 nan nan 2.972000 10.174000 nan nan nan 2.890000
8.077000 8.973000 nan nan 5.667000 nan 2.971000 nan 1.476000 1.930000 nan 2.893000
8.076000 8.974000 nan nan nan nan 2.972000 nan 1.476000 1.931000 nan 2.898000
8.076000 8.976000 4.982000 nan nan 5.472000 2.972000 10.182000 1.477000 nan nan nan
8.077000 8.978000 4.982000 nan 5.665000 5.471000 2.973000 nan nan 1.931000 5.249000 2.901000
8.077000 nan 4.983000 nan 5.665000 nan 2.974000 10.181000 1.478000 nan 5.249000 nan
8.078000 nan 4.984000 5.877000 nan 5.462000 2.976000 nan 1.478000 nan 5.250000 nan
8.078000 nan nan 5.878000 nan nan 2.978000 10.180000 1.479000 nan nan 2.898000
8.079000 8.985000 4.986000 5.879000 nan nan 2.979000 nan nan 1.933000 5.252000 nan
nan 8.987000 nan 5.880000 5.666000 nan nan nan 1.480000 nan nan 2.895000
nan 8.989000 nan 5.881000 nan nan 2.982000 nan 1.480000 nan 5.277000 2.896000
8.077000 8.989000 4.990000 nan nan 5.471000 2.983000 10.187000 1.479000 nan 5.300000 2.899000
8.077000 nan 4.991000 nan 5.666000 5.473000 2.984000 nan 1.479000 1.935000 5.311000 2.900000
nan 8.984000 4.991000 nan 5.666000 5.471000 nan 10.188000 nan 1.936000 5.317000 2.898000
nan nan 4.992000 nan 5.665000 5.468000 nan nan nan 1.936000 nan 2.897000
nan 8.980000 4.991000 nan 5.666000 nan nan nan 1.477000 nan 5.324000 2.895000
nan nan nan nan 5.665000 5.475000 nan 10.191000 nan 1.937000 5.329000 2.894000
8.058000 8.975000 nan nan nan nan nan 10.191000 1.476000 nan 5.335000 2.894000
nan 8.976000 4.989000 nan 5.666000 nan nan nan 1.477000 nan 5.341000 2.897000
8.051000 nan nan 5.889000 5.665000 nan 2.986000 nan 1.478000 1.941000 5.346000 2.899000
8.050000 8.989000 nan nan 5.667000 5.480000 2.987000 nan nan nan nan 2.899000
8.050000 8.990000 nan 5.890000 5.667000 nan nan 10.194000 nan nan nan nan
nan 8.992000 nan 5.891000 nan 5.485000 2.988000 nan 1.479000 nan nan 2.895000
8.066000 8.994000 4.986000 5.892000 5.666000 5.484000 nan nan nan nan 5.362000 2.894000
8.073000 nan 4.986000 5.892000 5.667000 5.486000 2.989000 10.196000 1.478000 1.951000 5.364000 nan
nan 8.997000 nan 5.891000 5.667000 nan 2.989000 nan 1.479000 1.952000 5.365000 nan
nan 8.998000 4.984000 nan nan nan 2.990000 10.198000 1.478000 1.954000 nan nan
nan 9.000000 nan 5.890000 5.666000 nan nan nan nan 1.956000 5.369000 2.899000
nan 9.002000 nan nan 5.667000 5.491000 2.991000 nan nan nan nan 2.899000
8.089000 9.002000 4.983000 nan 5.668000 5.488000 2.992000 10.200000 1.477000 nan 5.371000 2.897000
8.090000 9.003000 4.982000 5.892000 5.667000 5.493000 2.992000 10.201000 1.476000 nan nan nan
nan nan 4.982000 nan nan nan 2.993000 10.201000 nan 1.956000 nan 2.896000
nan nan 4.981000 5.891000 nan 5.499000 2.994000 10.202000 nan nan 5.374000 nan
nan nan 4.981000 5.891000 nan 5.498000 nan 10.203000 1.478000 1.957000 nan 2.894000
8.107000 nan 4.980000 5.892000 nan nan nan 10.205000 1.479000 nan 5.375000 nan
nan 9.004000 4.979000 5.892000 5.667000 5.496000 2.995000 10.206000 1.479000 1.958000 5.375000 2.897000
nan 9.004000 4.979000 nan nan 5.500000 2.996000 10.206000 1.480000 1.959000 5.374000 2.898000
8.094000 9.003000 nan nan 5.664000 5.504000 2.996000 10.207000 nan nan 5.373000 2.905000
8.092000 9.003000 4.978000 5.890000 5.665000 5.506000 2.997000 10.207000 1.481000 nan nan 2.913000
nan nan 4.979000 5.889000 5.666000 nan 2.996000 10.208000 1.482000 nan 5.369000 2.902000
8.093000 nan nan 5.889000 nan nan 2.996000 nan 1.482000 1.958000 5.366000 nan
nan 8.984000 nan 5.890000 5.668000 nan 3.095000 10.209000 1.485000 nan 5.358000 2.893000
8.090000 8.984000 nan nan 5.669000 nan nan 10.210000 1.486000 1.946000 nan nan
nan nan nan 5.889000 nan nan nan 10.210000 nan nan nan 2.904000
8.088000 nan 5.024000 5.889000 nan nan 3.097000 10.209000 1.487000 nan nan 2.906000
nan 8.982000 5.026000 nan nan nan nan nan nan 1.947000 5.346000 2.907000
nan 8.981000 nan 5.888000 5.669000 nan 3.098000 10.210000 nan nan 5.343000 2.907000
nan nan 5.030000 nan nan 5.610000 nan 10.211000 1.488000 1.948000 5.339000 nan
8.090000 8.980000 5.032000 5.888000 5.668000 5.612000 nan nan nan 1.948000 5.336000 nan
8.090000 8.979000 5.034000 nan nan 5.614000 nan 10.210000 nan nan 5.334000 2.906000
nan nan nan nan nan nan nan nan 1.490000 nan nan 2.905000
nan 8.978000 5.037000 5.888000 5.669000 5.618000 nan 10.211000 1.490000 nan 5.329000 2.905000
8.093000 8.979000 5.038000 5.888000 nan nan nan 10.210000 1.491000 1.953000 5.328000 2.904000
8.097000 8.978000 nan 5.889000 nan 5.627000 nan 10.209000 1.491000 1.955000 5.328000 nan
8.099000 nan 5.041000 5.890000 nan nan 3.107000 10.210000 nan nan 5.327000 2.903000
nan 8.979000 5.043000 5.891000 5.670000 nan 3.111000 nan nan nan 5.327000 nan
nan 8.979000 5.045000 nan 5.669000 5.652000 3.113000 10.211000 1.493000 1.967000 5.326000 2.909000
8.099000 8.980000 nan 5.892000 5.669000 5.662000 3.112000 nan 1.493000 1.971000 nan 2.909000
nan 8.980000 5.049000 nan 5.668000 nan 3.110000 10.210000 1.494000 nan 5.327000 nan
8.100000 8.981000 nan nan 5.669000 nan 3.108000 nan nan 1.987000 5.328000 nan
8.103000 nan 5.054000 5.894000 5.670000 5.682000 3.106000 10.211000 nan 1.994000 nan 2.909000
8.106000 8.982000 5.056000 nan 5.670000 5.685000 3.106000 10.212000 1.495000 2.002000 nan 2.909000
nan 8.984000 5.058000 nan 5.668000 5.688000 3.104000 10.212000 nan 2.007000 5.329000 2.910000
8.108000 8.986000 nan 5.894000 5.670000 nan nan nan 1.496000 2.013000 5.330000 2.911000
nan 8.989000 5.062000 5.896000 5.670000 5.695000 nan 10.214000 1.497000 nan nan nan
8.106000 8.992000 5.065000 nan 5.668000 5.696000 nan nan 1.497000 nan nan nan
8.105000 nan 5.065000 nan 5.669000 5.697000 3.102000 nan nan 2.026000 nan 2.908000
8.104000 nan nan nan 5.670000 nan nan 10.216000 nan 2.029000 5.333000 2.907000
8.105000 9.003000 5.067000 nan 5.670000 5.698000 nan nan 1.499000 nan 5.334000 2.906000
nan nan nan nan nan nan nan nan 1.499000 nan 5.335000 nan
8.103000 nan 5.069000 nan 5.670000 nan nan 10.220000 1.500000 nan 5.336000 2.905000
nan 9.022000 5.070000 5.903000 5.669000 5.700000 3.103000 nan nan 2.046000 nan 2.904000
8.102000 nan 5.071000 nan 5.668000 5.701000 nan nan nan nan nan 2.903000
nan 9.039000 nan 5.909000 5.671000 5.701000 3.104000 nan 1.501000 2.049000 nan 2.903000
8.100000 nan nan 5.911000 nan nan 3.105000 nan 1.502000 nan nan 2.902000
8.101000 nan nan nan 5.668000 nan nan 10.222000 nan 2.052000 nan 2.902000
nan nan nan 5.914000 5.669000 5.701000 nan nan 1.503000 2.057000 nan nan
8.101000 9.078000 nan nan nan 5.702000 3.104000 nan nan 2.059000 5.365000 nan
8.101000 9.088000 nan nan 5.670000 5.702000 3.105000 10.228000 nan 2.061000 nan 2.902000
nan nan nan nan 5.671000 nan 3.104000 10.229000 1.521000 nan 5.500000 nan
nan nan nan 5.918000 5.671000 nan nan 10.230000 nan nan nan 2.901000
8.101000 9.119000 nan nan 5.669000 5.702000 3.106000 10.231000 1.514000 2.078000 5.517000 2.902000
nan nan 5.090000 5.923000 5.670000 5.702000 3.106000 10.232000 1.513000 2.087000 5.519000 nan
8.101000 9.142000 nan nan 5.671000 nan nan nan 1.514000 2.101000 5.522000 2.903000
nan 9.160000 nan 5.928000 5.671000 5.703000 nan nan nan nan 5.524000 nan
8.101000 9.175000 nan nan 5.670000 nan 3.107000 10.236000 1.515000 nan 5.527000 2.904000
8.100000 9.192000 5.095000 5.933000 nan nan 3.108000 10.239000 1.517000 nan 5.530000 2.903000
8.101000 nan nan 5.935000 nan 5.704000 3.107000 nan nan 2.144000 5.532000 2.903000
8.101000 9.228000 5.096000 5.936000 nan 5.705000 3.109000 10.241000 1.535000 nan nan 2.904000
8.102000 9.246000 5.098000 5.936000 5.670000 5.708000 3.109000 nan nan nan nan 2.904000
nan 9.262000 5.098000 5.934000 nan nan 3.110000 10.246000 1.532000 nan nan nan
8.102000 9.273000 nan nan 5.671000 nan nan 10.246000 nan 2.156000 5.552000 nan
8.102000 nan 5.100000 5.936000 5.671000 5.717000 3.111000 nan nan 2.161000 nan nan
nan 9.296000 nan nan 5.670000 5.720000 nan 10.249000 nan 2.164000 5.594000 2.906000
nan nan 5.101000 5.944000 5.671000 nan nan nan 1.525000 2.165000 5.606000 2.908000
8.103000 9.316000 nan 5.948000 5.672000 nan 3.114000 10.252000 1.526000 nan nan nan
nan nan 5.103000 nan 5.670000 nan 3.114000 nan 1.527000 2.166000 5.627000 2.967000
nan 9.331000 5.105000 5.955000 nan nan 3.116000 nan 1.529000 nan 5.641000 2.958000
8.102000 9.337000 5.107000 nan nan nan nan 10.258000 nan 2.164000 nan nan
nan nan nan 5.959000 nan 5.748000 3.118000 nan nan 2.164000 5.691000 2.948000
8.100000 9.350000 nan 5.962000 nan nan 3.119000 nan nan 2.165000 nan 2.948000
8.104000 nan nan 5.965000 5.670000 nan 3.119000 nan nan nan 5.675000 2.943000
nan nan 5.119000 nan 5.671000 5.763000 3.121000 nan nan nan nan 2.937000
8.107000 nan nan nan nan nan 3.122000 nan nan nan nan nan
8.107000 nan 5.125000 nan 5.669000 nan 3.122000 10.274000 1.537000 nan nan 2.928000
8.108000 nan 5.129000 5.974000 nan 5.783000 nan 10.276000 nan 2.167000 5.701000 2.925000
8.108000 nan 5.134000 nan nan 5.791000 3.124000 10.275000 1.539000 2.167000 5.709000 2.925000
nan nan nan 5.977000 nan nan nan 10.278000 1.541000 nan nan 2.928000
8.110000 9.390000 nan nan 5.669000 nan nan 10.280000 1.543000 2.171000 5.723000 2.925000
nan 9.396000 nan 5.979000 nan 5.802000 3.127000 10.281000 nan nan 5.734000 2.919000
nan 9.400000 5.153000 nan nan nan 3.128000 10.280000 nan 2.181000 nan nan
8.112000 nan nan nan 5.669000 5.806000 nan 10.280000 nan nan nan nan
nan nan 5.161000 5.984000 5.669000 5.814000 nan nan 1.549000 2.195000 5.744000 2.919000
8.119000 9.411000 nan nan 5.670000 nan 3.134000 10.286000 nan 2.201000 5.748000 2.920000
8.121000 9.417000 nan 5.989000 5.670000 nan 3.136000 10.288000 nan 2.206000 5.752000 nan
nan 9.424000 5.171000 nan 5.671000 nan 3.138000 10.290000 1.555000 nan 5.758000 2.921000
8.125000 9.432000 5.174000 5.993000 nan nan 3.141000 nan nan 2.214000 nan 2.923000
nan nan 5.178000 5.994000 5.670000 5.852000 3.143000 nan 1.557000 2.215000 nan nan
nan nan 5.180000 nan 5.671000 5.863000 nan nan 1.558000 nan 5.774000 2.920000
8.143000 9.443000 nan 5.998000 nan 5.872000 3.148000 10.298000 nan nan nan nan
8.154000 nan 5.185000 nan 5.670000 5.885000 3.149000 nan 1.563000 2.210000 nan 2.922000
nan nan nan 6.001000 nan 5.915000 3.151000 nan nan 2.208000 5.794000 2.924000
8.163000 nan nan 6.003000 5.671000 nan nan 10.300000 1.567000 nan 5.800000 nan
8.170000 9.445000 5.192000 6.006000 5.672000 5.979000 3.153000 10.299000 nan 2.204000 5.807000 2.925000
nan 9.443000 nan nan nan 5.995000 3.154000 10.299000 nan 2.202000 nan nan
8.174000 nan 5.195000 6.010000 5.670000 nan 3.156000 nan 1.573000 2.199000 5.810000 nan
8.173000 nan 5.196000 6.011000 nan 6.015000 3.157000 10.300000 nan 2.195000 5.812000 nan
nan 9.439000 5.197000 6.012000 5.669000 6.028000 nan 10.302000 nan 2.193000 nan 2.927000
8.171000 9.437000 nan nan 5.670000 6.044000 3.160000 10.303000 nan 2.192000 nan 2.927000
8.170000 9.436000 5.199000 6.014000 nan 6.068000 nan nan nan 2.192000 5.808000 nan
8.169000 9.434000 nan 6.015000 5.671000 6.084000 nan nan 1.581000 nan 5.806000 nan
nan nan nan nan nan 6.102000 nan 10.306000 1.581000 2.197000 nan 2.931000
8.167000 9.431000 nan 6.028000 5.672000 nan nan nan nan 2.202000 5.802000 2.931000
nan nan nan nan 5.671000 nan 3.170000 10.310000 nan nan nan 2.932000
nan nan 5.203000 6.032000 nan 6.158000 nan nan nan nan 5.797000 2.933000
8.166000 nan 5.204000 6.031000 nan nan 3.175000 nan 1.587000 2.215000 5.793000 2.933000
nan 9.418000 5.204000 6.030000 nan nan nan 10.308000 1.588000 2.216000 5.789000 2.935000
nan nan 5.206000 6.025000 5.672000 6.191000 3.180000 nan 1.591000 2.215000 5.784000 2.937000
nan nan 5.207000 nan nan nan 3.184000 nan 1.593000 2.210000 nan 2.936000
nan nan 5.208000 6.004000 nan 6.228000 3.192000 10.298000 nan 2.209000 5.776000 nan
8.164000 nan 5.211000 6.009000 nan 6.228000 3.206000 10.298000 nan 2.202000 5.771000 2.937000
8.163000 9.396000 5.213000 6.018000 5.672000 6.244000 3.206000 10.300000 1.600000 nan nan 2.937000
8.164000 nan 5.214000 6.022000 nan 6.270000 3.205000 nan nan 2.193000 nan 2.939000
8.164000 9.389000 5.217000 6.021000 nan nan 3.204000 nan 1.604000 2.191000 nan nan
nan nan nan nan 5.674000 6.280000 nan 10.301000 nan 2.186000 5.751000 nan
nan 9.380000 5.222000 6.020000 5.673000 nan 3.205000 nan nan nan 5.732000 nan
8.166000 9.376000 5.226000 6.019000 nan nan 3.207000 nan nan nan nan 2.946000
8.166000 9.372000 nan 6.018000 5.674000 6.350000 3.210000 nan nan 2.173000 5.684000 2.946000
nan 9.368000 5.235000 6.016000 5.673000 6.352000 nan 10.298000 nan 2.170000 nan nan
nan nan 5.241000 6.016000 nan nan nan 10.297000 nan 2.167000 5.675000 nan
8.167000 9.360000 nan nan 5.675000 6.347000 3.229000 10.296000 nan 2.164000 5.669000 2.955000
8.168000 9.357000 nan nan nan 6.347000 nan 10.294000 1.611000 2.160000 5.661000 nan
8.169000 nan nan 6.011000 5.676000 nan nan 10.292000 1.612000 2.157000 5.630000 nan
nan nan nan 6.010000 nan 6.359000 3.241000 10.293000 nan 2.153000 5.600000 nan
8.172000 9.347000 nan 6.009000 5.678000 nan 3.244000 nan 1.614000 nan 5.579000 nan
8.173000 nan 5.279000 6.007000 5.677000 6.375000 nan 10.290000 1.615000 2.147000 5.572000 2.960000
8.176000 9.339000 nan 6.005000 5.677000 6.374000 nan 10.289000 1.617000 nan 5.575000 nan
8.178000 nan nan nan nan nan 3.264000 nan nan 2.143000 5.562000 nan
8.179000 nan 5.293000 nan nan nan 3.265000 10.287000 nan nan 5.555000 nan
8.330000 9.272000 nan 5.988000 5.750000 6.336000 3.592000 10.286000 1.655000 nan nan nan
8.329000 9.269000 nan nan 5.747000 6.325000 3.589000 nan 1.654000 nan 5.513000 2.976000
8.328000 nan 5.801000 5.987000 5.747000 nan nan 10.285000 nan nan 5.509000 2.975000
8.327000 nan 5.808000 5.986000 5.749000 6.305000 nan nan 1.653000 2.092000 5.504000 nan
8.326000 9.259000 nan 5.984000 nan nan nan nan nan nan 5.500000 nan
nan 9.255000 5.820000 nan nan nan 3.581000 nan 1.651000 2.087000 nan 2.975000
8.325000 nan 5.825000 5.983000 nan 6.283000 3.580000 nan 1.650000 2.085000 nan nan
nan 9.248000 nan 5.981000 5.764000 6.274000 nan 10.278000 1.650000 nan 5.490000 2.973000
nan nan 5.837000 nan 5.769000 6.266000 3.571000 10.276000 1.649000 nan nan 2.972000
8.323000 9.240000 nan 5.978000 5.776000 6.256000 3.570000 10.275000 1.649000 2.081000 5.483000 2.972000
nan nan 5.846000 5.978000 5.780000 nan 3.568000 nan 1.648000 nan nan 2.971000
8.322000 9.233000 5.851000 5.977000 5.781000 nan 3.564000 nan 1.648000 nan nan nan
8.321000 9.229000 5.855000 5.976000 5.778000 nan nan 10.273000 1.647000 2.075000 5.473000 2.970000
8.321000 nan nan 5.975000 nan 6.213000 3.558000 10.273000 1.647000 2.072000 5.469000 nan
nan 9.223000 5.860000 nan 5.777000 6.205000 3.555000 10.274000 1.646000 2.071000 5.467000 2.969000
nan 9.218000 5.861000 5.974000 5.777000 6.196000 3.554000 10.272000 nan 2.069000 5.465000 2.970000
nan 9.214000 nan 5.973000 nan nan nan nan nan 2.067000 5.461000 2.970000
8.318000 nan 5.862000 nan 5.774000 6.182000 3.546000 nan nan 2.066000 nan 2.969000
nan 9.208000 5.861000 5.972000 nan 6.174000 3.546000 nan 1.644000 nan 5.537000 nan
nan nan nan 5.971000 5.785000 6.169000 3.547000 10.268000 nan 2.064000 5.560000 nan
8.316000 9.201000 5.857000 5.971000 5.787000 6.163000 3.545000 nan nan 2.061000 nan 2.967000
nan 9.197000 5.854000 nan 5.786000 nan nan 10.266000 1.641000 2.060000 nan nan
nan nan 5.849000 nan nan nan 3.538000 nan nan 2.059000 5.547000 2.965000
8.313000 9.191000 nan nan 5.784000 6.146000 nan nan nan 2.058000 5.542000 2.966000
nan nan 5.838000 nan nan nan 3.536000 10.265000 1.641000 2.056000 nan 2.966000
8.312000 nan nan nan 5.779000 6.135000 3.532000 nan nan 2.054000 nan 2.965000
8.311000 9.180000 5.827000 5.965000 5.777000 nan 3.530000 10.264000 1.640000 2.052000 5.530000 2.965000
8.311000 nan 5.821000 5.965000 5.777000 nan 3.529000 nan 1.639000 2.050000 5.526000 nan
nan nan 5.813000 5.966000 5.779000 6.119000 3.528000 nan 1.638000 2.048000 nan 2.965000
8.310000 9.169000 nan nan 5.776000 nan 3.525000 10.261000 1.638000 nan 5.518000 2.964000
nan nan nan nan nan 6.110000 3.520000 10.260000 1.637000 2.047000 5.513000 nan
8.309000 nan 5.793000 5.965000 5.773000 6.105000 3.520000 nan 1.637000 nan 5.509000 2.962000
8.307000 nan nan nan 5.778000 nan 3.521000 nan 1.636000 nan nan nan
8.304000 9.156000 5.779000 5.957000 5.779000 6.096000 nan 10.259000 1.636000 2.043000 5.504000 2.961000
nan 9.153000 5.773000 nan 5.777000 nan 3.522000 nan 1.635000 2.041000 5.500000 2.962000
nan 9.149000 5.766000 5.951000 5.776000 6.087000 3.522000 10.259000 1.634000 2.040000 5.497000 2.962000
8.307000 9.146000 5.758000 5.953000 5.776000 6.082000 3.520000 10.259000 1.633000 2.039000 5.494000 2.963000
8.306000 9.143000 5.751000 nan 5.773000 6.079000 nan 10.257000 nan 2.037000 5.493000 nan
nan 9.140000 nan nan nan nan 3.511000 10.257000 nan nan 5.491000 2.962000
8.304000 9.138000 nan nan 5.766000 nan 3.508000 nan nan nan 5.490000 nan
8.303000 nan 5.725000 nan 5.765000 nan 3.507000 10.257000 1.630000 2.034000 nan nan
nan 9.133000 5.716000 5.952000 nan nan nan 10.257000 1.629000 nan nan 2.959000
nan nan nan nan 5.761000 nan nan 10.256000 1.629000 2.031000 5.487000 2.959000
nan nan 5.700000 5.951000 nan nan 3.500000 10.254000 nan 2.029000 5.482000 2.958000
8.301000 9.127000 5.692000 5.949000 5.759000 6.048000 nan 10.253000 nan 2.028000 5.484000 nan
nan nan 5.685000 5.949000 5.758000 nan nan nan 1.627000 2.028000 nan 2.964000
8.301000 9.123000 nan 5.948000 5.755000 6.052000 3.494000 10.251000 nan nan 5.594000 2.964000
8.301000 9.121000 nan 5.948000 5.752000 nan 3.491000 10.250000 1.626000 2.026000 5.609000 nan
nan nan nan nan 5.749000 6.067000 3.487000 nan nan nan nan nan
8.299000 9.118000 5.658000 nan nan nan 3.487000 10.249000 1.625000 2.024000 5.608000 2.964000
8.298000 nan 5.652000 5.946000 5.748000 nan 3.486000 10.248000 1.624000 2.023000 5.607000 2.964000
8.298000 nan 5.647000 5.947000 nan 6.017000 nan nan 1.624000 2.022000 nan 2.963000
nan 9.112000 nan 5.946000 nan nan nan 10.267000 1.623000 2.021000 5.605000 2.962000
8.297000 nan 5.635000 5.944000 5.746000 nan 3.483000 10.245000 1.623000 nan nan 2.962000
8.296000 nan nan nan 5.744000 6.029000 3.485000 10.235000 1.622000 nan nan nan
8.296000 nan 5.624000 5.945000 nan 6.038000 3.484000 10.249000 1.621500 2.017000 nan nan
nan 9.122000 nan nan 5.741000 nan nan 10.250000 nan nan nan nan
nan nan nan 5.946000 5.740000 6.057000 nan 10.249000 1.620000 2.015000 5.601000 2.958000
8.293000 nan nan nan 5.740000 nan 3.479000 10.249000 1.620000 2.014000 nan 2.959000
8.292000 nan 5.604000 nan 5.739000 nan nan 10.247000 1.619000 2.013000 5.597000 2.959000
8.292000 nan 5.600000 5.944000 nan 6.026000 3.470000 10.247000 1.619000 nan nan 2.960000
8.293000 9.118000 nan 5.943000 nan 6.011000 3.470000 10.248000 1.618000 2.011000 5.596000 nan
nan nan nan 5.943000 5.735000 6.014000 3.468000 10.249000 1.618000 2.011000 5.594000 nan
nan nan nan nan 5.734000 6.009000 nan 10.248000 1.617000 2.010000 5.594000 nan
8.291000 nan 5.583000 5.941000 nan nan nan 10.247000 1.616000 2.009000 5.593000 nan
nan 9.112000 5.579000 nan nan 5.998000 nan 10.246000 1.616000 2.008000 5.592000 nan
nan 9.110000 nan 5.940000 5.732000 nan 3.462000 10.243000 1.615000 2.007000 5.591000 2.957000
nan 9.109000 nan 5.938000 5.730000 5.990000 3.464000 10.242000 1.614000 2.006000 5.590000 2.956000
nan 9.108000 5.568000 5.939000 nan nan 3.466000 nan 1.613000 nan 5.588000 2.956000
8.290000 9.107000 5.566000 5.939000 5.726000 nan 3.466000 nan 1.613000 2.005000 nan 2.955000
8.289000 9.107000 nan nan nan nan 3.465000 10.241000 1.612000 nan nan 2.955000
8.288000 9.105000 5.561000 5.937000 5.724000 6.008000 3.463000 nan 1.612000 2.004000 5.585000 2.954000
8.287000 9.103000 5.559000 5.937000 5.723000 nan nan 10.242000 1.611000 2.003000 5.584000 nan
nan nan nan nan 5.723000 6.011000 3.461000 10.241000 1.611000 2.003000 nan nan
8.286000 nan nan 5.935000 nan 6.033000 3.459000 nan nan nan 5.577000 2.955000
nan 9.100000 5.549000 5.934000 nan nan nan 10.240000 nan 2.002000 nan 2.959000
8.285000 nan 5.544000 5.934000 nan nan 3.448000 nan 1.609000 2.001000 5.525000 nan
nan 9.099000 nan 5.933000 5.720000 6.050000 3.448000 10.239000 1.608000 2.001000 nan nan
nan 9.098000 5.538000 5.932000 5.720000 nan nan 10.240000 nan 2.000000 5.519000 2.959000
nan 9.097000 nan nan 5.719000 6.048000 nan nan nan 1.999000 nan 2.955000
8.282000 9.095000 5.533000 nan nan 6.048000 3.433000 10.239000 1.607000 1.998000 5.518000 nan
8.282000 nan nan nan 5.717000 6.050000 3.430000 10.239000 1.606000 nan 5.518000 2.954000
nan 9.094000 5.527000 nan 5.716000 nan nan nan nan 1.997000 5.517000 nan
nan 9.093000 5.524000 nan nan 6.030000 nan 10.237000 1.605000 nan 5.517000 nan
nan 9.092000 nan nan nan 6.025000 nan nan 1.604000 1.996000 nan 2.954000
8.280000 9.091000 nan 5.927000 5.714000 nan 3.416000 10.234000 nan 1.995000 5.517000 2.948000
nan nan 5.512000 5.928000 nan 6.026000 3.412000 nan 1.603000 1.995000 5.516000 nan
8.279000 9.089000 5.507000 5.928000 nan nan nan nan 1.603000 1.994000 nan 2.949000
nan 9.089000 5.502000 5.927000 nan 6.023000 nan 10.232000 1.602000 1.994000 nan 2.950000
8.278000 9.088000 5.497000 5.927000 nan 6.019000 3.405000 10.233000 1.602000 1.993000 nan nan
8.278000 9.087000 5.494000 nan 5.713000 nan 3.405000 nan nan nan 5.513000 nan
8.277000 9.086000 5.493000 5.927000 5.713000 6.016000 nan 10.232000 nan 1.992000 nan 2.947000
8.276000 9.086000 5.492000 5.925000 5.711000 nan 3.407000 nan 1.600000 1.991000 5.512000 nan
8.278000 nan nan nan nan 6.012000 nan 10.231000 1.599000 1.991000 nan nan
8.279000 9.083000 nan 5.919000 nan 6.009000 3.415000 10.231000 1.599000 1.990000 5.510000 2.951000
8.281000 9.083000 nan nan 5.709000 6.002000 nan nan 1.598000 1.989000 nan nan
nan nan nan 5.923000 5.708000 nan 3.425000 10.229000 nan 1.989000 nan nan
nan 9.081000 5.481000 nan 5.707000 5.989000 3.428000 10.230000 1.597000 nan nan 2.950000
nan 9.080000 nan nan 5.707000 5.987000 nan 10.230000 nan nan 5.433000 nan
8.280000 nan nan 5.922000 5.706000 nan 3.427000 10.229000 1.596000 1.987000 nan 2.948000
8.282000 nan 5.473000 5.922000 5.705000 5.990000 3.425000 nan 1.595000 nan 5.418000 2.947000
nan 9.078000 5.470000 nan 5.704000 nan 3.423000 nan nan 1.986000 5.417000 2.947000
8.283000 9.076000 nan 5.921000 5.704000 nan nan 10.229000 1.594000 1.986000 5.417000 2.948000
8.279000 9.076000 5.468000 nan 5.703000 5.980000 nan 10.228000 1.594000 nan 5.415000 2.948000
8.275000 9.075000 5.468000 5.922000 5.703000 5.971000 3.420000 10.228000 1.593000 1.984000 5.414000 nan
nan nan nan 5.921000 nan 5.966000 3.417000 10.227000 nan 1.984000 nan 2.947000
8.269000 9.073000 5.472000 5.919000 nan 5.965000 nan nan nan nan nan nan
8.269000 9.073000 nan 5.919000 5.700000 5.960000 nan nan 1.592000 1.982000 5.412000 nan
nan nan 5.481000 5.920000 5.700000 nan 3.411000 10.225000 1.591000 1.982000 5.412000 2.947000
8.267000 9.071000 nan nan 5.699000 5.950000 3.409000 10.225000 nan 1.981000 nan nan
nan 9.070000 5.490000 nan 5.698000 5.949000 3.408000 10.223000 1.590000 nan nan 2.944000
8.268000 9.070000 5.495000 nan nan nan nan 10.223000 1.590000 nan nan nan
8.205000 9.026000 nan 5.919000 5.682000 nan 3.252000 10.222000 1.547000 nan nan nan
8.203000 9.026000 5.424000 nan 5.679000 5.845000 3.253000 10.221000 1.546000 1.964000 5.286000 2.930000
8.203000 nan nan 5.917000 5.677000 5.843000 nan 10.222000 nan 1.964000 5.286000 2.930000
8.202000 9.025000 5.420000 5.916000 5.678000 5.842000 nan nan 1.545000 nan nan 2.929000
nan nan nan 5.916000 5.680000 5.841000 3.250000 10.221000 1.544000 1.963000 5.285000 nan
8.200000 nan 5.416000 nan nan nan 3.251000 nan 1.544000 1.962000 nan nan
8.199000 nan nan nan 5.675000 5.839000 nan 10.221000 1.542000 1.962000 5.284000 2.934000
nan 9.021000 nan 5.914000 5.680000 5.838000 3.250000 10.220000 nan 1.961000 5.283000 nan
nan nan nan nan nan 5.836000 3.251000 nan nan 1.961000 5.283000 nan
nan nan 5.409000 nan 5.678000 nan 3.250000 nan nan nan 5.282000 2.934000
nan 9.018000 nan 5.912000 5.677000 nan 3.250000 nan nan nan nan 2.933000
nan 9.017000 5.406000 5.913000 nan 5.830000 3.249000 nan 1.540000 nan nan nan
nan 9.017000 5.405000 nan nan 5.828000 nan nan 1.539000 1.958000 nan 2.932000
8.193000 9.016000 5.403000 5.911000 5.678000 5.827000 3.248000 10.217000 1.539000 1.957000 nan 2.932000
nan 9.016000 5.401000 nan nan nan nan 10.217000 1.538000 1.957000 nan nan
8.192000 nan 5.399000 5.910000 5.677000 5.821000 3.245000 nan 1.538000 1.956000 5.279000 2.931000
nan nan 5.397000 5.910000 5.675000 nan nan 10.216000 1.537000 1.955000 nan nan
8.191000 nan nan 5.909000 5.675000 nan 3.246000 nan 1.537000 nan nan 2.930000
8.190000 nan 5.393000 nan 5.673000 5.809000 nan 10.215000 1.536000 1.954000 5.278000 nan
8.189000 9.012000 5.391000 nan nan 5.805000 3.249000 10.214000 nan nan nan nan
8.188000 nan 5.388000 5.908000 5.676000 5.799000 3.250000 10.214000 1.535000 nan 5.277000 nan
8.188000 nan nan nan nan nan nan 10.213000 1.535000 1.952000 5.276000 2.929000
8.187000 9.010000 5.383000 5.908000 5.678000 5.789000 nan nan 1.536000 1.952000 nan 2.929000
nan 9.010000 5.380000 5.907000 5.675000 nan 3.249000 10.212000 1.535000 1.951000 nan 2.928000
8.186000 9.009000 5.376000 5.908000 5.675000 nan 3.247000 10.212000 1.535000 1.951000 nan 2.929000
nan nan 5.373000 5.907000 5.674000 nan nan 10.211000 1.534000 1.950000 5.274000 2.929000
8.184000 nan 5.368000 5.905000 nan 5.774000 3.231000 10.211000 1.535000 1.949000 nan nan
8.184000 9.008000 nan 5.905000 nan 5.771000 nan nan 1.535000 nan nan nan
nan nan nan 5.906000 5.674000 5.769000 3.227000 nan 1.534000 nan 5.285000 nan
8.182000 nan nan 5.905000 5.673000 5.766000 3.230000 nan 1.534000 1.948000 5.288000 2.928000
8.182000 nan 5.353000 5.906000 5.675000 5.764000 3.232000 10.209000 1.533000 1.947000 nan nan
8.181000 9.005000 5.349000 5.906000 5.674000 5.762000 3.233000 10.208000 1.533000 nan 5.281000 nan
8.182000 nan 5.346000 nan 5.674000 nan 3.234000 10.207000 1.532000 nan 5.279000 2.925000
8.181000 9.004000 5.343000 5.904000 nan 5.757000 3.234000 10.207000 nan nan nan 2.926000
8.181000 nan nan 5.904000 5.673000 5.754000 3.233000 nan 1.533000 1.945000 nan 2.926000
8.180000 9.003000 5.336000 5.905000 5.674000 nan 3.232000 10.208000 1.533000 nan 5.297000 2.925000
nan 9.003000 nan nan 5.675000 5.751000 3.232000 nan nan nan 5.300000 nan
nan 9.002000 5.329000 5.904000 5.673000 5.749000 3.231000 nan nan 1.943000 nan 2.924000
8.179000 9.002000 5.327000 5.904000 5.674000 nan nan 10.208000 1.535000 1.943000 5.322000 2.923000
nan nan nan 5.905000 5.672000 nan nan 10.207000 nan nan nan nan
nan nan nan nan nan 5.745000 3.230000 10.207000 nan 1.942000 nan nan
8.178000 9.000000 nan nan 5.673000 5.742000 3.229000 nan 1.535000 1.941000 5.303000 2.922000
8.177000 nan 5.320000 5.903000 5.671000 5.740000 3.229000 10.208000 1.535000 nan nan 2.923000
8.177000 nan 5.317000 nan 5.672000 nan 3.230000 10.207000 1.536000 nan nan 2.923000
8.176000 nan 5.315000 5.902000 nan 5.737000 nan nan nan nan nan 2.924000
8.176000 8.998000 5.313000 nan nan nan 3.234000 10.206000 1.536000 1.945000 nan 2.923000
8.175000 8.997000 nan nan 5.672000 nan 3.234000 nan 1.536000 1.944000 nan nan
8.175000 8.996000 5.309000 5.903000 5.673000 5.732000 nan 10.205000 nan 1.941000 5.273000 2.922000
8.174000 8.996000 nan nan nan 5.729000 3.232000 nan 1.533000 1.940000 nan 2.923000
nan 8.995000 5.307000 nan nan 5.729000 3.230000 10.206000 nan 1.939000 nan 2.922000
nan nan nan nan 5.672000 5.730000 3.228000 10.205000 1.534000 nan 5.303000 nan
nan 8.998000 nan nan 5.672000 5.729000 3.226000 nan 1.534000 1.938000 nan nan
nan 9.010000 5.303000 5.899000 5.671000 nan nan 10.206000 nan nan 5.499000 2.922000
8.168000 nan 5.302000 5.899000 nan 5.728000 nan 10.205000 1.535000 nan 5.530000 nan
nan 9.014000 5.300000 5.898000 nan 5.728000 3.222000 10.205000 1.536000 1.936000 nan 2.920000
nan 9.014000 5.299000 5.898000 nan 5.726000 3.222000 nan 1.536000 nan 5.532000 2.919000
nan 9.013000 5.296000 nan 5.671000 5.725000 3.221000 nan 1.537000 nan nan 2.920000
8.166000 nan 5.294000 nan 5.672000 5.723000 3.221000 10.203000 1.538000 1.934000 nan nan
nan 9.012000 5.291000 5.896000 5.670000 nan nan nan 1.538000 nan nan 2.921000
nan 9.012000 5.289000 5.897000 nan nan 3.220000 10.202000 1.539000 1.944000 5.386000 2.921000
8.166000 9.011000 nan 5.896000 nan nan 3.219000 nan nan nan nan 2.920000
8.165000 nan nan 5.896000 nan 5.719000 nan nan nan nan nan 2.920000
8.165000 nan nan 5.895000 5.672000 5.721000 nan 10.202000 1.542000 1.942000 5.358000 2.918000
8.163000 nan 5.276000 nan 5.672000 5.721000 3.213000 10.203000 nan 1.941000 5.357000 2.917000
nan 9.011000 5.273000 5.894000 nan nan 3.210000 nan 1.545000 1.941000 5.357000 nan
nan nan 5.270000 5.894000 nan 5.714000 nan nan 1.547000 1.940000 5.356000 2.918000
nan 9.010000 5.266000 5.893000 5.671000 5.718000 nan 10.202000 1.548000 1.940000 5.356000 nan
nan 9.010000 nan 5.893000 5.670000 5.719000 nan 10.201000 1.548000 nan 5.357000 2.916000
8.160000 9.009000 5.260000 5.892000 5.671000 5.715000 nan 10.201000 1.550000 nan nan 2.918000
8.161000 9.010000 5.258000 5.892000 5.670000 5.714000 3.213000 10.200000 nan nan nan nan
nan nan nan nan 5.671000 nan 3.213000 10.200000 1.551000 1.938000 nan 2.917000
8.158000 nan 5.253000 nan 5.670000 nan 3.214000 nan 1.550000 nan 5.357000 nan
8.144000 9.009000 5.252000 5.892000 5.670000 nan nan 10.199000 nan 1.937000 5.356000 nan
nan 9.018000 5.250000 nan 5.671000 5.710000 3.215000 10.198000 1.545000 nan 5.356000 2.923000
nan nan 5.248000 nan 5.671000 nan nan nan 1.544000 1.935000 5.355000 2.921000
8.157000 nan 5.246000 5.891000 nan 5.706000 3.222000 10.197000 1.542000 1.935000 nan 2.921000
nan 9.007000 nan nan 5.670000 nan 3.226000 nan 1.541000 1.934000 5.359000 2.923000
8.157000 9.007000 5.241000 5.891000 5.671000 5.703000 3.222000 nan nan nan 5.375000 2.922000
nan 9.006000 nan 5.891000 5.670000 5.702000 3.222000 10.197000 1.544000 nan 5.425000 2.922000
8.155000 9.006000 5.238000 nan 5.670000 5.701000 nan 10.197000 1.546000 1.932000 5.458000 2.921000
8.154000 9.005000 5.237000 5.890000 nan 5.701000 nan 10.196000 1.548000 nan 5.462000 nan
8.153000 nan nan nan 5.671000 5.705000 3.216000 nan 1.548000 1.931000 nan 2.920000
8.153000 nan 5.235000 5.887000 nan nan 3.212000 10.195000 1.547000 1.930000 5.463000 2.919000
nan nan 5.189000 5.887000 nan 5.775000 3.153000 10.195000 1.510000 nan nan 2.916000
8.134000 8.967000 5.188000 nan 5.667000 nan 3.152000 10.194000 1.509000 nan 5.253000 2.915000
8.133000 8.966000 nan nan 5.668000 nan 3.152000 10.194000 1.510000 1.917000 5.252000 2.915000
8.133000 8.965000 5.189000 5.886000 nan nan 3.151000 10.193000 nan 1.916000 nan nan
nan 8.964000 5.190000 nan nan 5.769000 nan 10.193000 1.509000 1.916000 5.251000 2.914000
8.131000 8.964000 nan nan 5.668000 5.767000 3.151000 10.192000 nan 1.915000 5.251000 2.915000
nan nan 5.194000 nan nan 5.766000 nan 10.192000 1.507000 1.915000 5.250000 nan
nan nan 5.198000 5.884000 5.668000 5.763000 nan nan 1.508000 1.914000 5.250000 2.913000
nan nan 5.203000 nan 5.667000 nan 3.151000 nan 1.507000 1.914000 5.249000 2.912000
8.132000 8.962000 5.208000 nan 5.667000 5.747000 nan nan nan nan 5.249000 2.912000
nan 8.961000 nan nan 5.668000 nan nan 10.190000 1.508000 1.913000 5.248000 2.911000
8.130000 nan 5.218000 nan nan nan nan nan 1.508000 nan 5.248000 nan
nan 8.960000 5.221000 5.881000 nan 5.732000 3.148000 nan nan nan 5.247000 2.910000
8.124000 8.960000 5.224000 nan nan nan nan nan 1.507000 1.911000 5.246000 nan
8.115000 nan 5.224000 nan 5.668000 nan 3.146000 nan 1.508000 1.912000 5.246000 2.912000
8.114000 8.959000 5.223000 5.880000 nan 5.712000 3.144000 10.187000 nan 1.911000 5.245000 2.912000
8.114000 8.958000 nan nan 5.668000 5.703000 3.143000 nan 1.509000 1.911000 5.245000 2.911000
8.115000 8.958000 nan 5.879000 5.668000 nan 3.142000 10.184000 1.509000 nan 5.244000 2.911000
8.119000 8.957000 5.217000 5.879000 5.669000 nan nan 10.182000 1.506000 nan nan nan
8.121000 8.958000 5.214000 5.878000 5.667000 5.692000 3.141000 nan 1.506000 1.909000 nan 2.909000
8.123000 8.957000 5.212000 5.878000 nan nan 3.141000 nan nan 1.909000 5.253000 nan
8.123000 8.956000 5.210000 5.877000 5.667000 5.683000 3.140000 10.182000 nan 1.908000 nan 2.908000
nan nan nan 5.877000 5.667000 5.683000 nan nan nan nan 5.284000 2.907000
8.121000 8.955000 5.206000 5.876000 5.668000 5.679000 3.142000 10.186000 nan 1.907000 nan nan
8.121000 nan 5.205000 nan 5.667000 5.674000 nan nan 1.509000 nan 5.293000 2.908000
nan nan nan nan 5.668000 nan 3.142000 10.184000 1.509000 1.908000 5.306000 nan
nan nan 5.201000 5.874000 5.667000 nan nan 10.182000 1.510000 1.907000 5.323000 2.909000
8.119000 8.955000 nan 5.874000 nan 5.664000 nan 10.180000 nan 1.907000 5.336000 2.911000
nan 8.954000 5.198000 nan 5.669000 5.661000 nan nan 1.511000 1.908000 5.344000 2.912000
8.120000 8.954000 nan 5.875000 5.668000 5.659000 3.142000 10.179000 nan nan 5.358000 2.911000
nan nan 5.195000 5.876000 5.667000 5.657000 nan 10.180000 1.512000 1.907000 nan 2.911000
nan nan 5.194000 nan nan 5.652000 nan 10.182000 1.512000 1.906000 5.501000 nan
8.119000 nan nan 5.877000 5.668000 nan 3.140000 10.184000 1.513000 1.906000 5.528000 2.912000
8.118000 8.951000 nan 5.876000 5.667000 5.652000 3.140000 10.185000 nan 1.905000 5.532000 2.912000
8.118000 8.951000 nan nan 5.667000 5.648000 3.141000 nan nan 1.905000 nan 2.913000
8.117000 8.950000 5.194000 nan 5.668000 5.646000 nan 10.182000 1.511000 1.912000 nan 2.913000
nan 8.949000 5.195000 5.876000 nan 5.648000 3.141000 nan 1.510000 1.912000 nan nan
8.116000 8.949000 5.198000 nan 5.668000 nan 3.139000 nan 1.510000 1.911000 5.532000 nan
8.115000 nan 5.202000 5.875000 5.669000 5.641000 3.140000 nan nan 1.911000 5.532000 2.911000
nan 8.970000 5.206000 5.875000 nan nan 3.139000 10.180000 1.511000 1.910000 5.531000 nan
8.113000 8.972000 5.211000 nan 5.668000 nan nan nan nan 1.910000 nan 2.910000
8.113000 8.973000 5.216000 nan nan nan nan 10.185000 1.512000 nan nan 2.909000
8.112000 8.973000 5.220000 nan 5.667000 5.637000 3.138000 10.185000 nan nan 5.429000 nan
nan 8.972000 5.223000 5.874000 5.668000 5.639000 nan 10.184000 1.513000 nan 5.383000 nan
nan 8.972000 5.226000 5.873000 5.666000 5.637000 nan 10.181000 1.514000 nan nan nan
nan 8.973000 5.227000 5.873000 nan nan nan 10.180000 1.514000 nan nan 2.909000
8.110000 nan 5.229000 5.872000 5.667000 nan nan nan 1.512000 1.907000 5.299000 2.909000
nan 8.972000 nan nan 5.666000 nan 3.134000 nan nan nan nan nan
8.110000 nan 5.228000 5.871000 5.667000 nan nan 10.179000 1.513000 1.906000 nan 2.910000
nan 8.973000 5.228000 nan 5.666000 nan 3.133000 10.181000 1.513000 1.905000 nan 2.909000
8.111000 nan 5.226000 nan nan 5.631000 3.132000 10.184000 nan 1.905000 nan nan
8.111000 8.974000 5.224000 5.869000 nan nan 3.132000 10.185000 nan nan nan nan
nan 8.974000 nan 5.869000 nan 5.633000 3.131000 10.185000 nan nan 5.251000 2.909000
nan 8.973000 nan nan nan nan 3.130000 nan 1.515000 1.903000 nan nan
8.108000 8.973000 5.216000 nan nan 5.627000 3.129000 10.181000 1.516000 1.903000 5.247000 2.908000
8.108000 nan 5.213000 5.871000 5.667000 nan 3.130000 10.179000 1.516000 nan nan nan
nan 8.975000 5.210000 5.871000 nan nan 3.130000 10.178000 1.515000 nan nan 2.909000
8.108000 8.974000 5.207000 5.870000 nan 5.630000 3.131000 nan nan nan 5.243000 2.910000
8.108000 8.974000 nan 5.870000 nan 5.625000 3.132000 nan 1.516000 nan 5.241000 nan
nan 8.975000 nan 5.869000 5.666000 5.623000 nan nan nan nan 5.241000 nan
8.109000 8.975000 nan 5.869000 5.667000 5.626000 3.134000 10.183000 1.518000 1.900000 5.240000 2.907000
8.108000 8.976000 5.195000 5.868000 5.666000 5.627000 3.135000 10.184000 1.520000 1.899000 nan nan
nan 8.975000 nan 5.868000 5.667000 5.623000 3.135000 10.182000 1.522000 1.899000 5.239000 nan
nan nan nan 5.869000 5.668000 5.621000 3.134000 10.181000 nan 1.898000 nan nan
8.107000 8.976000 nan 5.870000 5.668000 5.621000 nan 10.178000 1.525000 1.898000 nan 2.907000
8.108000 8.976000 nan nan 5.666000 5.622000 3.133000 10.178000 nan 1.897000 5.237000 2.908000
8.107000 nan nan nan 5.667000 5.623000 nan 10.177000 1.529000 nan 5.238000 nan
8.106000 8.975000 5.177000 5.869000 5.668000 nan nan 10.177000 1.531000 nan 5.238000 2.906000
nan nan 5.174000 5.867000 nan 5.626000 nan nan 1.533000 1.896000 5.239000 2.906000
8.107000 nan nan nan 5.667000 5.626000 nan nan 1.533000 nan 5.262000 2.905000
8.107000 nan nan 5.868000 5.668000 5.627000 nan 10.176000 nan nan 5.293000 2.905000
nan 8.974000 nan 5.868000 5.667000 5.624000 3.129000 nan 1.536000 1.894000 nan nan
8.107000 nan 5.165000 5.867000 nan 5.622000 nan 10.177000 1.539000 1.893000 5.308000 nan
8.107000 8.975000 5.163000 nan 5.667000 5.619000 3.128000 nan nan nan nan nan
nan nan nan 5.868000 5.667000 nan nan nan 1.537000 1.894000 5.340000 2.906000
nan nan nan 5.869000 5.668000 5.619000 nan nan 1.533000 1.893000 5.336000 2.907000
8.107000 8.970000 nan 5.869000 5.667000 5.623000 3.125000 nan 1.531000 1.893000 5.324000 2.907000
nan 8.964000 5.156000 nan 5.667000 5.620000 3.125000 10.181000 nan 1.892000 5.306000 2.905000
8.106000 8.959000 5.154000 5.868000 5.668000 5.615000 3.124000 10.180000 nan nan nan nan
nan 8.953000 nan 5.869000 nan 5.613000 3.122000 nan nan 1.891000 5.272000 2.912000
8.105000 8.950000 5.151000 5.869000 nan 5.616000 3.121000 nan 1.528000 nan 5.261000 2.923000
8.106000 8.948000 nan 5.868000 5.666000 nan nan nan 1.528000 nan nan nan
nan nan 5.148000 nan 5.667000 nan nan nan nan nan nan 2.909000
nan 8.947000 nan 5.869000 5.667000 nan nan 10.174000 1.538000 1.892000 5.245000 nan
8.119000 8.947000 nan 5.863000 nan nan 3.092000 10.177000 1.500000 1.891000 5.237000 2.911000
8.119000 8.946000 5.101000 5.863000 5.663000 5.593000 3.091000 10.178000 nan 1.892000 nan nan
nan nan 5.101000 5.864000 nan 5.594000 3.091000 10.176000 nan 1.892000 nan nan
nan 8.945000 nan 5.865000 nan 5.595000 nan nan 1.502000 1.893000 5.235000 2.912000
8.114000 8.946000 nan nan 5.663000 nan 3.089000 10.173000 nan 1.894000 nan nan
8.115000 nan nan 5.863000 5.662000 nan 3.087000 nan 1.503000 nan 5.236000 nan
8.116000 nan nan 5.863000 5.662000 5.593000 3.087000 10.171000 nan nan nan 2.910000
8.116000 nan 5.103000 5.864000 nan nan 3.086000 10.171000 1.504000 nan 5.235000 2.910000
8.115000 8.947000 5.105000 5.865000 nan nan nan 10.172000 nan 1.902000 5.236000 2.912000
8.116000 8.947000 nan 5.865000 nan nan 3.085000 nan 1.505000 nan 5.236000 2.912000
nan 8.948000 nan nan nan nan nan 10.174000 nan 1.907000 5.237000 nan
nan nan 5.116000 nan nan 5.595000 3.086000 10.177000 1.506000 1.914000 5.237000 nan
8.118000 8.949000 5.122000 5.865000 nan nan 3.086000 nan nan nan 5.239000 nan
8.117000 nan 5.129000 nan 5.663000 5.598000 nan nan nan 1.925000 nan 2.911000
8.118000 nan nan 5.870000 5.664000 5.594000 3.088000 nan nan nan nan 2.911000
8.119000 8.955000 5.144000 5.873000 nan 5.590000 3.088000 nan nan nan nan nan
8.118000 8.959000 5.151000 5.876000 nan nan nan 10.177000 nan 1.985000 nan nan
8.118000 nan 5.157000 nan nan nan 3.087000 nan nan nan nan nan
8.119000 nan nan 5.881000 5.663000 5.595000 nan 10.176000 1.509000 2.062000 5.245000 2.913000
nan 8.978000 nan nan 5.663000 nan nan 10.177000 1.510000 2.108000 nan nan
nan 8.985000 5.168000 5.883000 5.664000 nan 3.087000 10.178000 1.511000 nan 5.248000 nan
8.120000 8.990000 5.169000 5.888000 5.664000 nan 3.086000 10.179000 1.511000 2.157000 5.250000 2.911000
8.123000 8.996000 5.168000 5.894000 nan nan nan 10.182000 1.512000 nan 5.253000 nan
nan nan 5.167000 5.897000 nan nan 3.085000 10.185000 nan 2.168000 5.255000 nan
8.127000 9.015000 5.166000 nan nan nan 3.084000 10.186000 1.513000 2.165000 5.261000 2.909000
8.130000 9.023000 5.164000 nan nan 5.598000 nan nan nan 2.162000 nan nan
nan nan nan 5.901000 5.663000 5.603000 3.085000 10.187000 nan nan nan nan
nan nan nan nan nan 5.607000 3.086000 10.188000 1.514000 2.155000 5.306000 2.911000
8.134000 9.064000 5.156000 5.901000 5.663000 5.605000 nan 10.189000 1.515000 nan nan 2.912000
8.135000 9.076000 5.154000 5.902000 nan nan 3.090000 10.190000 nan 2.150000 5.340000 nan
8.138000 nan nan nan 5.664000 5.605000 3.091000 10.190000 1.516000 2.145000 nan 2.910000
8.139000 9.100000 nan 5.907000 nan 5.609000 nan nan nan nan 5.372000 nan
8.140000 9.114000 5.146000 nan nan nan nan nan 1.517000 nan nan 2.909000
nan 9.129000 5.144000 5.914000 5.664000 nan 3.098000 nan 1.517000 nan 5.390000 2.910000
nan nan nan nan nan 5.604000 3.099000 nan nan 2.126000 nan 2.910000
8.139000 9.179000 nan 5.931000 5.663000 5.605000 3.101000 10.194000 1.518000 2.124000 nan 2.911000
8.138000 nan nan 5.935000 5.662000 5.602000 3.103000 10.196000 1.519000 2.125000 nan 2.910000
nan 9.233000 5.132000 nan 5.662000 5.600000 3.105000 10.198000 1.520000 nan 5.498000 nan
8.137000 nan 5.129000 5.927000 5.661000 5.601000 3.106000 nan 1.522000 2.146000 nan 2.914000
8.137000 nan 5.126000 5.931000 nan 5.604000 nan 10.202000 1.523000 2.164000 5.503000 nan
8.140000 9.308000 nan 5.939000 5.662000 5.602000 3.110000 10.206000 nan nan 5.505000 2.912000
8.149000 9.330000 5.120000 5.942000 nan nan 3.111000 nan nan nan 5.507000 2.913000
nan nan nan 5.945000 5.663000 nan 3.111000 10.210000 nan 2.195000 5.508000 2.915000
8.163000 9.371000 5.114000 5.947000 5.663000 5.602000 nan 10.211000 1.523000 2.197000 5.511000 2.914000
nan nan nan 5.951000 5.664000 5.601000 3.113000 10.214000 nan 2.200000 5.513000 2.912000
8.164000 9.403000 5.108000 nan 5.664000 5.598000 nan 10.216000 1.524000 2.202000 5.515000 nan
8.163000 nan 5.105000 5.957000 5.665000 5.604000 3.116000 10.218000 1.525000 nan 5.521000 2.913000
nan nan nan 5.960000 5.665000 5.606000 3.116000 10.220000 1.525000 2.207000 5.539000 nan
8.159000 9.438000 5.099000 5.963000 nan 5.603000 3.119000 10.222000 1.526000 2.208000 5.557000 2.915000
8.156000 9.446000 5.097000 5.964000 5.665000 5.608000 3.121000 10.225000 1.527000 2.209000 5.572000 2.915000
8.153000 9.453000 5.095000 nan nan 5.611000 3.124000 nan 1.528000 2.210000 5.632000 nan
nan 9.458000 nan nan nan nan nan 10.229000 1.529000 nan 5.679000 2.914000
8.147000 9.462000 5.091000 5.969000 5.664000 5.610000 nan 10.231000 nan 2.207000 5.703000 2.915000
nan nan nan nan nan 5.611000 3.136000 10.232000 nan nan nan 2.914000
8.147000 9.468000 5.089000 nan 5.665000 nan 3.140000 nan nan 2.201000 5.769000 2.914000
nan 9.470000 5.089000 5.985000 5.663000 nan nan nan 1.534000 2.196000 5.788000 nan
8.148000 nan 5.088000 5.989000 nan 5.625000 3.152000 10.240000 1.535000 nan nan 2.915000
nan 9.471000 5.088000 nan 5.663000 nan 3.158000 10.243000 nan nan 5.815000 nan
8.146000 9.472000 nan nan nan 5.648000 3.163000 10.247000 1.536000 2.178000 5.823000 2.919000
8.145000 nan 5.086000 6.015000 nan 5.659000 3.167000 nan nan 2.174000 5.830000 2.919000
8.142000 9.472000 5.086000 6.016000 5.663000 5.667000 3.170000 nan nan 2.169000 nan 2.917000
8.136000 9.473000 5.087000 6.014000 5.664000 5.669000 3.172000 nan 1.538000 2.165000 5.837000 2.916000
8.142000 9.474000 nan 6.012000 5.664000 nan 3.172000 10.257000 1.538000 2.159000 5.842000 nan
8.154000 9.475000 nan nan 5.665000 5.682000 nan nan 1.539000 nan nan nan
8.158000 nan 5.090000 6.011000 5.664000 nan nan 10.258000 nan 2.150000 nan 2.920000
8.159000 9.480000 nan nan 5.664000 nan nan 10.260000 nan 2.146000 5.801000 2.920000
8.159000 nan nan 6.010000 nan nan nan nan 1.540000 2.141000 5.838000 2.922000
8.158000 nan 5.095000 nan nan 5.716000 3.183000 10.258000 1.541000 2.138000 nan nan
8.158000 nan 5.095000 nan nan 5.723000 nan nan 1.541000 nan 5.816000 nan
8.156000 nan 5.096000 nan 5.665000 5.737000 nan 10.258000 nan 2.130000 5.778000 2.922000
8.151000 9.482000 nan nan nan 5.760000 nan nan 1.543000 2.126000 5.751000 2.922000
8.147000 9.482000 nan 6.007000 nan nan 3.194000 nan nan nan nan nan
nan nan 5.099000 nan 5.665000 5.807000 3.199000 10.256000 1.545000 2.120000 nan nan
nan 9.480000 5.099000 6.006000 5.666000 5.807000 3.203000 nan nan nan nan 2.925000
8.142000 nan 5.101000 6.013000 5.663000 nan 3.208000 10.258000 1.550000 nan 5.784000 2.923000
nan 9.477000 nan nan 5.665000 5.781000 nan 10.256000 1.550000 2.112000 5.786000 2.923000
nan 9.476000 nan 6.001000 5.665000 nan 3.217000 10.254000 nan 2.109000 nan nan
8.147000 9.474000 nan 5.998000 5.666000 5.751000 3.220000 10.253000 1.549000 2.107000 5.793000 2.924000
8.153000 9.472000 nan nan 5.665000 5.740000 nan 10.252000 1.548000 nan nan 2.925000
8.158000 9.470000 5.106000 5.996000 5.666000 nan nan 10.250000 1.549000 nan 5.796000 2.926000
8.161000 nan nan nan 5.665000 nan 3.234000 10.249000 1.549000 2.101000 nan 2.926000
8.162000 nan 5.108000 5.995000 5.665000 5.844000 3.237000 10.250000 1.550000 2.099000 5.771000 nan
8.162000 9.466000 5.108000 nan nan nan 3.238000 nan nan 2.097000 5.770000 2.927000
8.163000 9.464000 nan nan nan 5.953000 3.241000 nan 1.552000 2.096000 5.771000 2.928000
8.164000 nan 5.110000 nan nan 5.989000 3.254000 10.247000 1.554000 nan nan 2.930000
nan nan nan 5.991000 nan 6.042000 3.257000 10.247000 1.556000 nan 5.766000 2.929000
8.165000 9.461000 5.111000 nan nan 6.129000 3.258000 10.246000 1.557000 2.089000 nan 2.928000
8.164000 nan nan 5.989000 nan nan 3.257000 nan nan 2.087000 nan 2.928000
8.164000 9.459000 nan nan nan nan 3.258000 nan nan nan nan 2.930000
nan nan 5.110000 5.986000 5.666000 nan nan 10.244000 1.561000 nan nan 2.934000
nan nan nan 5.985000 nan 6.312000 3.261000 10.243000 nan nan 5.754000 2.930000
nan 9.456000 5.111000 5.984000 5.666000 6.344000 3.263000 nan nan nan nan nan
8.165000 9.455000 nan 5.984000 5.666000 6.372000 3.267000 10.241000 1.565000 2.077000 5.778000 2.932000
8.166000 nan nan nan 5.665000 6.392000 nan 10.240000 1.567000 2.075000 5.795000 2.932000
8.169000 nan 5.115000 nan 5.665000 6.412000 3.359000 10.239000 1.568000 2.073000 5.796000 2.930000
8.170000 9.452000 nan nan 5.666000 nan 3.506000 nan 1.569000 2.071000 nan 2.930000
8.170000 9.449000 5.120000 nan 5.665000 6.451000 nan 10.238000 nan 2.069000 nan nan
nan 9.448000 5.124000 5.980000 5.665000 6.465000 nan 10.237000 1.574000 nan nan 2.931000
nan nan 5.128000 nan nan 6.476000 nan 10.236000 nan 2.065000 5.786000 nan
8.172000 9.443000 nan nan nan nan nan nan nan 2.063000 5.784000 nan
nan nan 5.137000 5.978000 5.665000 nan nan nan 1.581000 2.061000 5.781000 nan
8.172000 9.439000 nan 5.977000 nan 6.481000 3.273000 10.234000 nan 2.060000 5.779000 2.937000
nan nan 5.147000 5.976000 nan 6.487000 3.195000 nan nan 2.058000 5.778000 nan
8.174000 9.435000 5.153000 5.975000 nan 6.500000 nan 10.234000 1.588000 nan 5.775000 nan
8.174000 nan 5.160000 5.975000 5.665000 6.495000 3.149000 10.234000 1.590000 nan 5.773000 2.937000
8.175000 nan nan 5.974000 nan 6.498000 3.063000 nan nan 2.053000 nan 2.935000
nan 9.427000 5.182000 5.973000 5.664000 6.498000 3.048000 10.233000 1.595000 nan 5.770000 nan
8.177000 nan 5.200000 5.972000 5.665000 6.501000 nan nan 1.598000 2.049000 nan nan
8.177000 9.422000 5.252000 5.972000 5.664000 6.512000 nan 10.231000 1.601000 2.048000 nan nan
nan 9.419000 5.373000 nan 5.665000 nan nan 10.232000 1.604000 2.046000 5.761000 nan
nan nan nan 5.971000 5.665000 6.507000 3.352000 10.232000 nan nan 5.758000 nan
8.177000 9.414000 5.658000 5.970000 5.664000 nan 3.352000 10.231000 1.612000 nan 5.755000 nan
nan nan 5.741000 5.970000 5.664000 nan nan 10.231000 1.614000 2.042000 5.744000 2.932000
8.178000 nan 5.794000 nan nan nan 3.357000 10.229000 1.617000 2.040000 5.687000 nan
nan nan nan nan 5.665000 nan 3.365000 nan nan 2.039000 nan 2.934000
8.180000 nan 5.852000 5.968000 nan 6.468000 nan 10.227000 nan 2.037000 5.588000 2.936000
nan nan 5.868000 nan 5.665000 nan nan nan nan 2.036000 5.572000 2.936000
nan 9.397000 5.880000 5.966000 5.665000 6.457000 nan 10.228000 nan 2.035000 nan nan
nan 9.394000 5.890000 5.966000 5.666000 6.451000 nan nan 1.629000 nan 5.559000 2.934000
8.188000 nan nan 5.965000 nan nan 3.404000 nan 1.632000 nan 5.556000 nan
8.193000 nan 5.904000 nan nan 6.443000 nan nan 1.633000 nan 5.552000 2.937000
nan nan nan 5.954000 nan nan 3.709000 10.226000 1.719000 nan 5.504000 nan
8.339000 9.342000 nan 5.953000 5.665000 6.326000 3.708000 10.225000 1.718000 2.017000 5.501000 2.981000
nan nan nan nan nan nan nan 10.225000 1.719000 nan nan nan
nan 9.337000 nan 5.951000 nan 6.295000 3.701000 10.224000 1.718000 2.015000 nan 2.980000
8.338000 9.335000 5.881000 nan 5.668000 6.280000 3.698000 nan nan 2.014000 nan nan
8.337000 nan nan nan 5.675000 nan nan 10.223000 nan 2.013000 nan 2.978000
8.335000 nan 5.880000 5.950000 5.687000 6.249000 nan nan 1.716000 2.012000 5.485000 nan
8.337000 9.327000 5.879000 nan 5.694000 nan nan 10.222000 nan 2.011000 nan nan
8.337000 9.324000 nan 5.949000 nan 6.224000 nan 10.222000 1.715000 2.010000 5.477000 nan
8.336000 9.321000 5.878000 5.948000 nan nan 3.683000 10.221000 nan nan nan 2.978000
8.335000 9.319000 5.876000 nan 5.699000 6.209000 nan 10.221000 1.714000 2.008000 5.472000 nan
nan 9.316000 nan nan 5.700000 6.202000 3.680000 10.220000 1.713000 nan nan 2.978000
8.335000 9.314000 5.870000 nan 5.700000 6.199000 nan nan 1.712000 nan nan nan
8.335000 nan nan 5.946000 5.701000 nan 3.673000 10.219000 1.712000 2.005000 5.462000 nan
nan 9.309000 nan 5.945000 nan nan nan nan nan nan 5.460000 2.976000
nan 9.307000 nan nan nan 6.178000 3.667000 10.218000 1.710000 nan 5.457000 2.977000
nan 9.304000 5.854000 5.944000 5.701000 6.172000 nan 10.217000 1.710000 2.002000 5.455000 2.976000
nan 9.302000 5.849000 5.944000 5.701000 nan 3.663000 10.217000 1.709000 2.001000 5.453000 2.974000
nan 9.300000 5.843000 nan nan 6.164000 nan 10.216000 nan 2.000000 5.450000 2.974000
8.331000 9.297000 5.838000 nan 5.703000 6.158000 3.660000 10.217000 nan 1.999000 5.447000 2.973000
8.330000 nan 5.832000 5.942000 5.704000 6.153000 3.659000 nan 1.707000 nan nan 2.973000
8.329000 9.292000 5.827000 5.941000 nan 6.147000 nan nan 1.706000 1.997000 5.441000 2.972000
nan 9.290000 5.822000 nan 5.705000 nan 3.653000 nan 1.706000 nan nan nan
nan 9.287000 5.818000 5.940000 nan nan nan 10.215000 nan nan 5.441000 2.978000
8.329000 nan 5.812000 5.939000 nan 6.131000 3.648000 nan nan nan nan 2.977000
8.328000 9.281000 nan nan 5.707000 6.127000 nan nan 1.704000 nan nan nan
8.327000 nan nan 5.931000 5.708000 6.121000 3.644000 nan nan 1.993000 5.544000 nan
nan 9.277000 5.796000 5.929000 nan 6.116000 nan 10.213000 1.702000 1.993000 5.540000 2.974000
8.326000 9.275000 5.789000 5.929000 5.709000 nan nan nan 1.702000 1.991000 nan 2.974000
nan nan nan 5.928000 nan 6.111000 3.638000 nan 1.700000 1.990000 5.530000 2.973000
8.325000 9.269000 5.774000 nan 5.712000 6.104000 nan 10.211000 nan nan 5.525000 2.972000
nan nan nan nan nan 6.101000 3.634000 10.211000 1.700000 1.988000 nan nan
nan nan nan 5.927000 5.713000 6.096000 3.633000 10.210000 1.700000 nan nan 2.972000
nan 9.262000 nan nan 5.712000 6.091000 3.631000 10.210000 nan nan 5.514000 2.972000
nan nan 5.734000 5.926000 5.712000 nan nan nan 1.699000 1.986000 5.511000 nan
8.324000 9.258000 5.723000 5.925000 nan 6.082000 nan 10.209000 1.698000 nan nan nan
nan 9.256000 5.713000 5.924000 5.711000 6.077000 3.623000 10.208000 nan 1.985000 5.504000 2.970000
8.322000 nan nan 5.924000 5.710000 6.074000 3.620000 nan nan 1.984000 5.500000 nan
nan nan 5.691000 5.923000 nan nan nan 10.207000 nan nan 5.499000 2.969000
8.321000 9.248000 5.681000 5.923000 nan nan 3.616000 nan 1.696000 nan 5.496000 nan
8.319000 9.245000 5.672000 nan 5.710000 6.062000 3.615000 10.205000 1.695000 nan nan nan
8.319000 9.243000 nan 5.924000 nan nan 3.613000 10.204000 1.695000 nan 5.489000 nan
8.318000 9.240000 nan 5.923000 nan 6.056000 3.610000 nan nan 1.980000 5.486000 nan
nan nan nan 5.923000 5.709000 6.052000 3.610000 nan 1.693000 1.979000 nan 2.966000
8.317000 nan 5.644000 5.922000 nan nan nan 10.202000 nan 1.979000 nan nan
nan 9.232000 nan nan nan 6.029000 nan nan nan nan nan 2.967000
8.316000 9.230000 nan 5.921000 5.707000 nan nan 10.201000 1.692000 nan 5.596000 nan
nan 9.227000 nan 5.921000 5.706000 6.019000 nan 10.200000 nan nan 5.609000 2.966000
nan 9.225000 5.623000 nan 5.706000 6.024000 3.601000 nan 1.691000 1.976000 5.608000 2.966000
nan nan 5.618000 5.920000 5.705000 nan 3.598000 nan 1.690000 1.975000 nan nan
nan 9.220000 5.613000 5.919000 5.705000 nan 3.597000 nan 1.689000 nan 5.607000 2.965000
8.312000 nan nan 5.919000 5.704000 6.034000 nan 10.182000 nan nan 5.605000 nan
8.312000 9.214000 nan 5.918000 5.703000 6.038000 3.592000 nan 1.688000 1.973000 nan 2.965000
8.311000 nan 5.598000 5.918000 nan 6.021000 nan 10.189000 nan 1.972000 5.604000 2.964000
nan 9.210000 5.593000 5.916000 5.702000 nan 3.588000 10.191000 1.686000 nan nan 2.963000
nan nan 5.588000 nan nan nan 3.586000 10.192000 nan 1.971000 nan 2.963000
8.309000 9.205000 5.583000 nan nan nan 3.584000 10.191000 1.684000 1.970000 5.601000 nan
nan 9.202000 nan 5.914000 5.702000 6.030000 nan 10.191000 nan nan nan nan
nan 9.199000 5.575000 5.914000 5.702000 nan 3.580000 10.193000 1.682000 1.969000 5.598000 nan
nan 9.197000 5.571000 5.915000 5.701000 nan nan 10.195000 1.682000 nan nan nan
nan nan 5.567000 nan 5.701000 nan 3.578000 10.195000 nan nan nan 2.961000
8.307000 9.191000 5.562000 5.913000 5.700000 nan 3.576000 10.196000 1.681000 1.967000 nan 2.961000
8.306000 9.189000 nan 5.913000 nan nan nan nan nan nan nan nan
8.306000 9.186000 nan 5.912000 nan 6.039000 nan 10.195000 1.680000 nan 5.591000 2.959000
nan 9.183000 nan 5.912000 5.698000 6.033000 3.565000 10.194000 1.679000 1.964000 5.590000 nan
nan 9.180000 5.543000 nan nan 6.018000 3.563000 nan nan 1.964000 5.589000 nan
nan nan 5.539000 nan 5.698000 6.003000 3.561000 10.195000 1.678000 1.963000 5.590000 2.957000
8.304000 nan 5.536000 5.910000 nan 5.991000 3.561000 10.194000 1.678000 1.963000 nan nan
nan 9.173000 nan 5.909000 5.696000 nan 3.560000 10.194000 nan nan 5.588000 nan
8.303000 9.169000 nan 5.909000 5.695000 5.980000 3.559000 10.208000 nan 1.962000 5.588000 2.957000
nan 9.167000 5.522000 nan nan 5.981000 3.558000 10.186000 1.676000 1.961000 nan 2.958000
nan nan nan 5.908000 5.692000 nan nan 10.187000 1.676000 nan nan 2.957000
8.301000 9.162000 5.513000 nan nan nan 3.555000 10.194000 1.675000 nan 5.584000 nan
8.301000 9.160000 5.509000 5.906000 5.691000 nan 3.553000 10.194000 1.675000 nan nan nan
nan 9.158000 nan 5.906000 5.689000 nan nan nan 1.674000 1.959000 5.575000 nan
nan 9.156000 5.503000 5.907000 nan 6.035000 nan 10.194000 1.674000 nan 5.543000 2.956000
8.299000 9.153000 5.500000 nan 5.688000 6.031000 nan nan nan nan 5.521000 nan
8.299000 9.150000 nan nan 5.687000 nan 3.547000 10.199000 1.672000 nan nan 2.955000
8.298000 9.149000 5.494000 5.905000 5.687000 6.021000 3.545000 10.203000 nan 1.957000 nan 2.954000
nan 9.147000 5.491000 nan 5.689000 nan 3.542000 nan nan 1.957000 nan 2.953000
nan nan nan nan nan 6.005000 nan 10.209000 nan 1.956000 5.510000 nan
nan 9.142000 5.482000 nan 5.688000 nan nan nan 1.670000 1.956000 5.509000 2.954000
8.296000 9.141000 nan 5.905000 nan nan 3.535000 10.204000 1.669000 nan nan 2.954000
8.296000 nan 5.472000 nan 5.688000 nan 3.533000 10.201000 1.669000 nan 5.508000 2.952000
8.295000 9.137000 5.469000 5.903000 5.685000 6.025000 3.533000 10.199000 nan 1.954000 5.506000 2.951000
8.295000 9.136000 5.467000 nan 5.687000 6.031000 3.532000 nan nan 1.954000 5.506000 2.954000
8.294000 9.134000 5.466000 nan 5.685000 nan 3.531000 10.195000 nan nan nan nan
nan 9.133000 5.467000 nan nan nan nan 10.194000 1.667000 1.954000 5.503000 nan
nan 9.131000 5.468000 nan 5.683000 6.028000 3.529000 10.193000 1.666000 1.954000 nan 2.964000
8.293000 9.130000 nan 5.902000 nan 6.026000 3.552000 10.193000 1.665000 1.953000 5.501000 nan
nan 9.128000 nan 5.901000 5.681000 nan 3.607000 10.192000 1.665000 nan 5.501000 nan
nan 9.106000 5.467000 nan 5.680000 6.021000 3.572000 10.192000 nan nan nan 2.951000
8.291000 9.106000 5.465000 nan 5.680000 nan 3.561000 nan 1.664000 nan nan 2.951000
8.290000 nan 5.463000 nan 5.675000 6.016000 3.559000 10.191000 1.663000 nan nan 2.954000
8.289000 nan 5.462000 5.899000 5.675000 nan 3.539000 10.190000 nan 1.954000 nan nan
8.289000 nan nan 5.899000 5.674000 nan nan nan 1.662000 1.958000 5.497000 nan
nan 9.103000 5.461000 5.898000 nan nan 3.390000 10.189000 nan nan 5.496000 2.955000
8.289000 nan 5.459000 5.898000 nan nan 3.363000 10.189000 1.661000 1.957000 nan 2.956000
8.291000 9.102000 5.457000 5.897000 5.672000 5.998000 3.422000 10.188000 nan 1.957000 5.494000 2.956000
nan 9.101000 5.453000 5.897000 nan nan 3.526000 10.188000 1.660000 1.956000 5.494000 nan
8.246000 9.096000 5.405000 5.897000 5.661000 nan 3.337000 10.188000 1.598000 1.941000 nan nan
nan 9.095000 5.403000 nan 5.662000 nan 3.335000 nan 1.597000 1.940000 nan 2.939000
8.245000 9.095000 5.401000 5.896000 5.662000 nan 3.333000 10.187000 1.596000 1.940000 5.268000 2.940000
nan 9.094000 nan 5.895000 5.661000 5.898000 3.333000 10.187000 nan nan 5.268000 2.940000
nan 9.094000 nan 5.894000 nan 5.894000 3.334000 10.186000 1.595000 nan nan 2.942000
8.245000 nan 5.393000 nan 5.662000 5.893000 3.334000 nan nan 1.938000 5.266000 2.940000
8.244000 nan 5.391000 nan nan nan 3.333000 10.185000 1.594000 nan 5.265000 2.940000
8.245000 9.092000 5.388000 nan nan 5.893000 nan 10.185000 1.593000 1.937000 nan nan
8.246000 9.092000 nan nan 5.660000 nan nan nan 1.593000 nan nan 2.940000
nan 9.091000 5.383000 5.892000 5.660000 5.879000 3.330000 10.184000 1.592000 1.936000 5.264000 nan
8.245000 9.091000 5.380000 nan 5.661000 nan 3.329000 nan 1.592000 1.936000 5.263000 2.939000
8.243000 9.090000 5.377000 5.891000 nan nan nan 10.183000 1.591000 nan nan nan
8.243000 nan 5.375000 nan nan 5.859000 nan nan 1.591000 1.935000 5.262000 nan
nan 9.088000 nan 5.891000 5.660000 5.850000 3.326000 nan nan 1.934000 5.262000 nan
nan 9.088000 5.369000 5.891000 nan nan 3.323000 nan nan nan 5.261000 nan
8.243000 9.048000 5.367000 nan 5.661000 nan 3.316000 10.181000 nan 1.933000 5.261000 2.943000
nan 9.047000 5.366000 5.890000 5.661000 nan 3.317000 nan nan 1.933000 5.260000 2.946000
8.242000 9.047000 5.365000 nan 5.660000 5.818000 nan 10.180000 1.587000 nan nan 2.945000
nan nan nan 5.889000 nan nan 3.322000 10.179000 nan 1.932000 5.260000 nan
8.240000 9.046000 5.364000 nan 5.660000 5.810000 nan 10.179000 1.587000 1.931000 nan 2.942000
8.240000 nan 5.363000 nan 5.660000 5.808000 3.321000 10.178000 nan 1.931000 nan 2.942000
8.239000 9.044000 5.361000 nan nan nan 3.319000 10.178000 1.586000 1.930000 nan 2.940000
8.238000 9.044000 5.358000 nan 5.662000 5.801000 3.319000 10.177000 1.586000 nan 5.258000 nan
nan 9.043000 nan 5.886000 5.662000 nan nan 10.178000 1.585000 1.929000 5.258000 nan
nan 9.042000 nan 5.886000 nan 5.786000 3.321000 10.178000 1.585000 nan 5.257000 nan
8.236000 9.043000 5.351000 nan nan nan nan nan 1.584000 nan 5.257000 nan
nan 9.043000 5.349000 5.885000 nan 5.786000 3.322000 nan nan 1.928000 5.258000 2.938000
8.235000 9.044000 5.348000 5.886000 nan 5.783000 3.321000 10.177000 nan 1.927000 5.258000 2.940000
8.234000 9.045000 5.347000 nan nan 5.776000 3.320000 10.177000 nan nan nan nan
8.234000 9.045000 nan 5.885000 5.663000 nan nan 10.176000 nan 1.925000 5.257000 nan
nan 9.047000 nan nan 5.662000 nan 3.319000 10.175000 1.582000 nan nan 2.937000
8.232000 9.048000 5.348000 nan 5.662000 5.765000 3.318000 nan 1.581000 1.925000 5.290000 2.938000
nan 9.049000 5.347000 5.886000 5.663000 5.758000 3.317000 nan 1.581000 1.925000 nan nan
8.231000 9.050000 nan 5.885000 nan nan nan 10.172000 1.582000 1.924000 5.493000 2.940000
nan nan 5.345000 nan nan nan 3.316000 10.173000 nan 1.924000 5.499000 nan
nan nan 5.343000 5.884000 5.661000 5.756000 nan 10.174000 nan nan nan 2.938000
nan 9.052000 nan 5.884000 5.662000 nan 3.314000 nan nan nan 5.500000 2.938000
8.225000 9.053000 5.338000 5.883000 5.661000 nan 3.313000 nan nan 1.922000 nan 2.940000
nan 9.054000 nan nan nan 5.745000 3.313000 nan 1.583000 1.922000 5.499000 2.938000
nan 9.055000 5.336000 5.882000 nan 5.748000 nan nan nan nan 5.499000 2.937000
nan 9.055000 5.334000 5.881000 5.662000 5.750000 nan 10.177000 nan nan nan 2.938000
8.221000 9.056000 5.333000 5.880000 nan nan 3.310000 10.176000 nan 1.920000 nan 2.940000
8.220000 9.056000 5.333000 5.880000 nan nan 3.308000 10.174000 1.586000 1.919000 nan nan
nan nan nan nan 5.662000 5.742000 3.299000 10.172000 1.586000 1.919000 nan nan
8.219000 9.058000 nan 5.881000 5.661000 5.743000 nan 10.172000 1.587000 1.920000 nan 2.939000
nan nan 5.327000 5.880000 5.662000 5.744000 nan nan nan 1.919000 nan nan
nan 9.058000 5.323000 5.879000 5.664000 5.743000 3.299000 10.175000 1.588000 nan nan 2.936000
nan 9.058000 5.319000 5.878000 5.661000 nan nan 10.177000 nan nan 5.291000 nan
8.219000 9.059000 5.314000 5.878000 5.663000 nan nan 10.178000 1.589000 1.918000 nan nan
nan 9.058000 5.309000 nan nan 5.732000 nan 10.178000 nan 1.917000 nan 2.938000
8.222000 9.058000 5.303000 5.878000 5.662000 5.733000 nan 10.176000 nan 1.918000 nan 2.939000
nan 9.057000 nan 5.878000 nan 5.736000 nan nan nan 1.918000 5.259000 nan
nan nan nan nan 5.662000 nan 3.296000 nan nan nan 5.257000 2.936000
8.216000 9.057000 nan 5.876000 nan 5.732000 3.295000 nan 1.591000 1.917000 nan 2.936000
nan nan 5.282000 5.876000 5.661000 nan 3.295000 10.171000 nan 1.921000 5.253000 nan
8.214000 9.056000 5.277000 nan 5.660000 nan nan 10.172000 nan nan 5.252000 2.937000
8.213000 9.055000 nan nan 5.661000 nan 3.298000 10.174000 nan 1.924000 5.251000 2.936000
8.213000 nan 5.269000 5.877000 nan nan nan nan 1.590000 1.924000 nan nan
nan 9.054000 nan nan nan nan nan 10.176000 1.590000 nan 5.250000 nan
8.212000 nan nan nan 5.661000 5.729000 3.300000 nan nan 1.923000 5.251000 2.936000
8.211000 9.053000 5.256000 nan 5.662000 nan 3.299000 10.174000 1.588000 nan 5.251000 2.937000
nan 9.052000 nan 5.868000 5.658000 5.679000 nan 10.169000 nan 1.899000 nan nan
8.224000 9.051000 5.183000 nan 5.659000 5.679000 3.224000 nan 1.593000 1.898000 5.313000 2.940000
8.222000 nan 5.197000 nan 5.658000 5.675000 nan nan nan 1.898000 5.297000 2.941000
8.221000 9.050000 5.211000 nan nan 5.671000 3.223000 10.167000 1.594000 nan nan 2.941000
nan nan 5.223000 5.866000 5.659000 5.668000 3.223000 nan nan nan 5.271000 2.940000
nan nan nan 5.865000 5.658000 5.669000 nan 10.166000 1.595000 nan nan nan
8.217000 9.049000 5.238000 5.865000 5.658000 5.669000 3.222000 10.164000 1.595000 1.895000 5.256000 nan
nan 9.048000 5.241000 nan nan nan nan 10.163000 1.596000 1.895000 5.253000 2.946000
nan nan 5.241000 5.866000 5.658000 5.672000 nan 10.162000 1.596000 nan nan 2.945000
8.216000 9.047000 5.239000 5.865000 5.658000 nan 3.222000 nan 1.597000 nan 5.248000 nan
nan 9.046000 nan 5.865000 5.657000 nan 3.221000 nan 1.597000 nan nan nan
8.215000 9.046000 5.233000 nan 5.657000 nan 3.222000 10.163000 1.598000 1.894000 nan 2.946000
8.216000 9.045000 5.230000 nan 5.656000 nan nan 10.165000 1.598000 nan 5.245000 2.945000
nan 9.044000 5.226000 5.863000 nan 5.721000 3.221000 nan 1.599000 1.893000 5.245000 2.945000
8.216000 nan 5.222000 nan 5.657000 5.730000 nan 10.167000 1.599000 nan nan nan
8.216000 nan 5.219000 nan 5.656000 5.735000 3.220000 10.166000 1.598000 nan nan 2.945000
nan nan 5.216000 nan nan 5.738000 3.221000 10.165000 nan 1.893000 nan nan
8.218000 9.042000 5.213000 5.861000 5.657000 nan 3.221000 10.164000 nan 1.893000 5.309000 2.943000
nan 9.041000 5.210000 5.859000 5.656000 nan nan 10.164000 nan nan 5.329000 nan
nan 9.041000 5.208000 5.859000 nan 5.733000 nan 10.163000 1.596000 1.892000 5.330000 2.944000
nan nan 5.204000 nan 5.657000 nan 3.219000 10.163000 1.596000 nan 5.327000 2.946000
8.222000 nan nan 5.861000 5.656000 5.736000 3.220000 nan nan 1.896000 5.323000 2.945000
nan nan 5.197000 5.861000 5.657000 5.737000 3.219000 10.161000 1.595000 1.893000 5.319000 nan
nan 9.037000 nan nan 5.658000 nan nan 10.160000 1.594000 1.895000 5.314000 2.944000
nan nan 5.190000 5.860000 5.657000 5.737000 3.220000 10.158000 1.594000 nan nan 2.944000
8.221000 9.036000 5.186000 5.861000 nan 5.734000 3.219000 10.157000 1.593000 1.900000 5.311000 2.943000
nan nan 5.183000 5.860000 5.656000 nan nan 10.157000 1.593000 1.900000 nan 2.943000
8.222000 9.035000 nan 5.859000 5.657000 5.730000 3.218000 10.158000 1.592000 nan 5.310000 2.941000
nan 9.033000 5.178000 5.858000 5.657000 nan nan 10.160000 nan 1.899000 nan nan
nan 9.033000 nan 5.859000 nan 5.734000 3.216000 nan 1.591000 1.898000 5.309000 nan
nan nan nan nan nan nan nan 10.162000 1.591000 nan nan 2.944000
8.221000 9.032000 nan nan 5.657000 5.728000 3.216000 nan nan 1.896000 nan 2.943000
8.221000 nan nan 5.861000 nan 5.727000 3.215000 10.160000 nan nan nan 2.941000
8.222000 9.031000 nan 5.860000 5.656000 5.730000 nan 10.160000 nan 1.895000 5.309000 2.941000
nan 9.030000 nan 5.859000 5.656000 nan nan 10.159000 1.589000 nan 5.312000 2.942000
nan 9.030000 5.161000 nan 5.657000 nan 3.217000 10.159000 1.588000 1.894000 nan nan
8.222000 nan 5.159000 5.860000 nan 5.717000 nan 10.158000 nan 1.894000 5.319000 nan
nan 9.029000 nan 5.861000 nan 5.715000 3.216000 10.159000 1.587000 1.893000 5.323000 nan
nan 9.028000 5.157000 5.861000 5.655000 nan 3.216000 nan 1.587000 nan nan 2.941000
8.223000 9.027000 5.156000 nan 5.656000 nan nan nan 1.586000 1.892000 nan 2.942000
8.223000 nan nan nan nan 5.713000 nan 10.158000 nan 1.892000 nan 2.941000
nan 9.026000 nan nan 5.655000 5.709000 nan 10.157000 nan 1.891000 nan nan
8.223000 9.026000 5.152000 5.860000 5.656000 5.702000 3.215000 nan 1.588000 nan nan nan
nan 9.025000 nan nan 5.655000 nan nan nan 1.587000 nan nan 2.941000
nan 9.024000 nan nan 5.657000 nan 3.214000 nan nan 1.890000 5.347000 2.941000
nan nan nan 5.859000 5.656000 5.694000 3.213000 10.157000 nan 1.889000 5.350000 2.940000
8.224000 9.023000 5.146000 5.858000 5.656000 nan nan nan 1.589000 1.889000 5.357000 2.940000
8.223000 9.023000 5.144000 5.858000 5.657000 nan 3.215000 nan 1.590000 1.890000 nan 2.939000
8.223000 nan nan 5.859000 5.657000 5.681000 nan 10.157000 nan 1.890000 nan nan
8.222000 nan 5.141000 nan nan 5.682000 3.213000 nan nan 1.889000 nan nan
8.222000 9.021000 nan 5.860000 nan 5.680000 3.214000 nan 1.588000 1.889000 5.387000 2.939000
nan nan 5.139000 nan nan nan nan nan 1.587000 1.888000 nan 2.938000
8.222000 nan 5.138000 5.860000 nan nan 3.213000 10.154000 1.588000 1.888000 5.386000 nan
8.222000 9.020000 5.137000 5.860000 nan 5.667000 nan 10.154000 1.588000 1.887000 nan 2.939000
nan nan 5.136000 5.861000 nan nan 3.212000 10.155000 nan 1.887000 nan nan
8.221000 9.019000 nan 5.861000 nan nan nan nan 1.588000 nan nan 2.938000
8.220000 9.020000 nan 5.862000 5.655000 5.667000 nan nan nan nan nan 2.936000
8.220000 nan 5.133000 nan 5.656000 5.661000 nan 10.160000 nan 1.885000 5.387000 2.937000
8.219000 9.018000 5.133000 5.861000 nan nan nan nan nan 1.885000 5.386000 nan
nan 9.019000 5.134000 nan nan nan nan 10.159000 1.586000 1.884000 nan 2.938000
8.218000 9.020000 5.135000 5.862000 5.656000 nan 3.210000 nan 1.585000 nan 5.387000 nan
8.218000 9.019000 5.137000 5.862000 nan 5.661000 3.210000 10.158000 nan 1.883000 5.387000 2.939000
8.219000 nan 5.140000 5.861000 5.655000 nan 3.209000 10.158000 1.584000 nan nan 2.938000
nan 9.020000 nan 5.860000 nan 5.662000 nan 10.157000 1.584000 nan 5.386000 nan
8.218000 nan 5.148000 nan nan 5.659000 3.208000 10.157000 1.585000 1.881000 nan 2.936000
nan 9.021000 nan 5.861000 5.655000 nan nan nan 1.585000 1.882000 5.387000 nan
nan 9.021000 5.157000 5.861000 5.656000 nan 3.207000 10.158000 nan nan 5.386000 nan
8.232000 nan nan 5.860000 nan 5.695000 nan 10.155000 nan 1.882000 5.315000 nan
nan 9.051000 nan 5.859000 nan 5.694000 nan 10.156000 nan 1.881000 nan 2.944000
8.233000 9.050000 5.126000 nan 5.653000 5.694000 nan 10.156000 1.591000 nan nan 2.944000
8.234000 9.050000 5.128000 nan 5.652000 nan nan 10.155000 nan 1.880000 nan nan
8.234000 9.049000 5.129000 5.857000 5.653000 5.684000 3.191000 10.155000 1.590000 1.880000 5.313000 nan
8.235000 9.049000 5.131000 nan 5.653000 5.678000 3.191000 nan 1.591000 1.886000 5.314000 2.944000
8.235000 nan 5.132000 5.858000 nan 5.678000 3.192000 nan nan 1.887000 nan nan
8.236000 9.047000 5.134000 nan 5.653000 5.679000 nan 10.153000 nan 1.887000 nan nan
nan 9.047000 nan 5.857000 nan 5.674000 3.193000 10.154000 nan 1.886000 5.324000 nan
8.235000 9.046000 5.138000 nan nan 5.668000 3.192000 10.153000 1.589000 nan 5.327000 2.947000
nan nan nan nan 5.654000 5.664000 3.193000 nan nan nan nan nan
8.236000 9.046000 nan 5.855000 5.653000 5.664000 3.194000 nan 1.588000 1.885000 nan nan
8.235000 9.045000 5.144000 5.855000 5.653000 nan 3.193000 10.152000 nan nan 5.340000 2.951000
nan 9.045000 nan 5.854000 nan nan nan 10.151000 nan nan 5.344000 2.948000
8.236000 9.044000 5.147000 5.854000 nan nan nan nan 1.588000 1.883000 5.348000 nan
8.235000 nan nan nan 5.652000 nan nan nan nan 1.883000 5.352000 nan
nan 9.042000 nan 5.855000 5.653000 5.650000 3.193000 10.151000 1.587000 1.882000 nan 2.944000
nan 9.042000 5.148000 5.854000 5.652000 5.651000 3.192000 nan 1.587000 1.882000 5.359000 nan
nan 9.041000 nan 5.854000 5.653000 nan 3.193000 10.150000 nan 1.881000 5.362000 nan
8.235000 9.041000 5.148000 5.853000 nan 5.645000 nan nan nan 1.881000 nan 2.944000
nan nan nan nan nan 5.640000 nan nan 1.587000 1.880000 5.369000 2.944000
nan nan nan 5.854000 5.652000 5.640000 3.194000 10.150000 nan 1.880000 5.371000 nan
8.239000 9.039000 5.147000 nan nan 5.641000 nan nan nan nan 5.372000 nan
8.240000 9.038000 5.146000 nan nan nan 3.193000 10.151000 1.587000 1.879000 nan 2.941000
nan 9.038000 5.146000 5.854000 5.652000 5.642000 nan 10.150000 nan nan 5.375000 2.941000
nan 9.037000 nan 5.854000 5.653000 5.638000 3.192000 nan nan nan nan 2.939000
nan 9.037000 nan 5.853000 nan 5.634000 nan 10.151000 nan nan 5.378000 2.939000
nan 9.036000 5.144000 nan 5.654000 5.635000 3.193000 10.151000 1.585000 nan nan nan
nan nan 5.144000 nan 5.653000 nan 3.191000 10.152000 1.584000 1.876000 5.379000 2.938000
8.237000 9.035000 5.143000 5.852000 nan nan nan nan nan 1.875000 5.380000 2.939000
8.236000 9.034000 5.143000 5.851000 5.652000 5.635000 3.192000 10.155000 nan 1.875000 5.379000 2.937000
nan nan 5.141000 nan 5.653000 5.632000 3.192000 10.155000 nan 1.874000 nan nan
nan 9.033000 5.140000 nan nan 5.634000 nan 10.154000 1.582000 1.874000 nan 2.938000
8.228000 nan nan 5.987000 5.652000 nan nan 10.154000 nan nan 5.377000 nan
8.238000 nan nan 5.975000 nan nan 3.191000 nan nan 1.873000 5.374000 2.939000
8.239000 9.032000 5.137000 5.943000 nan nan 3.191000 10.153000 1.581000 nan 5.372000 nan
nan nan 5.135000 nan 5.652000 nan 3.190000 nan 1.580000 1.872000 nan 2.938000
8.234000 nan 5.133000 nan nan 5.643000 3.190000 nan 1.580000 1.871000 nan 2.936000
8.233000 9.030000 5.131000 5.861000 5.653000 nan nan 10.153000 1.579000 1.871000 nan 2.936000
nan nan nan 5.843000 5.652000 5.649000 nan nan nan nan nan 2.938000
8.231000 nan 5.128000 nan 5.652000 5.654000 nan 10.152000 1.578000 1.870000 nan 2.938000
nan nan 5.125000 nan 5.654000 5.654000 nan 10.152000 1.578000 nan nan 2.937000
nan 9.027000 nan nan nan nan 3.191000 nan nan 1.871000 nan 2.938000
8.229000 nan nan 5.804000 5.653000 nan 3.190000 10.152000 1.577000 1.870000 5.365000 2.939000
8.228000 9.007000 5.119000 5.799000 5.652000 nan nan 10.152000 1.576000 1.869000 nan 2.936000
nan nan nan nan 5.652000 5.656000 nan 10.155000 nan 1.869000 5.364000 2.936000
nan nan nan nan nan 5.659000 3.189000 nan 1.575000 1.870000 nan 2.937000
8.228000 nan nan 5.789000 nan 5.662000 3.188000 nan nan nan 5.365000 2.939000
nan nan 5.113000 nan 5.652000 nan 3.187000 10.173000 1.574000 nan 5.390000 nan
8.227000 9.004000 5.111000 5.786000 nan 5.661000 nan nan nan nan 5.448000 2.937000
8.227000 9.003000 nan nan 5.653000 nan nan nan 1.573000 nan nan 2.936000
8.228000 9.003000 nan 5.784000 nan nan 3.187000 10.181000 1.573000 1.868000 nan nan
8.227000 nan 5.106000 5.783000 nan 5.674000 3.187000 nan 1.572000 nan 5.470000 2.942000
nan nan 5.105000 5.783000 nan nan 3.188000 nan 1.572000 1.867000 nan 2.943000
8.226000 nan 5.104000 nan nan nan 3.188000 10.168000 1.573000 1.866000 nan nan
8.226000 nan 5.103000 5.782000 5.653000 5.670000 3.187000 10.162000 nan nan nan 2.943000
nan nan nan 5.788000 5.652000 nan 3.187000 nan 1.574000 nan nan 2.943000
nan nan nan nan nan 5.669000 nan nan 1.574000 nan nan nan
8.224000 9.006000 nan nan nan nan 3.185000 10.141000 nan 1.864000 nan 2.943000
8.225000 9.006000 5.098000 5.878000 5.653000 nan 3.185000 10.137000 1.575000 nan 5.405000 nan
8.225000 9.007000 nan nan 5.654000 nan 3.187000 10.131000 1.574000 nan nan 2.943000
8.226000 nan nan nan 5.654000 5.687000 3.188000 10.126000 1.574000 1.865000 5.367000 2.942000
8.226000 9.008000 nan 5.878000 5.653000 nan 3.188000 nan 1.573000 1.864000 5.363000 2.941000
8.225000 nan 5.095000 nan 5.653000 5.693000 nan 10.122000 nan 1.864000 5.363000 nan
8.225000 nan nan nan nan 5.692000 3.186000 nan 1.572000 nan 5.362000 nan
nan 9.009000 5.093000 nan 5.654000 5.691000 nan nan 1.572000 1.862000 nan nan
nan nan 5.091000 5.847000 5.653000 5.695000 nan 10.120000 nan nan nan nan
8.223000 9.008000 5.089000 nan 5.654000 nan 3.184000 nan nan 1.863000 5.361000 2.941000
8.223000 nan 5.087000 nan nan 5.699000 nan 10.122000 nan nan nan nan
8.222000 9.006000 nan 5.844000 nan 5.696000 nan nan 1.570000 nan 5.363000 2.942000
8.222000 9.006000 5.084000 nan 5.654000 nan 3.184000 10.141000 nan nan 5.362000 2.940000
nan nan 5.084000 5.851000 5.654000 5.699000 3.184000 10.149000 nan 1.865000 5.362000 2.940000
8.194000 nan 5.142000 nan 5.651000 5.681000 nan nan 1.556000 1.866000 5.231000 nan
8.194000 9.004000 5.148000 nan 5.652000 nan 3.150000 10.152000 1.555000 1.866000 5.231000 2.930000
nan 9.004000 5.154000 nan nan nan 3.149000 10.151000 1.555000 nan nan 2.932000
8.193000 nan 5.160000 5.844000 5.651000 5.677000 3.147000 10.150000 nan nan 5.230000 2.933000
nan nan 5.166000 5.843000 nan 5.676000 3.147000 nan 1.554000 1.864000 5.229000 2.931000
8.189000 nan 5.170000 5.843000 5.651000 5.677000 3.148000 nan 1.553000 nan 5.229000 2.930000
nan nan 5.174000 5.842000 nan 5.679000 3.149000 10.146000 1.553000 1.863000 nan nan
8.185000 nan nan 5.842000 5.652000 nan nan 10.145000 1.552000 1.863000 5.228000 2.931000
8.185000 nan 5.178000 5.841000 5.652000 5.676000 nan nan 1.552000 1.862000 nan nan
nan nan nan 5.841000 5.651000 5.672000 nan 10.144000 nan 1.862000 5.227000 2.932000
8.184000 nan nan nan 5.651000 5.667000 3.152000 nan 1.551000 nan nan 2.929000
8.183000 nan 5.177000 5.839000 nan 5.665000 3.151000 nan nan nan nan 2.929000
nan nan 5.176000 5.839000 5.652000 nan 3.150000 nan 1.550000 1.861000 5.225000 2.931000
8.181000 8.997000 nan 5.840000 nan nan nan nan 1.549000 1.861000 5.227000 2.933000
8.181000 8.996000 5.171000 nan 5.651000 nan nan 10.144000 1.549000 1.860000 5.247000 2.931000
nan 8.996000 5.168000 nan 5.650000 nan nan 10.143000 nan 1.860000 nan nan
8.183000 8.995000 5.166000 5.839000 5.651000 5.661000 nan 10.143000 1.548000 nan 5.274000 nan
nan 8.995000 nan 5.840000 nan 5.655000 3.147000 10.142000 nan nan nan nan
nan 8.994000 5.162000 nan 5.650000 nan 3.147000 10.143000 nan nan 5.352000 nan
nan nan nan 5.838000 nan 5.653000 3.146000 10.143000 1.546000 1.858000 5.354000 nan
nan 8.993000 nan nan 5.650000 nan 3.146000 10.142000 nan 1.857000 5.344000 2.927000
8.183000 8.993000 5.154000 5.837000 nan 5.654000 nan nan 1.545000 nan 5.332000 nan
8.181000 nan nan nan 5.649000 5.648000 3.145000 nan nan nan nan 2.931000
8.181000 nan nan 5.839000 5.649000 5.643000 nan 10.140000 1.546000 1.856000 5.321000 2.929000
8.180000 8.991000 nan nan 5.647000 5.640000 3.146000 nan 1.546000 1.855000 nan nan
8.180000 nan nan 5.840000 5.649000 nan 3.146000 10.139000 nan nan 5.320000 2.928000
8.179000 nan 5.141000 5.840000 5.649000 5.638000 nan 10.138000 1.547000 nan 5.319000 2.929000
8.179000 nan 5.139000 5.841000 5.650000 nan 3.147000 10.137000 1.548000 nan nan 2.929000
8.180000 8.989000 nan 5.842000 nan 5.631000 3.148000 10.137000 1.548000 nan 5.325000 2.928000
nan nan nan nan nan 5.622000 nan 10.136000 nan 1.852000 nan nan
8.179000 8.988000 5.135000 5.841000 5.650000 5.616000 3.148000 10.137000 1.549000 1.852000 nan 2.930000
8.180000 nan 5.133000 nan nan nan 3.147000 10.138000 nan nan 5.381000 nan
8.179000 nan nan nan 5.651000 nan 3.146000 nan nan 1.851000 nan 2.927000
nan 8.986000 nan nan 5.650000 nan 3.147000 10.139000 1.551000 nan nan 2.927000
8.178000 nan 5.128000 5.841000 5.650000 nan 3.146000 10.139000 nan 1.851000 nan nan
8.177000 8.969000 5.126000 5.840000 nan 5.613000 nan 10.140000 1.550000 1.851000 nan nan
8.176000 nan nan nan 5.649000 5.608000 nan nan nan nan nan 2.927000
8.176000 nan 5.123000 5.839000 5.650000 5.606000 3.144000 nan 1.551000 nan 5.334000 nan
nan 8.967000 5.122000 5.839000 5.648000 5.607000 3.144000 10.145000 nan 1.851000 5.320000 2.929000
8.174000 nan 5.120000 5.838000 nan nan 3.143000 10.146000 nan 1.850000 5.314000 nan
8.174000 nan 5.119000 5.837000 5.649000 5.608000 3.145000 10.145000 nan nan 5.311000 2.928000
8.175000 nan 5.119000 5.837000 5.649000 nan 3.144000 10.143000 nan 1.851000 nan 2.926000
nan nan nan nan 5.648000 5.598000 nan 10.141000 1.554000 nan 5.309000 nan
8.176000 8.965000 5.117000 5.838000 5.648000 5.594000 3.145000 nan 1.555000 nan nan 2.932000
nan 8.964000 nan 5.837000 5.649000 5.594000 3.145000 10.140000 nan nan 5.306000 2.935000
8.174000 nan 5.115000 nan nan 5.595000 nan 10.139000 nan nan 5.315000 2.932000
8.174000 nan nan 5.836000 5.648000 nan 3.144000 nan 1.557000 1.850000 5.322000 nan
nan nan nan 5.836000 nan 5.596000 nan 10.140000 nan 1.851000 5.321000 2.934000
nan 8.962000 5.115000 5.837000 nan nan nan 10.140000 nan 1.852000 nan nan
nan 8.962000 nan nan 5.648000 5.603000 3.102000 nan 1.519000 nan 5.219000 2.918000
nan nan 5.040000 5.835000 nan nan nan 10.138000 1.518000 1.846000 5.220000 2.919000
nan 8.960000 5.039000 nan nan nan nan nan 1.518000 nan nan 2.921000
8.157000 nan 5.039000 5.834000 5.648000 nan nan 10.137000 1.517000 nan 5.219000 2.921000
nan 8.959000 5.040000 5.833000 nan 5.611000 nan 10.137000 1.517000 nan 5.219000 2.920000
8.156000 nan 5.041000 5.833000 5.649000 5.610000 nan 10.136000 nan nan nan 2.924000
8.155000 nan 5.042000 nan 5.648000 5.615000 3.098000 10.136000 nan nan 5.218000 nan
8.154000 8.958000 nan 5.832000 nan 5.614000 3.098000 nan nan 1.843000 5.217000 nan
nan nan nan nan nan 5.608000 3.099000 10.134000 nan 1.843000 5.216000 2.923000
8.153000 8.957000 5.047000 5.831000 nan 5.603000 nan nan 1.514000 1.842000 nan 2.924000
nan nan 5.049000 nan 5.648000 5.601000 3.100000 nan nan 1.842000 nan 2.926000
8.152000 nan nan 5.830000 nan 5.602000 3.101000 nan 1.515000 1.841000 nan 2.927000
nan 8.955000 5.052000 5.831000 nan 5.603000 nan 10.129000 nan nan 5.218000 2.924000
8.151000 nan nan 5.831000 5.647000 5.603000 nan 10.130000 1.516000 nan nan 2.922000
8.150000 8.954000 5.055000 5.830000 5.648000 nan nan 10.131000 1.517000 nan 5.216000 2.922000
8.149000 8.954000 nan 5.830000 5.647000 5.601000 3.100000 10.131000 1.517000 1.839000 nan 2.923000
nan 8.953000 nan 5.829000 5.647000 5.596000 nan nan 1.518000 1.839000 nan 2.923000
8.140000 8.953000 nan 5.829000 5.648000 5.590000 3.097000 10.130000 1.519000 nan nan nan
8.133000 nan 5.060000 nan 5.648000 5.590000 3.096000 nan 1.520000 1.839000 nan 2.924000
8.134000 nan nan 5.830000 nan nan 3.095000 nan nan nan 5.218000 2.923000
8.138000 8.951000 5.065000 5.831000 5.647000 5.584000 nan nan 1.522000 1.838000 nan nan
nan 8.951000 5.068000 5.831000 nan 5.579000 3.094000 10.130000 nan 1.837000 nan nan
nan 8.950000 5.070000 nan nan nan 3.093000 nan 1.524000 nan nan 2.921000
nan 8.950000 nan 5.832000 nan 5.574000 nan nan nan nan nan 2.921000
8.141000 8.949000 5.074000 nan nan 5.574000 3.092000 nan 1.525000 nan 5.215000 2.919000
8.141000 nan nan nan nan 5.571000 3.091000 10.132000 1.525000 1.840000 5.221000 2.917000
nan 8.948000 5.076000 5.832000 5.647000 5.565000 nan nan nan nan 5.268000 nan
8.140000 nan nan 5.831000 nan nan nan 10.133000 1.526000 nan 5.310000 2.922000
nan 8.947000 nan 5.831000 5.648000 5.560000 nan nan nan 1.839000 5.322000 2.921000
nan 8.948000 nan 5.830000 5.647000 nan nan 10.131000 1.528000 1.838000 nan 2.921000
nan nan 5.075000 nan nan nan 3.091000 10.132000 1.529000 1.840000 5.325000 2.920000
8.137000 nan nan 5.829000 5.647000 5.559000 3.092000 nan nan 1.839000 nan 2.920000
nan nan 5.073000 5.829000 5.647000 nan 3.092000 10.133000 nan 1.838000 nan 2.921000
8.135000 8.940000 5.072000 5.828000 5.648000 5.547000 3.093000 nan nan 1.839000 5.316000 2.920000
8.133000 nan nan nan nan nan 3.092000 nan nan 1.838000 5.315000 nan
8.133000 8.939000 nan nan 5.647000 5.548000 nan nan nan nan nan nan
8.132000 8.940000 5.068000 nan 5.646000 nan nan 10.133000 1.529000 1.844000 nan 2.918000
8.132000 nan 5.066000 nan 5.646000 nan 3.091000 10.132000 1.527000 1.847000 5.311000 2.919000
nan 8.939000 nan 5.828000 5.645000 5.549000 3.090000 10.132000 1.527000 1.846000 nan nan
nan nan 5.064000 nan 5.647000 5.543000 3.090000 nan 1.528000 1.846000 nan 2.922000
