8.069 8.893 5.041 5.833 5.668 5.483 2.98 10.157 1.468 1.854 5.186 2.894
8.068 8.892 5.046 5.833 5.668 5.489 2.979 10.157 1.469 1.854 5.186 2.894
8.069 8.893 5.049 5.832 5.669 5.486 2.978 10.156 1.468 1.855 5.185 2.895
8.069 8.893 5.05 5.832 5.667 5.482 2.977 10.156 1.468 1.855 5.184 2.897
8.07 8.895 5.051 5.833 5.668 5.483 2.976 10.155 1.467 1.856 5.184 2.898
8.07 8.895 5.051 5.833 5.667 5.478 2.976 10.154 1.467 1.856 5.185 2.897
8.069 8.894 5.049 5.832 5.667 5.477 2.975 10.153 1.468 1.857 5.186 2.898
8.069 8.895 5.047 5.831 5.666 5.48 2.975 10.152 1.468 1.858 5.185 2.897
8.07 8.896 5.044 5.831 5.667 5.477 2.974 10.151 1.469 1.858 5.185 2.894
8.07 8.896 5.04 5.832 5.668 5.476 2.974 10.151 1.468 1.859 5.184 2.893
8.071 8.897 5.036 5.832 5.668 5.483 2.969 10.152 1.468 1.86 5.184 2.893
8.07 8.897 5.031 5.833 5.667 5.484 2.95 10.151 1.469 1.861 5.185 2.895
8.07 8.898 5.026 5.833 5.667 5.484 2.933 10.151 1.469 1.863 5.185 2.896
8.071 8.898 5.019 5.834 5.668 5.49 2.923 10.152 1.468 1.864 5.186 2.896
8.072 8.899 5.013 5.835 5.668 5.492 2.917 10.152 1.468 1.865 5.186 2.894
8.073 8.899 5.007 5.835 5.667 5.49 2.915 10.153 1.469 1.866 5.187 2.892
8.073 8.9 5 5.836 5.667 5.489 2.915 10.153 1.468 1.868 5.187 2.892
8.074 8.9 4.994 5.836 5.668 5.491 2.916 10.154 1.468 1.869 5.188 2.894
8.073 8.902 4.99 5.837 5.668 5.495 2.919 10.154 1.469 1.87 5.188 2.895
8.074 8.902 4.985 5.838 5.667 5.495 2.924 10.155 1.469 1.872 5.189 2.895
8.074 8.903 4.983 5.839 5.667 5.49 2.93 10.157 1.47 1.874 5.189 2.894
8.073 8.904 4.982 5.84 5.666 5.487 2.937 10.159 1.47 1.876 5.19 2.893
8.076 8.904 4.982 5.841 5.666 5.489 2.943 10.16 1.469 1.877 5.191 2.891
8.079 8.906 4.983 5.841 5.667 5.491 2.948 10.162 1.468 1.879 5.192 2.891
8.078 8.906 4.986 5.842 5.668 5.494 2.952 10.162 1.469 1.882 5.192 2.894
8.075 8.907 4.989 5.842 5.667 5.492 2.956 10.163 1.469 1.885 5.193 2.895
8.072 8.908 4.991 5.843 5.667 5.485 2.959 10.163 1.468 1.887 5.194 2.896
8.07 8.908 4.993 5.845 5.666 5.482 2.962 10.162 1.468 1.89 5.195 2.895
8.07 8.909 4.995 5.845 5.668 5.485 2.964 10.161 1.469 1.893 5.196 2.893
8.071 8.909 4.996 5.846 5.668 5.487 2.966 10.16 1.468 1.896 5.197 2.892
8.071 8.91 4.996 5.846 5.667 5.491 2.968 10.16 1.468 1.899 5.197 2.891
8.072 8.911 4.995 5.847 5.667 5.49 2.97 10.161 1.469 1.902 5.199 2.891
8.072 8.913 4.994 5.848 5.666 5.483 2.971 10.163 1.469 1.905 5.2 2.892
8.073 8.913 4.993 5.849 5.667 5.478 2.973 10.165 1.47 1.908 5.201 2.894
8.073 8.915 4.991 5.849 5.667 5.479 2.974 10.167 1.47 1.91 5.201 2.896
8.074 8.916 4.99 5.85 5.666 5.481 2.976 10.168 1.471 1.912 5.202 2.896
8.074 8.92 4.989 5.851 5.667 5.479 2.977 10.168 1.471 1.914 5.203 2.893
8.075 8.938 4.988 5.852 5.667 5.475 2.978 10.167 1.47 1.915 5.203 2.891
8.075 8.945 4.986 5.852 5.668 5.475 2.98 10.166 1.469 1.916 5.204 2.891
8.076 8.947 4.985 5.853 5.667 5.478 2.981 10.166 1.47 1.918 5.206 2.893
8.075 8.949 4.984 5.855 5.667 5.476 2.982 10.165 1.47 1.917 5.207 2.894
8.075 8.951 4.982 5.857 5.668 5.473 2.984 10.166 1.471 1.918 5.208 2.895
8.076 8.953 4.982 5.858 5.667 5.469 2.984 10.166 1.471 1.919 5.209 2.895
8.076 8.955 4.981 5.859 5.668 5.468 2.983 10.167 1.472 1.921 5.21 2.893
8.077 8.957 4.981 5.859 5.668 5.472 2.982 10.167 1.472 1.921 5.21 2.892
8.077 8.958 4.979 5.86 5.667 5.475 2.98 10.168 1.473 1.922 5.212 2.89
8.078 8.96 4.979 5.86 5.668 5.473 2.978 10.169 1.473 1.923 5.213 2.89
8.078 8.962 4.978 5.862 5.667 5.469 2.976 10.173 1.474 1.924 5.218 2.893
8.079 8.963 4.978 5.864 5.668 5.47 2.975 10.175 1.474 1.924 5.229 2.895
8.08 8.965 4.979 5.865 5.667 5.475 2.974 10.175 1.475 1.926 5.237 2.895
8.081 8.967 4.979 5.866 5.667 5.475 2.973 10.174 1.476 1.927 5.241 2.894
8.081 8.969 4.98 5.867 5.666 5.471 2.972 10.173 1.476 1.928 5.243 2.891
8.08 8.97 4.98 5.868 5.666 5.467 2.972 10.174 1.475 1.928 5.244 2.89
8.077 8.973 4.981 5.869 5.667 5.466 2.971 10.178 1.476 1.93 5.245 2.893
8.076 8.974 4.981 5.87 5.666 5.469 2.972 10.181 1.476 1.931 5.246 2.898
8.076 8.976 4.982 5.872 5.666 5.472 2.972 10.182 1.477 1.93 5.248 2.9
8.077 8.978 4.982 5.874 5.665 5.471 2.973 10.182 1.477 1.931 5.249 2.901
8.077 8.981 4.983 5.876 5.665 5.467 2.974 10.181 1.478 1.931 5.249 2.901
8.078 8.982 4.984 5.877 5.666 5.462 2.976 10.181 1.478 1.932 5.25 2.9
8.078 8.984 4.985 5.878 5.665 5.458 2.978 10.18 1.479 1.933 5.251 2.898
8.079 8.985 4.986 5.879 5.665 5.458 2.979 10.181 1.479 1.933 5.252 2.895
8.078 8.987 4.988 5.88 5.666 5.462 2.98 10.183 1.48 1.934 5.256 2.895
8.078 8.989 4.989 5.881 5.666 5.467 2.982 10.186 1.48 1.934 5.277 2.896
8.077 8.989 4.99 5.882 5.667 5.471 2.983 10.187 1.479 1.935 5.3 2.899
8.077 8.987 4.991 5.884 5.666 5.473 2.984 10.187 1.479 1.935 5.311 2.9
8.075 8.984 4.991 5.885 5.666 5.471 2.985 10.188 1.478 1.936 5.317 2.898
8.072 8.982 4.992 5.885 5.665 5.468 2.985 10.189 1.477 1.936 5.321 2.897
8.068 8.98 4.991 5.886 5.666 5.469 2.986 10.19 1.477 1.937 5.324 2.895
8.064 8.981 4.991 5.887 5.665 5.475 2.985 10.191 1.475 1.937 5.329 2.894
8.058 8.975 4.99 5.887 5.666 5.481 2.985 10.191 1.476 1.938 5.335 2.894
8.053 8.976 4.989 5.888 5.666 5.483 2.986 10.192 1.477 1.94 5.341 2.897
8.051 8.985 4.989 5.889 5.665 5.481 2.986 10.193 1.478 1.941 5.346 2.899
8.05 8.989 4.988 5.89 5.667 5.48 2.987 10.193 1.478 1.942 5.351 2.899
8.05 8.99 4.987 5.89 5.667 5.484 2.987 10.194 1.479 1.944 5.355 2.898
8.056 8.992 4.987 5.891 5.666 5.485 2.988 10.195 1.479 1.946 5.359 2.895
8.066 8.994 4.986 5.892 5.666 5.484 2.988 10.195 1.478 1.948 5.362 2.894
8.073 8.996 4.986 5.892 5.667 5.486 2.989 10.196 1.478 1.951 5.364 2.893
8.075 8.997 4.985 5.891 5.667 5.488 2.989 10.197 1.479 1.952 5.365 2.894
8.075 8.998 4.984 5.891 5.666 5.492 2.99 10.198 1.478 1.954 5.367 2.897
8.078 9 4.984 5.89 5.666 5.494 2.99 10.199 1.478 1.956 5.369 2.899
8.084 9.002 4.983 5.891 5.667 5.491 2.991 10.199 1.477 1.957 5.37 2.899
8.089 9.002 4.983 5.891 5.668 5.488 2.992 10.2 1.477 1.957 5.371 2.897
8.09 9.003 4.982 5.892 5.667 5.493 2.992 10.201 1.476 1.955 5.372 2.896
8.09 9.004 4.982 5.892 5.667 5.499 2.993 10.201 1.476 1.956 5.373 2.896
8.093 9.004 4.981 5.891 5.666 5.499 2.994 10.202 1.478 1.957 5.374 2.894
8.1 9.005 4.981 5.891 5.666 5.498 2.994 10.203 1.478 1.957 5.374 2.894
8.107 9.005 4.98 5.892 5.667 5.497 2.995 10.205 1.479 1.958 5.375 2.896
8.109 9.004 4.979 5.892 5.667 5.496 2.995 10.206 1.479 1.958 5.375 2.897
8.103 9.004 4.979 5.891 5.666 5.5 2.996 10.206 1.48 1.959 5.374 2.898
8.094 9.003 4.978 5.891 5.664 5.504 2.996 10.207 1.48 1.958 5.373 2.905
8.092 9.003 4.978 5.89 5.665 5.506 2.997 10.207 1.481 1.959 5.371 2.913
8.092 9.002 4.979 5.889 5.666 5.51 2.996 10.208 1.482 1.959 5.369 2.902
8.093 9.001 4.979 5.889 5.667 5.51 2.996 10.208 1.482 1.958 5.366 2.885
8.092 8.984 5.018 5.89 5.668 5.601 3.095 10.209 1.485 1.946 5.358 2.893
8.09 8.984 5.02 5.89 5.669 5.602 3.096 10.21 1.486 1.946 5.355 2.901
8.089 8.983 5.022 5.889 5.668 5.603 3.097 10.21 1.486 1.947 5.352 2.904
8.088 8.982 5.024 5.889 5.668 5.604 3.097 10.209 1.487 1.946 5.349 2.906
8.088 8.982 5.026 5.888 5.669 5.606 3.098 10.21 1.487 1.947 5.346 2.907
8.089 8.981 5.028 5.888 5.669 5.608 3.098 10.21 1.488 1.947 5.343 2.907
8.089 8.98 5.03 5.889 5.668 5.61 3.099 10.211 1.488 1.948 5.339 2.906
8.09 8.98 5.032 5.888 5.668 5.612 3.099 10.211 1.489 1.948 5.336 2.907
8.09 8.979 5.034 5.887 5.669 5.614 3.1 10.21 1.489 1.949 5.334 2.906
8.089 8.979 5.035 5.887 5.668 5.616 3.1 10.21 1.49 1.949 5.331 2.905
8.09 8.978 5.037 5.888 5.669 5.618 3.101 10.211 1.49 1.951 5.329 2.905
8.093 8.979 5.038 5.888 5.669 5.624 3.102 10.21 1.491 1.953 5.328 2.904
8.097 8.978 5.04 5.889 5.668 5.627 3.103 10.209 1.491 1.955 5.328 2.903
8.099 8.978 5.041 5.89 5.67 5.63 3.107 10.21 1.492 1.957 5.327 2.903
8.099 8.979 5.043 5.891 5.67 5.641 3.111 10.21 1.492 1.962 5.327 2.908
8.1 8.979 5.045 5.891 5.669 5.652 3.113 10.211 1.493 1.967 5.326 2.909
8.099 8.98 5.047 5.892 5.669 5.662 3.112 10.21 1.493 1.971 5.327 2.909
8.1 8.98 5.049 5.892 5.668 5.669 3.11 10.21 1.494 1.978 5.327 2.908
8.1 8.981 5.051 5.893 5.669 5.677 3.108 10.211 1.494 1.987 5.328 2.908
8.103 8.981 5.054 5.894 5.67 5.682 3.106 10.211 1.495 1.994 5.328 2.909
8.106 8.982 5.056 5.893 5.67 5.685 3.106 10.212 1.495 2.002 5.329 2.909
8.108 8.984 5.058 5.893 5.668 5.688 3.104 10.212 1.496 2.007 5.329 2.91
8.108 8.986 5.06 5.894 5.67 5.692 3.103 10.213 1.496 2.013 5.33 2.911
8.107 8.989 5.062 5.896 5.67 5.695 3.103 10.214 1.497 2.018 5.331 2.911
8.106 8.992 5.065 5.898 5.668 5.696 3.102 10.214 1.497 2.023 5.331 2.909
8.105 8.995 5.065 5.9 5.669 5.697 3.102 10.215 1.498 2.026 5.333 2.908
8.104 8.999 5.066 5.902 5.67 5.698 3.103 10.216 1.498 2.029 5.333 2.907
8.105 9.003 5.067 5.902 5.67 5.698 3.103 10.216 1.499 2.037 5.334 2.906
8.103 9.009 5.068 5.9 5.669 5.699 3.102 10.218 1.499 2.039 5.335 2.906
8.103 9.015 5.069 5.9 5.67 5.699 3.102 10.22 1.5 2.043 5.336 2.905
8.102 9.022 5.07 5.903 5.669 5.7 3.103 10.219 1.5 2.046 5.337 2.904
8.102 9.03 5.071 5.906 5.668 5.701 3.103 10.22 1.501 2.048 5.339 2.903
8.1 9.039 5.072 5.909 5.671 5.701 3.104 10.221 1.501 2.049 5.341 2.903
8.1 9.048 5.073 5.911 5.669 5.702 3.105 10.221 1.502 2.051 5.342 2.902
8.101 9.058 5.075 5.913 5.668 5.701 3.105 10.222 1.502 2.052 5.345 2.902
8.1 9.068 5.077 5.914 5.669 5.701 3.104 10.223 1.503 2.057 5.35 2.903
8.101 9.078 5.079 5.914 5.671 5.702 3.104 10.226 1.503 2.059 5.365 2.903
8.101 9.088 5.082 5.917 5.67 5.702 3.105 10.228 1.506 2.061 5.434 2.902
8.102 9.099 5.084 5.918 5.671 5.701 3.104 10.229 1.521 2.064 5.5 2.902
8.101 9.109 5.087 5.918 5.671 5.701 3.105 10.23 1.519 2.069 5.511 2.901
8.101 9.119 5.089 5.921 5.669 5.702 3.106 10.231 1.514 2.078 5.517 2.902
8.1 9.13 5.09 5.923 5.67 5.702 3.106 10.232 1.513 2.087 5.519 2.902
8.101 9.142 5.092 5.926 5.671 5.703 3.107 10.233 1.514 2.101 5.522 2.903
8.1 9.16 5.093 5.928 5.671 5.703 3.106 10.234 1.514 2.115 5.524 2.903
8.101 9.175 5.094 5.931 5.67 5.702 3.107 10.236 1.515 2.128 5.527 2.904
8.1 9.192 5.095 5.933 5.67 5.702 3.108 10.239 1.517 2.138 5.53 2.903
8.101 9.21 5.096 5.935 5.671 5.704 3.107 10.241 1.527 2.144 5.532 2.903
8.101 9.228 5.096 5.936 5.671 5.705 3.109 10.241 1.535 2.148 5.534 2.904
8.102 9.246 5.098 5.936 5.67 5.708 3.109 10.243 1.535 2.152 5.538 2.904
8.101 9.262 5.098 5.934 5.67 5.71 3.11 10.246 1.532 2.154 5.541 2.905
8.102 9.273 5.099 5.934 5.671 5.714 3.11 10.246 1.528 2.156 5.552 2.905
8.102 9.285 5.1 5.936 5.671 5.717 3.111 10.247 1.526 2.161 5.575 2.906
8.103 9.296 5.1 5.94 5.67 5.72 3.112 10.249 1.525 2.164 5.594 2.906
8.104 9.307 5.101 5.944 5.671 5.724 3.113 10.252 1.525 2.165 5.606 2.908
8.103 9.316 5.102 5.948 5.672 5.729 3.114 10.252 1.526 2.166 5.619 2.936
8.103 9.323 5.103 5.951 5.67 5.734 3.114 10.253 1.527 2.166 5.627 2.967
8.102 9.331 5.105 5.955 5.67 5.739 3.116 10.256 1.529 2.165 5.641 2.958
8.102 9.337 5.107 5.957 5.671 5.743 3.116 10.258 1.53 2.164 5.679 2.95
8.101 9.343 5.11 5.959 5.671 5.748 3.118 10.26 1.531 2.164 5.691 2.948
8.1 9.35 5.113 5.962 5.67 5.753 3.119 10.264 1.532 2.165 5.677 2.948
8.104 9.356 5.116 5.965 5.67 5.759 3.119 10.267 1.533 2.166 5.675 2.943
8.106 9.361 5.119 5.967 5.671 5.763 3.121 10.267 1.534 2.167 5.667 2.937
8.107 9.364 5.122 5.968 5.67 5.768 3.122 10.269 1.536 2.167 5.661 2.932
8.107 9.37 5.125 5.969 5.669 5.775 3.122 10.274 1.537 2.166 5.678 2.928
8.108 9.376 5.129 5.974 5.669 5.783 3.123 10.276 1.538 2.167 5.701 2.925
8.108 9.38 5.134 5.976 5.668 5.791 3.124 10.275 1.539 2.167 5.709 2.925
8.109 9.386 5.139 5.977 5.669 5.795 3.124 10.278 1.541 2.168 5.717 2.928
8.11 9.39 5.144 5.978 5.669 5.798 3.125 10.28 1.543 2.171 5.723 2.925
8.109 9.396 5.149 5.979 5.67 5.802 3.127 10.281 1.544 2.175 5.734 2.919
8.11 9.4 5.153 5.981 5.67 5.799 3.128 10.28 1.546 2.181 5.736 2.918
8.112 9.404 5.157 5.983 5.669 5.806 3.13 10.28 1.547 2.188 5.74 2.919
8.115 9.408 5.161 5.984 5.669 5.814 3.131 10.286 1.549 2.195 5.744 2.919
8.119 9.411 5.164 5.986 5.67 5.817 3.134 10.286 1.55 2.201 5.748 2.92
8.121 9.417 5.168 5.989 5.67 5.82 3.136 10.288 1.552 2.206 5.752 2.92
8.124 9.424 5.171 5.991 5.671 5.829 3.138 10.29 1.555 2.211 5.758 2.921
8.125 9.432 5.174 5.993 5.67 5.839 3.141 10.291 1.556 2.214 5.764 2.923
8.127 9.436 5.178 5.994 5.67 5.852 3.143 10.292 1.557 2.215 5.768 2.92
8.132 9.44 5.18 5.996 5.671 5.863 3.145 10.295 1.558 2.214 5.774 2.92
8.143 9.443 5.183 5.998 5.671 5.872 3.148 10.298 1.56 2.213 5.78 2.922
8.154 9.445 5.185 5.999 5.67 5.885 3.149 10.297 1.563 2.21 5.788 2.922
8.158 9.445 5.188 6.001 5.671 5.915 3.151 10.297 1.564 2.208 5.794 2.924
8.163 9.446 5.19 6.003 5.671 5.952 3.152 10.3 1.567 2.205 5.8 2.925
8.17 9.445 5.192 6.006 5.672 5.979 3.153 10.299 1.568 2.204 5.807 2.925
8.174 9.443 5.193 6.009 5.672 5.995 3.154 10.299 1.571 2.202 5.81 2.924
8.174 9.441 5.195 6.01 5.67 6.004 3.156 10.301 1.573 2.199 5.81 2.924
8.173 9.44 5.196 6.011 5.67 6.015 3.157 10.3 1.575 2.195 5.812 2.925
8.172 9.439 5.197 6.012 5.669 6.028 3.158 10.302 1.577 2.193 5.81 2.927
8.171 9.437 5.198 6.013 5.67 6.044 3.16 10.303 1.579 2.192 5.81 2.927
8.17 9.436 5.199 6.014 5.67 6.068 3.16 10.303 1.58 2.192 5.808 2.929
8.169 9.434 5.2 6.015 5.671 6.084 3.162 10.305 1.581 2.194 5.806 2.93
8.168 9.432 5.201 6.017 5.671 6.102 3.165 10.306 1.581 2.197 5.803 2.931
8.167 9.431 5.201 6.028 5.672 6.121 3.167 10.311 1.583 2.202 5.802 2.931
8.167 9.429 5.202 6.033 5.671 6.143 3.17 10.31 1.584 2.208 5.801 2.932
8.166 9.425 5.203 6.032 5.671 6.158 3.173 10.312 1.585 2.214 5.797 2.933
8.166 9.422 5.204 6.031 5.672 6.173 3.175 10.31 1.587 2.215 5.793 2.933
8.165 9.418 5.204 6.03 5.671 6.181 3.178 10.308 1.588 2.216 5.789 2.935
8.164 9.414 5.206 6.025 5.672 6.191 3.18 10.306 1.591 2.215 5.784 2.937
8.163 9.41 5.207 6.013 5.672 6.21 3.184 10.301 1.593 2.21 5.781 2.936
8.163 9.405 5.208 6.004 5.673 6.228 3.192 10.298 1.595 2.209 5.776 2.936
8.164 9.401 5.211 6.009 5.671 6.228 3.206 10.298 1.598 2.202 5.771 2.937
8.163 9.396 5.213 6.018 5.672 6.244 3.206 10.3 1.6 2.198 5.766 2.937
8.164 9.392 5.214 6.022 5.673 6.27 3.205 10.302 1.603 2.193 5.761 2.939
8.164 9.389 5.217 6.021 5.673 6.276 3.204 10.301 1.604 2.191 5.757 2.941
8.165 9.385 5.219 6.02 5.674 6.28 3.204 10.301 1.605 2.186 5.751 2.945
8.165 9.38 5.222 6.02 5.673 6.308 3.205 10.3 1.605 2.181 5.732 2.947
8.166 9.376 5.226 6.019 5.673 6.338 3.207 10.301 1.607 2.178 5.692 2.946
8.166 9.372 5.23 6.018 5.674 6.35 3.21 10.298 1.608 2.173 5.684 2.946
8.167 9.368 5.235 6.016 5.673 6.352 3.214 10.298 1.609 2.17 5.68 2.951
8.166 9.364 5.241 6.016 5.673 6.352 3.218 10.297 1.609 2.167 5.675 2.954
8.167 9.36 5.248 6.014 5.675 6.347 3.229 10.296 1.61 2.164 5.669 2.955
8.168 9.357 5.255 6.013 5.675 6.347 3.239 10.294 1.611 2.16 5.661 2.959
8.169 9.353 5.262 6.011 5.676 6.353 3.24 10.292 1.612 2.157 5.63 2.962
8.17 9.35 5.268 6.01 5.675 6.359 3.241 10.293 1.613 2.153 5.6 2.959
8.172 9.347 5.274 6.009 5.678 6.367 3.244 10.292 1.614 2.151 5.579 2.96
8.173 9.342 5.279 6.007 5.677 6.375 3.245 10.29 1.615 2.147 5.572 2.96
8.176 9.339 5.284 6.005 5.677 6.374 3.255 10.289 1.617 2.145 5.575 2.961
8.178 9.335 5.288 6.004 5.676 6.382 3.264 10.287 1.618 2.143 5.562 2.965
8.179 9.332 5.293 6.004 5.677 6.39 3.265 10.287 1.619 2.137 5.555 2.967
8.33 9.272 5.785 5.988 5.75 6.336 3.592 10.286 1.655 2.096 5.519 2.978
8.329 9.269 5.794 5.987 5.747 6.325 3.589 10.285 1.654 2.095 5.513 2.976
8.328 9.265 5.801 5.987 5.747 6.316 3.589 10.285 1.653 2.093 5.509 2.975
8.327 9.261 5.808 5.986 5.749 6.305 3.588 10.284 1.653 2.092 5.504 2.975
8.326 9.259 5.814 5.984 5.751 6.296 3.586 10.282 1.651 2.089 5.5 2.974
8.325 9.255 5.82 5.983 5.752 6.29 3.581 10.28 1.651 2.087 5.496 2.975
8.325 9.252 5.825 5.983 5.757 6.283 3.58 10.28 1.65 2.085 5.494 2.974
8.324 9.248 5.831 5.981 5.764 6.274 3.576 10.278 1.65 2.083 5.49 2.973
8.324 9.244 5.837 5.979 5.769 6.266 3.571 10.276 1.649 2.082 5.487 2.972
8.323 9.24 5.842 5.978 5.776 6.256 3.57 10.275 1.649 2.081 5.483 2.972
8.322 9.237 5.846 5.978 5.78 6.244 3.568 10.277 1.648 2.079 5.479 2.971
8.322 9.233 5.851 5.977 5.781 6.234 3.564 10.275 1.648 2.078 5.476 2.97
8.321 9.229 5.855 5.976 5.778 6.223 3.562 10.273 1.647 2.075 5.473 2.97
8.321 9.226 5.858 5.975 5.776 6.213 3.558 10.273 1.647 2.072 5.469 2.969
8.319 9.223 5.86 5.975 5.777 6.205 3.555 10.274 1.646 2.071 5.467 2.969
8.319 9.218 5.861 5.974 5.777 6.196 3.554 10.272 1.646 2.069 5.465 2.97
8.318 9.214 5.862 5.973 5.775 6.188 3.548 10.27 1.645 2.067 5.461 2.97
8.318 9.212 5.862 5.972 5.774 6.182 3.546 10.268 1.644 2.066 5.474 2.969
8.317 9.208 5.861 5.972 5.778 6.174 3.546 10.269 1.644 2.065 5.537 2.968
8.317 9.204 5.859 5.971 5.785 6.169 3.547 10.268 1.643 2.064 5.56 2.967
8.316 9.201 5.857 5.971 5.787 6.163 3.545 10.267 1.641 2.061 5.559 2.967
8.315 9.197 5.854 5.97 5.786 6.156 3.541 10.266 1.641 2.06 5.554 2.966
8.315 9.194 5.849 5.968 5.784 6.151 3.538 10.267 1.642 2.059 5.547 2.965
8.313 9.191 5.844 5.967 5.784 6.146 3.537 10.267 1.642 2.058 5.542 2.966
8.313 9.187 5.838 5.967 5.783 6.139 3.536 10.265 1.641 2.056 5.533 2.966
8.312 9.184 5.833 5.966 5.779 6.135 3.532 10.264 1.64 2.054 5.529 2.965
8.311 9.18 5.827 5.965 5.777 6.131 3.53 10.264 1.64 2.052 5.53 2.965
8.311 9.176 5.821 5.965 5.777 6.124 3.529 10.262 1.639 2.05 5.526 2.966
8.31 9.173 5.813 5.966 5.779 6.119 3.528 10.262 1.638 2.048 5.522 2.965
8.31 9.169 5.807 5.972 5.776 6.115 3.525 10.261 1.638 2.048 5.518 2.964
8.309 9.165 5.799 5.97 5.771 6.11 3.52 10.26 1.637 2.047 5.513 2.963
8.309 9.161 5.793 5.965 5.773 6.105 3.52 10.261 1.637 2.046 5.509 2.962
8.307 9.158 5.786 5.965 5.778 6.099 3.521 10.26 1.636 2.044 5.507 2.962
8.304 9.156 5.779 5.957 5.779 6.096 3.52 10.259 1.636 2.043 5.504 2.961
8.308 9.153 5.773 5.951 5.777 6.091 3.522 10.258 1.635 2.041 5.5 2.962
8.308 9.149 5.766 5.951 5.776 6.087 3.522 10.259 1.634 2.04 5.497 2.962
8.307 9.146 5.758 5.953 5.776 6.082 3.52 10.259 1.633 2.039 5.494 2.963
8.306 9.143 5.751 5.954 5.773 6.079 3.518 10.257 1.633 2.037 5.493 2.962
8.305 9.14 5.742 5.954 5.768 6.074 3.511 10.257 1.632 2.036 5.491 2.962
8.304 9.138 5.734 5.953 5.766 6.071 3.508 10.258 1.631 2.035 5.49 2.961
8.303 9.135 5.725 5.953 5.765 6.066 3.507 10.257 1.63 2.034 5.498 2.96
8.303 9.133 5.716 5.952 5.764 6.061 3.506 10.257 1.629 2.032 5.497 2.959
8.302 9.13 5.708 5.951 5.761 6.055 3.502 10.256 1.629 2.031 5.487 2.959
8.302 9.129 5.7 5.951 5.76 6.051 3.5 10.254 1.628 2.029 5.482 2.958
8.301 9.127 5.692 5.949 5.759 6.048 3.5 10.253 1.628 2.028 5.484 2.958
8.302 9.125 5.685 5.949 5.758 6.047 3.496 10.252 1.627 2.028 5.527 2.964
8.301 9.123 5.678 5.948 5.755 6.052 3.494 10.251 1.627 2.027 5.594 2.964
8.301 9.121 5.671 5.948 5.752 6.061 3.491 10.25 1.626 2.026 5.609 2.963
8.299 9.12 5.666 5.947 5.749 6.067 3.487 10.249 1.626 2.025 5.61 2.963
8.299 9.118 5.658 5.946 5.749 6.068 3.487 10.249 1.625 2.024 5.608 2.964
8.298 9.116 5.652 5.946 5.748 6.051 3.486 10.248 1.624 2.023 5.607 2.964
8.298 9.114 5.647 5.947 5.747 6.017 3.483 10.249 1.624 2.022 5.607 2.963
8.297 9.112 5.641 5.946 5.747 6.007 3.482 10.267 1.623 2.021 5.605 2.962
8.297 9.111 5.635 5.944 5.746 6.015 3.483 10.245 1.623 2.019 5.604 2.962
8.296 9.109 5.63 5.944 5.744 6.029 3.485 10.235 1.622 2.018 5.603 2.961
8.296 9.114 5.624 5.945 5.742 6.038 3.484 10.249 1.6215 2.017 5.602 2.96
8.295 9.122 5.618 5.946 5.741 6.051 3.484 10.25 1.621 2.017 5.6 2.958
8.294 9.122 5.614 5.946 5.74 6.057 3.481 10.249 1.62 2.015 5.601 2.958
8.293 9.121 5.608 5.945 5.74 6.051 3.479 10.249 1.62 2.014 5.6 2.959
8.292 9.12 5.604 5.943 5.739 6.048 3.471 10.247 1.619 2.013 5.597 2.959
8.292 9.119 5.6 5.944 5.738 6.026 3.47 10.247 1.619 2.012 5.597 2.96
8.293 9.118 5.597 5.943 5.736 6.011 3.47 10.248 1.618 2.011 5.596 2.958
8.292 9.116 5.593 5.943 5.735 6.014 3.468 10.249 1.618 2.011 5.594 2.958
8.291 9.114 5.587 5.942 5.734 6.009 3.465 10.248 1.617 2.01 5.594 2.957
8.291 9.113 5.583 5.941 5.734 6.006 3.462 10.247 1.616 2.009 5.593 2.956
8.29 9.112 5.579 5.94 5.733 5.998 3.46 10.246 1.616 2.008 5.592 2.956
8.291 9.11 5.575 5.94 5.732 5.99 3.462 10.243 1.615 2.007 5.591 2.957
8.291 9.109 5.572 5.938 5.73 5.99 3.464 10.242 1.614 2.006 5.59 2.956
8.29 9.108 5.568 5.939 5.728 5.999 3.466 10.242 1.613 2.005 5.588 2.956
8.29 9.107 5.566 5.939 5.726 6.007 3.466 10.243 1.613 2.005 5.587 2.955
8.289 9.107 5.563 5.938 5.724 6.011 3.465 10.241 1.612 2.004 5.587 2.955
8.288 9.105 5.561 5.937 5.724 6.008 3.463 10.241 1.612 2.004 5.585 2.954
8.287 9.103 5.559 5.937 5.723 6.002 3.462 10.242 1.611 2.003 5.584 2.953
8.287 9.102 5.555 5.936 5.723 6.011 3.461 10.241 1.611 2.003 5.583 2.956
8.286 9.101 5.553 5.935 5.722 6.033 3.459 10.24 1.61 2.002 5.577 2.955
8.285 9.1 5.549 5.934 5.722 6.042 3.454 10.24 1.609 2.002 5.547 2.959
8.285 9.099 5.544 5.934 5.721 6.048 3.448 10.239 1.609 2.001 5.525 2.963
8.284 9.099 5.541 5.933 5.72 6.05 3.448 10.239 1.608 2.001 5.52 2.963
8.284 9.098 5.538 5.932 5.72 6.049 3.445 10.24 1.608 2 5.519 2.959
8.283 9.097 5.536 5.932 5.719 6.048 3.441 10.24 1.607 1.999 5.519 2.955
8.282 9.095 5.533 5.931 5.718 6.048 3.433 10.239 1.607 1.998 5.518 2.953
8.282 9.095 5.53 5.93 5.717 6.05 3.43 10.239 1.606 1.998 5.518 2.954
8.281 9.094 5.527 5.93 5.716 6.042 3.429 10.238 1.606 1.997 5.517 2.971
8.28 9.093 5.524 5.929 5.716 6.03 3.428 10.237 1.605 1.997 5.517 2.966
8.279 9.092 5.52 5.927 5.715 6.025 3.421 10.236 1.604 1.996 5.516 2.954
8.28 9.091 5.517 5.927 5.714 6.024 3.416 10.234 1.604 1.995 5.517 2.948
8.28 9.09 5.512 5.928 5.714 6.026 3.412 10.232 1.603 1.995 5.516 2.948
8.279 9.089 5.507 5.928 5.713 6.025 3.41 10.231 1.603 1.994 5.515 2.949
8.279 9.089 5.502 5.927 5.714 6.023 3.406 10.232 1.602 1.994 5.515 2.95
8.278 9.088 5.497 5.927 5.714 6.019 3.405 10.233 1.602 1.993 5.514 2.948
8.278 9.087 5.494 5.928 5.713 6.017 3.405 10.233 1.601 1.992 5.513 2.947
8.277 9.086 5.493 5.927 5.713 6.016 3.406 10.232 1.6 1.992 5.513 2.947
8.276 9.086 5.492 5.925 5.711 6.013 3.407 10.232 1.6 1.991 5.512 2.948
8.278 9.084 5.491 5.921 5.71 6.012 3.41 10.231 1.599 1.991 5.511 2.95
8.279 9.083 5.489 5.919 5.71 6.009 3.415 10.231 1.599 1.99 5.51 2.951
8.281 9.083 5.487 5.921 5.709 6.002 3.42 10.23 1.598 1.989 5.51 2.95
8.282 9.082 5.484 5.923 5.708 5.994 3.425 10.229 1.597 1.989 5.504 2.949
8.281 9.081 5.481 5.924 5.707 5.989 3.428 10.23 1.597 1.988 5.468 2.95
8.28 9.08 5.478 5.923 5.707 5.987 3.428 10.23 1.596 1.988 5.433 2.95
8.28 9.079 5.475 5.922 5.706 5.986 3.427 10.229 1.596 1.987 5.42 2.948
8.282 9.078 5.473 5.922 5.705 5.99 3.425 10.228 1.595 1.987 5.418 2.947
8.284 9.078 5.47 5.921 5.704 5.989 3.423 10.229 1.595 1.986 5.417 2.947
8.283 9.076 5.469 5.921 5.704 5.984 3.422 10.229 1.594 1.986 5.417 2.948
8.279 9.076 5.468 5.922 5.703 5.98 3.42 10.228 1.594 1.985 5.415 2.948
8.275 9.075 5.468 5.922 5.703 5.971 3.42 10.228 1.593 1.984 5.414 2.947
8.272 9.074 5.469 5.921 5.702 5.966 3.417 10.227 1.593 1.984 5.414 2.947
8.269 9.073 5.472 5.919 5.701 5.965 3.416 10.226 1.592 1.983 5.413 2.946
8.269 9.073 5.476 5.919 5.7 5.96 3.413 10.226 1.592 1.982 5.412 2.947
8.268 9.072 5.481 5.92 5.7 5.953 3.411 10.225 1.591 1.982 5.412 2.947
8.267 9.071 5.486 5.919 5.699 5.95 3.409 10.225 1.591 1.981 5.411 2.945
8.268 9.07 5.49 5.918 5.698 5.949 3.408 10.223 1.59 1.98 5.41 2.944
8.268 9.07 5.495 5.919 5.698 5.945 3.403 10.223 1.59 1.979 5.41 2.946
8.205 9.026 5.427 5.919 5.682 5.849 3.252 10.222 1.547 1.965 5.287 2.931
8.203 9.026 5.424 5.918 5.679 5.845 3.253 10.221 1.546 1.964 5.286 2.93
8.203 9.025 5.421 5.917 5.677 5.843 3.252 10.222 1.545 1.964 5.286 2.93
8.202 9.025 5.42 5.916 5.678 5.842 3.251 10.222 1.545 1.963 5.285 2.929
8.201 9.024 5.418 5.916 5.68 5.841 3.25 10.221 1.544 1.963 5.285 2.929
8.2 9.023 5.416 5.915 5.679 5.841 3.251 10.22 1.544 1.962 5.284 2.932
8.199 9.021 5.414 5.915 5.675 5.839 3.25 10.221 1.542 1.962 5.284 2.934
8.199 9.021 5.412 5.914 5.68 5.838 3.25 10.22 1.542 1.961 5.283 2.934
8.198 9.02 5.411 5.913 5.675 5.836 3.251 10.22 1.541 1.961 5.283 2.935
8.197 9.019 5.409 5.912 5.678 5.833 3.25 10.219 1.541 1.959 5.282 2.934
8.196 9.018 5.408 5.912 5.677 5.831 3.25 10.219 1.54 1.959 5.282 2.933
8.195 9.017 5.406 5.913 5.679 5.83 3.249 10.218 1.54 1.958 5.281 2.933
8.194 9.017 5.405 5.912 5.678 5.828 3.249 10.218 1.539 1.958 5.281 2.932
8.193 9.016 5.403 5.911 5.678 5.827 3.248 10.217 1.539 1.957 5.28 2.932
8.193 9.016 5.401 5.911 5.677 5.823 3.247 10.217 1.538 1.957 5.28 2.931
8.192 9.015 5.399 5.91 5.677 5.821 3.245 10.216 1.538 1.956 5.279 2.931
8.192 9.014 5.397 5.91 5.675 5.817 3.245 10.216 1.537 1.955 5.279 2.93
8.191 9.014 5.395 5.909 5.675 5.813 3.246 10.215 1.537 1.955 5.278 2.93
8.19 9.013 5.393 5.909 5.673 5.809 3.247 10.215 1.536 1.954 5.278 2.929
8.189 9.012 5.391 5.908 5.673 5.805 3.249 10.214 1.536 1.954 5.277 2.93
8.188 9.011 5.388 5.908 5.676 5.799 3.25 10.214 1.535 1.953 5.277 2.93
8.188 9.011 5.386 5.909 5.676 5.794 3.251 10.213 1.535 1.952 5.276 2.929
8.187 9.01 5.383 5.908 5.678 5.789 3.25 10.213 1.536 1.952 5.276 2.929
8.187 9.01 5.38 5.907 5.675 5.784 3.249 10.212 1.535 1.951 5.275 2.928
8.186 9.009 5.376 5.908 5.675 5.78 3.247 10.212 1.535 1.951 5.275 2.929
8.185 9.009 5.373 5.907 5.674 5.776 3.243 10.211 1.534 1.95 5.274 2.929
8.184 9.008 5.368 5.905 5.674 5.774 3.231 10.211 1.535 1.949 5.273 2.928
8.184 9.008 5.364 5.905 5.676 5.771 3.225 10.21 1.535 1.949 5.273 2.927
8.183 9.007 5.36 5.906 5.674 5.769 3.227 10.21 1.534 1.948 5.285 2.928
8.182 9.006 5.356 5.905 5.673 5.766 3.23 10.209 1.534 1.948 5.288 2.928
8.182 9.006 5.353 5.906 5.675 5.764 3.232 10.209 1.533 1.947 5.283 2.927
8.181 9.005 5.349 5.906 5.674 5.762 3.233 10.208 1.533 1.947 5.281 2.925
8.182 9.005 5.346 5.905 5.674 5.76 3.234 10.207 1.532 1.946 5.279 2.925
8.181 9.004 5.343 5.904 5.673 5.757 3.234 10.207 1.532 1.946 5.279 2.926
8.181 9.004 5.339 5.904 5.673 5.754 3.233 10.208 1.533 1.945 5.29 2.926
8.18 9.003 5.336 5.905 5.674 5.753 3.232 10.208 1.533 1.945 5.297 2.925
8.18 9.003 5.333 5.905 5.675 5.751 3.232 10.207 1.534 1.944 5.3 2.925
8.179 9.002 5.329 5.904 5.673 5.749 3.231 10.208 1.534 1.943 5.31 2.924
8.179 9.002 5.327 5.904 5.674 5.748 3.231 10.208 1.535 1.943 5.322 2.923
8.178 9.001 5.325 5.905 5.672 5.746 3.23 10.207 1.535 1.942 5.322 2.924
8.179 9 5.324 5.905 5.673 5.745 3.23 10.207 1.536 1.942 5.314 2.924
8.178 9 5.321 5.904 5.673 5.742 3.229 10.208 1.535 1.941 5.303 2.922
8.177 8.999 5.32 5.903 5.671 5.74 3.229 10.208 1.535 1.941 5.293 2.923
8.177 8.999 5.317 5.903 5.672 5.739 3.23 10.207 1.536 1.94 5.286 2.923
8.176 8.998 5.315 5.902 5.673 5.737 3.233 10.207 1.535 1.94 5.281 2.924
8.176 8.998 5.313 5.902 5.674 5.735 3.234 10.206 1.536 1.945 5.277 2.923
8.175 8.997 5.311 5.903 5.672 5.734 3.234 10.206 1.536 1.944 5.274 2.922
8.175 8.996 5.309 5.903 5.673 5.732 3.233 10.205 1.534 1.941 5.273 2.922
8.174 8.996 5.308 5.902 5.673 5.729 3.232 10.205 1.533 1.94 5.272 2.923
8.171 8.995 5.307 5.901 5.671 5.729 3.23 10.206 1.533 1.939 5.272 2.922
8.171 8.994 5.305 5.9 5.672 5.73 3.228 10.205 1.534 1.938 5.303 2.921
8.169 8.998 5.304 5.9 5.672 5.729 3.226 10.206 1.534 1.938 5.356 2.92
8.168 9.01 5.303 5.899 5.671 5.73 3.224 10.206 1.535 1.937 5.499 2.922
8.168 9.013 5.302 5.899 5.671 5.728 3.223 10.205 1.535 1.937 5.53 2.922
8.167 9.014 5.3 5.898 5.672 5.728 3.222 10.205 1.536 1.936 5.533 2.92
8.167 9.014 5.299 5.898 5.671 5.726 3.222 10.204 1.536 1.936 5.532 2.919
8.166 9.013 5.296 5.897 5.671 5.725 3.221 10.204 1.537 1.935 5.53 2.92
8.166 9.013 5.294 5.896 5.672 5.723 3.221 10.203 1.538 1.934 5.487 2.92
8.167 9.012 5.291 5.896 5.67 5.721 3.22 10.203 1.538 1.941 5.424 2.921
8.167 9.012 5.289 5.897 5.671 5.72 3.22 10.202 1.539 1.944 5.386 2.921
8.166 9.011 5.285 5.896 5.673 5.719 3.219 10.202 1.539 1.943 5.368 2.92
8.165 9.011 5.282 5.896 5.671 5.719 3.217 10.203 1.54 1.943 5.361 2.92
8.165 9.012 5.28 5.895 5.672 5.721 3.215 10.202 1.542 1.942 5.358 2.918
8.163 9.012 5.276 5.895 5.672 5.721 3.213 10.203 1.543 1.941 5.357 2.917
8.162 9.011 5.273 5.894 5.671 5.717 3.21 10.203 1.545 1.941 5.357 2.918
8.162 9.011 5.27 5.894 5.672 5.714 3.21 10.202 1.547 1.94 5.356 2.918
8.161 9.01 5.266 5.893 5.671 5.718 3.211 10.202 1.548 1.94 5.356 2.917
8.161 9.01 5.263 5.893 5.67 5.719 3.212 10.201 1.548 1.939 5.357 2.916
8.16 9.009 5.26 5.892 5.671 5.715 3.212 10.201 1.55 1.939 5.356 2.918
8.161 9.01 5.258 5.892 5.67 5.714 3.213 10.2 1.55 1.938 5.356 2.918
8.16 9.01 5.256 5.891 5.671 5.714 3.213 10.2 1.551 1.938 5.357 2.917
8.158 9.009 5.253 5.891 5.67 5.718 3.214 10.199 1.55 1.937 5.357 2.917
8.144 9.009 5.252 5.892 5.67 5.717 3.214 10.199 1.549 1.937 5.356 2.923
8.14 9.018 5.25 5.892 5.671 5.71 3.215 10.198 1.545 1.936 5.356 2.923
8.151 9.008 5.248 5.891 5.671 5.706 3.216 10.198 1.544 1.935 5.355 2.921
8.157 9.008 5.246 5.891 5.67 5.706 3.222 10.197 1.542 1.935 5.355 2.921
8.158 9.007 5.243 5.892 5.67 5.705 3.226 10.197 1.541 1.934 5.359 2.923
8.157 9.007 5.241 5.891 5.671 5.703 3.222 10.198 1.541 1.933 5.375 2.922
8.155 9.006 5.24 5.891 5.67 5.702 3.222 10.197 1.544 1.933 5.425 2.922
8.155 9.006 5.238 5.89 5.67 5.701 3.221 10.197 1.546 1.932 5.458 2.921
8.154 9.005 5.237 5.89 5.669 5.701 3.219 10.196 1.548 1.932 5.462 2.92
8.153 9.005 5.237 5.889 5.671 5.705 3.216 10.196 1.548 1.931 5.462 2.92
8.153 9.006 5.235 5.887 5.671 5.712 3.212 10.195 1.547 1.93 5.463 2.919
8.134 8.968 5.189 5.887 5.668 5.775 3.153 10.195 1.51 1.918 5.253 2.916
8.134 8.967 5.188 5.887 5.667 5.773 3.152 10.194 1.509 1.917 5.253 2.915
8.133 8.966 5.189 5.886 5.668 5.771 3.152 10.194 1.51 1.917 5.252 2.915
8.133 8.965 5.189 5.886 5.667 5.773 3.151 10.193 1.51 1.916 5.252 2.914
8.132 8.964 5.19 5.885 5.667 5.769 3.149 10.193 1.509 1.916 5.251 2.914
8.131 8.964 5.192 5.885 5.668 5.767 3.151 10.192 1.507 1.915 5.251 2.915
8.13 8.963 5.194 5.884 5.667 5.766 3.15 10.192 1.507 1.915 5.25 2.914
8.13 8.963 5.198 5.884 5.668 5.763 3.15 10.191 1.508 1.914 5.25 2.913
8.131 8.962 5.203 5.883 5.667 5.756 3.151 10.191 1.507 1.914 5.249 2.912
8.132 8.962 5.208 5.882 5.667 5.747 3.151 10.19 1.507 1.913 5.249 2.912
8.132 8.961 5.213 5.882 5.668 5.742 3.15 10.19 1.508 1.913 5.248 2.911
8.13 8.961 5.218 5.881 5.668 5.738 3.149 10.189 1.508 1.912 5.248 2.911
8.129 8.96 5.221 5.881 5.667 5.732 3.148 10.189 1.507 1.911 5.247 2.91
8.124 8.96 5.224 5.882 5.668 5.721 3.148 10.188 1.507 1.911 5.246 2.91
8.115 8.959 5.224 5.881 5.668 5.716 3.146 10.188 1.508 1.912 5.246 2.912
8.114 8.959 5.223 5.88 5.667 5.712 3.144 10.187 1.508 1.911 5.245 2.912
8.114 8.958 5.222 5.88 5.668 5.703 3.143 10.186 1.509 1.911 5.245 2.911
8.115 8.958 5.219 5.879 5.668 5.699 3.142 10.184 1.509 1.91 5.244 2.911
8.119 8.957 5.217 5.879 5.669 5.698 3.142 10.182 1.506 1.91 5.243 2.91
8.121 8.958 5.214 5.878 5.667 5.692 3.141 10.181 1.506 1.909 5.243 2.909
8.123 8.957 5.212 5.878 5.668 5.685 3.141 10.181 1.507 1.909 5.253 2.908
8.123 8.956 5.21 5.877 5.667 5.683 3.14 10.182 1.507 1.908 5.273 2.908
8.122 8.956 5.208 5.877 5.667 5.683 3.141 10.185 1.508 1.908 5.284 2.907
8.121 8.955 5.206 5.876 5.668 5.679 3.142 10.186 1.508 1.907 5.289 2.907
8.121 8.955 5.205 5.876 5.667 5.674 3.141 10.186 1.509 1.907 5.293 2.908
8.12 8.954 5.203 5.875 5.668 5.67 3.142 10.184 1.509 1.908 5.306 2.908
8.12 8.955 5.201 5.874 5.667 5.666 3.142 10.182 1.51 1.907 5.323 2.909
8.119 8.955 5.2 5.874 5.668 5.664 3.143 10.18 1.51 1.907 5.336 2.911
8.119 8.954 5.198 5.875 5.669 5.661 3.143 10.179 1.511 1.908 5.344 2.912
8.12 8.954 5.197 5.875 5.668 5.659 3.142 10.179 1.511 1.907 5.358 2.911
8.12 8.953 5.195 5.876 5.667 5.657 3.142 10.18 1.512 1.907 5.403 2.911
8.119 8.953 5.194 5.877 5.667 5.652 3.141 10.182 1.512 1.906 5.501 2.913
8.119 8.952 5.194 5.877 5.668 5.65 3.14 10.184 1.513 1.906 5.528 2.912
8.118 8.951 5.193 5.876 5.667 5.652 3.14 10.185 1.513 1.905 5.532 2.912
8.118 8.951 5.193 5.876 5.667 5.648 3.141 10.183 1.512 1.905 5.533 2.913
8.117 8.95 5.194 5.877 5.668 5.646 3.14 10.182 1.511 1.912 5.532 2.913
8.117 8.949 5.195 5.876 5.669 5.648 3.141 10.18 1.51 1.912 5.531 2.912
8.116 8.949 5.198 5.876 5.668 5.646 3.139 10.179 1.51 1.911 5.532 2.911
8.115 8.96 5.202 5.875 5.669 5.641 3.14 10.179 1.511 1.911 5.532 2.911
8.114 8.97 5.206 5.875 5.668 5.64 3.139 10.18 1.511 1.91 5.531 2.91
8.113 8.972 5.211 5.874 5.668 5.639 3.139 10.183 1.512 1.91 5.518 2.91
8.113 8.973 5.216 5.873 5.667 5.635 3.138 10.185 1.512 1.909 5.48 2.909
8.112 8.973 5.22 5.873 5.667 5.637 3.138 10.185 1.513 1.909 5.429 2.909
8.112 8.972 5.223 5.874 5.668 5.639 3.137 10.184 1.513 1.908 5.383 2.91
8.111 8.972 5.226 5.873 5.666 5.637 3.136 10.181 1.514 1.908 5.349 2.91
8.111 8.973 5.227 5.873 5.667 5.633 3.135 10.18 1.514 1.907 5.321 2.909
8.11 8.973 5.229 5.872 5.667 5.636 3.134 10.179 1.512 1.907 5.299 2.909
8.111 8.972 5.229 5.872 5.666 5.638 3.134 10.178 1.512 1.906 5.282 2.91
8.11 8.972 5.228 5.871 5.667 5.635 3.133 10.179 1.513 1.906 5.271 2.91
8.11 8.973 5.228 5.871 5.666 5.63 3.133 10.181 1.513 1.905 5.263 2.909
8.111 8.973 5.226 5.87 5.665 5.631 3.132 10.184 1.514 1.905 5.258 2.909
8.111 8.974 5.224 5.869 5.667 5.634 3.132 10.185 1.514 1.904 5.254 2.91
8.11 8.974 5.221 5.869 5.667 5.633 3.131 10.185 1.515 1.904 5.251 2.909
8.11 8.973 5.219 5.87 5.668 5.629 3.13 10.184 1.515 1.903 5.248 2.908
8.108 8.973 5.216 5.87 5.667 5.627 3.129 10.181 1.516 1.903 5.247 2.908
8.108 8.974 5.213 5.871 5.667 5.63 3.13 10.179 1.516 1.902 5.246 2.909
8.107 8.975 5.21 5.871 5.666 5.632 3.13 10.178 1.515 1.902 5.245 2.909
8.108 8.974 5.207 5.87 5.667 5.63 3.131 10.178 1.516 1.901 5.243 2.91
8.108 8.974 5.204 5.87 5.666 5.625 3.132 10.179 1.516 1.901 5.241 2.909
8.109 8.975 5.201 5.869 5.666 5.623 3.133 10.181 1.517 1.9 5.241 2.908
8.109 8.975 5.198 5.869 5.667 5.626 3.134 10.183 1.518 1.9 5.24 2.907
8.108 8.976 5.195 5.868 5.666 5.627 3.135 10.184 1.52 1.899 5.24 2.906
8.108 8.975 5.192 5.868 5.667 5.623 3.135 10.182 1.522 1.899 5.239 2.905
8.107 8.975 5.189 5.869 5.668 5.621 3.134 10.181 1.523 1.898 5.238 2.905
8.107 8.976 5.186 5.87 5.668 5.621 3.134 10.178 1.525 1.898 5.237 2.907
8.108 8.976 5.183 5.87 5.666 5.622 3.133 10.178 1.527 1.897 5.237 2.908
8.107 8.975 5.18 5.869 5.667 5.623 3.133 10.177 1.529 1.897 5.238 2.907
8.106 8.975 5.177 5.869 5.668 5.625 3.131 10.177 1.531 1.896 5.238 2.906
8.106 8.974 5.174 5.867 5.667 5.626 3.13 10.178 1.533 1.896 5.239 2.906
8.107 8.975 5.172 5.867 5.667 5.626 3.13 10.177 1.533 1.895 5.262 2.905
8.107 8.974 5.169 5.868 5.668 5.627 3.129 10.176 1.534 1.895 5.293 2.905
8.106 8.974 5.167 5.868 5.667 5.624 3.129 10.176 1.536 1.894 5.304 2.906
8.107 8.975 5.165 5.867 5.668 5.622 3.13 10.177 1.539 1.893 5.308 2.907
8.107 8.975 5.163 5.867 5.667 5.619 3.128 10.177 1.54 1.894 5.326 2.907
8.108 8.974 5.161 5.868 5.667 5.617 3.127 10.18 1.537 1.894 5.34 2.906
8.108 8.974 5.158 5.869 5.668 5.619 3.126 10.182 1.533 1.893 5.336 2.907
8.107 8.97 5.156 5.869 5.667 5.623 3.125 10.183 1.531 1.893 5.324 2.907
8.107 8.964 5.156 5.868 5.667 5.62 3.125 10.181 1.531 1.892 5.306 2.905
8.106 8.959 5.154 5.868 5.668 5.615 3.124 10.18 1.53 1.892 5.288 2.905
8.105 8.953 5.153 5.869 5.668 5.613 3.122 10.178 1.53 1.891 5.272 2.912
8.105 8.95 5.151 5.869 5.667 5.616 3.121 10.177 1.528 1.892 5.261 2.923
8.106 8.948 5.149 5.868 5.666 5.618 3.12 10.175 1.528 1.892 5.254 2.915
8.106 8.948 5.148 5.868 5.667 5.616 3.117 10.175 1.535 1.891 5.249 2.909
8.105 8.947 5.146 5.869 5.667 5.613 3.116 10.174 1.538 1.892 5.245 2.909
8.119 8.947 5.1 5.863 5.664 5.589 3.092 10.177 1.5 1.891 5.237 2.911
8.119 8.946 5.101 5.863 5.663 5.593 3.091 10.178 1.501 1.892 5.236 2.909
8.115 8.945 5.101 5.864 5.663 5.594 3.091 10.176 1.501 1.892 5.236 2.911
8.115 8.945 5.102 5.865 5.662 5.595 3.09 10.174 1.502 1.893 5.235 2.912
8.114 8.946 5.101 5.864 5.663 5.596 3.089 10.173 1.502 1.894 5.235 2.912
8.115 8.946 5.101 5.863 5.662 5.594 3.087 10.172 1.503 1.894 5.236 2.911
8.116 8.945 5.102 5.863 5.662 5.593 3.087 10.171 1.503 1.897 5.235 2.91
8.116 8.946 5.103 5.864 5.661 5.594 3.086 10.171 1.504 1.901 5.235 2.91
8.115 8.947 5.105 5.865 5.662 5.596 3.086 10.172 1.504 1.902 5.236 2.912
8.116 8.947 5.107 5.865 5.662 5.6 3.085 10.172 1.505 1.903 5.236 2.912
8.117 8.948 5.111 5.864 5.663 5.6 3.085 10.174 1.505 1.907 5.237 2.913
8.118 8.949 5.116 5.864 5.663 5.595 3.086 10.177 1.506 1.914 5.237 2.912
8.118 8.949 5.122 5.865 5.664 5.597 3.086 10.179 1.506 1.92 5.239 2.912
8.117 8.95 5.129 5.867 5.663 5.598 3.087 10.18 1.507 1.925 5.24 2.911
8.118 8.952 5.136 5.87 5.664 5.594 3.088 10.179 1.507 1.936 5.24 2.911
8.119 8.955 5.144 5.873 5.664 5.59 3.088 10.178 1.508 1.956 5.241 2.91
8.118 8.959 5.151 5.876 5.665 5.59 3.087 10.177 1.508 1.985 5.242 2.907
8.118 8.966 5.157 5.88 5.664 5.593 3.087 10.177 1.509 2.017 5.243 2.91
8.119 8.971 5.162 5.881 5.663 5.595 3.088 10.176 1.509 2.062 5.245 2.913
8.119 8.978 5.165 5.881 5.663 5.595 3.087 10.177 1.51 2.108 5.246 2.909
8.12 8.985 5.168 5.883 5.664 5.594 3.087 10.178 1.511 2.138 5.248 2.907
8.12 8.99 5.169 5.888 5.664 5.591 3.086 10.179 1.511 2.157 5.25 2.911
8.123 8.996 5.168 5.894 5.665 5.594 3.085 10.182 1.512 2.167 5.253 2.912
8.124 9.006 5.167 5.897 5.664 5.599 3.085 10.185 1.512 2.168 5.255 2.91
8.127 9.015 5.166 5.898 5.663 5.598 3.084 10.186 1.513 2.165 5.261 2.909
8.13 9.023 5.164 5.899 5.664 5.598 3.085 10.187 1.513 2.162 5.276 2.91
8.131 9.033 5.162 5.901 5.663 5.603 3.085 10.187 1.514 2.158 5.296 2.911
8.132 9.05 5.159 5.902 5.664 5.607 3.086 10.188 1.514 2.155 5.306 2.911
8.134 9.064 5.156 5.901 5.663 5.605 3.088 10.189 1.515 2.155 5.318 2.912
8.135 9.076 5.154 5.902 5.663 5.603 3.09 10.19 1.515 2.15 5.34 2.911
8.138 9.088 5.151 5.904 5.664 5.605 3.091 10.19 1.516 2.145 5.359 2.91
8.139 9.1 5.148 5.907 5.664 5.609 3.094 10.191 1.516 2.14 5.372 2.909
8.14 9.114 5.146 5.91 5.665 5.605 3.096 10.192 1.517 2.135 5.382 2.909
8.14 9.129 5.144 5.914 5.664 5.602 3.098 10.193 1.517 2.13 5.39 2.91
8.139 9.15 5.14 5.922 5.663 5.604 3.099 10.193 1.518 2.126 5.399 2.91
8.139 9.179 5.138 5.931 5.663 5.605 3.101 10.194 1.518 2.124 5.423 2.911
8.138 9.209 5.135 5.935 5.662 5.602 3.103 10.196 1.519 2.125 5.476 2.91
8.138 9.233 5.132 5.932 5.662 5.6 3.105 10.198 1.52 2.132 5.498 2.912
8.137 9.259 5.129 5.927 5.661 5.601 3.106 10.199 1.522 2.146 5.502 2.914
8.137 9.283 5.126 5.931 5.662 5.604 3.108 10.202 1.523 2.164 5.503 2.914
8.14 9.308 5.122 5.939 5.662 5.602 3.11 10.206 1.523 2.178 5.505 2.912
8.149 9.33 5.12 5.942 5.661 5.599 3.111 10.208 1.522 2.189 5.507 2.913
8.159 9.35 5.116 5.945 5.663 5.599 3.111 10.21 1.522 2.195 5.508 2.915
8.163 9.371 5.114 5.947 5.663 5.602 3.112 10.211 1.523 2.197 5.511 2.914
8.164 9.388 5.111 5.951 5.664 5.601 3.113 10.214 1.523 2.2 5.513 2.912
8.164 9.403 5.108 5.954 5.664 5.598 3.114 10.216 1.524 2.202 5.515 2.912
8.163 9.416 5.105 5.957 5.665 5.604 3.116 10.218 1.525 2.204 5.521 2.913
8.161 9.429 5.103 5.96 5.665 5.606 3.116 10.22 1.525 2.207 5.539 2.914
8.159 9.438 5.099 5.963 5.664 5.603 3.119 10.222 1.526 2.208 5.557 2.915
8.156 9.446 5.097 5.964 5.665 5.608 3.121 10.225 1.527 2.209 5.572 2.915
8.153 9.453 5.095 5.965 5.663 5.611 3.124 10.227 1.528 2.21 5.632 2.914
8.148 9.458 5.092 5.966 5.663 5.61 3.127 10.229 1.529 2.209 5.679 2.914
8.147 NaN 5.091 5.969 5.664 5.61 3.131 10.231 1.53 2.207 5.703 2.915
8.146 9.466 5.09 5.973 5.664 5.611 3.136 10.232 1.531 2.204 5.742 2.914
8.147 9.468 5.089 5.979 5.665 5.616 3.14 10.233 1.532 2.201 5.769 2.914
8.148 9.47 5.089 5.985 5.663 5.621 3.146 10.236 1.534 2.196 5.788 2.915
8.148 9.471 5.088 5.989 5.664 5.625 3.152 10.24 1.535 2.19 5.804 2.915
8.147 9.471 5.088 5.993 5.663 5.635 3.158 10.243 1.536 2.184 5.815 2.916
8.146 9.472 5.087 6.006 5.664 5.648 3.163 10.247 1.536 2.178 5.823 2.919
8.145 9.471 5.086 6.015 5.663 5.659 3.167 10.254 1.537 2.174 5.83 2.919
8.142 9.472 5.086 6.016 5.663 5.667 3.17 10.258 1.537 2.169 5.835 2.917
8.136 9.473 5.087 6.014 5.664 5.669 3.172 10.258 1.538 2.165 5.837 2.916
8.142 9.474 5.088 6.012 5.664 5.675 3.172 10.257 1.538 2.159 5.842 2.918
8.154 9.475 5.089 6.012 5.665 5.682 3.173 10.258 1.539 2.155 5.841 2.921
8.158 9.477 5.09 6.011 5.664 5.692 3.175 10.258 1.539 2.15 5.825 2.92
8.159 9.48 5.092 6.011 5.664 5.699 3.178 10.26 1.54 2.146 5.801 2.92
8.159 9.481 5.093 6.01 5.665 5.709 3.182 10.259 1.54 2.141 5.838 2.922
8.158 9.482 5.095 6.01 5.665 5.716 3.183 10.258 1.541 2.138 5.846 2.924
8.158 9.483 5.095 6.009 5.666 5.723 3.186 10.257 1.541 2.134 5.816 2.923
8.156 9.483 5.096 6.009 5.665 5.737 3.187 10.258 1.542 2.13 5.778 2.922
8.151 9.482 5.097 6.008 5.666 5.76 3.191 10.257 1.543 2.126 5.751 2.922
8.147 9.482 5.098 6.007 5.665 5.791 3.194 10.256 1.543 2.123 5.766 2.923
8.143 9.481 5.099 6.006 5.665 5.807 3.199 10.256 1.545 2.12 5.779 2.924
8.142 9.48 5.099 6.006 5.666 5.807 3.203 10.258 1.548 2.117 5.784 2.925
8.142 9.479 5.101 6.013 5.663 5.797 3.208 10.258 1.55 2.114 5.784 2.923
8.143 9.477 5.101 6.01 5.665 5.781 3.212 10.256 1.55 2.112 5.786 2.923
8.144 9.476 5.103 6.001 5.665 5.766 3.217 10.254 1.549 2.109 5.79 2.924
8.147 9.474 5.104 5.998 5.666 5.751 3.22 10.253 1.549 2.107 5.793 2.924
8.153 9.472 5.105 5.997 5.665 5.74 3.225 10.252 1.548 2.105 5.796 2.925
8.158 9.47 5.106 5.996 5.666 5.738 3.23 10.25 1.549 2.103 5.796 2.926
8.161 9.469 5.107 5.995 5.665 5.77 3.234 10.249 1.549 2.101 5.784 2.926
8.162 9.467 5.108 5.995 5.665 5.844 3.237 10.25 1.55 2.099 5.771 2.927
8.162 9.466 5.108 5.994 5.666 5.912 3.238 10.249 1.551 2.097 5.77 2.927
8.163 9.464 5.109 5.993 5.666 5.953 3.241 10.248 1.552 2.096 5.771 2.928
8.164 9.463 5.11 5.992 5.665 5.989 3.254 10.247 1.554 2.093 5.768 2.93
8.165 9.462 5.11 5.991 5.664 6.042 3.257 10.247 1.556 2.091 5.766 2.929
8.165 9.461 5.111 5.99 5.665 6.129 3.258 10.246 1.557 2.089 5.763 2.928
8.164 9.46 5.111 5.989 5.665 6.194 3.257 10.245 1.558 2.087 5.76 2.928
8.164 9.459 5.11 5.987 5.666 6.24 3.258 10.244 1.559 2.085 5.759 2.93
8.165 9.458 5.11 5.986 5.666 6.278 3.259 10.244 1.561 2.083 5.756 2.934
8.164 9.457 5.111 5.985 5.665 6.312 3.261 10.243 1.562 2.081 5.754 2.93
8.165 9.456 5.111 5.984 5.666 6.344 3.263 10.241 1.563 2.08 5.755 2.929
8.165 9.455 5.113 5.984 5.666 6.372 3.267 10.241 1.565 2.077 5.778 2.932
8.166 9.454 5.114 5.983 5.665 6.392 3.28 10.24 1.567 2.075 5.795 2.932
8.169 9.452 5.115 5.982 5.665 6.412 3.359 10.239 1.568 2.073 5.796 2.93
8.17 9.452 5.118 5.981 5.666 6.433 3.506 10.239 1.569 2.071 5.794 2.93
8.17 9.449 5.12 5.98 5.665 6.451 3.543 10.238 1.572 2.069 5.79 2.931
8.171 9.448 5.124 5.98 5.665 6.465 3.458 10.237 1.574 2.067 5.788 2.931
8.172 9.445 5.128 5.979 5.666 6.476 3.394 10.236 1.576 2.065 5.786 2.932
8.172 9.443 5.133 5.978 5.666 6.478 3.35 10.236 1.579 2.063 5.784 2.933
8.173 9.441 5.137 5.978 5.665 6.483 3.313 10.235 1.581 2.061 5.781 2.935
8.172 9.439 5.142 5.977 5.665 6.481 3.273 10.234 1.584 2.06 5.779 2.937
8.173 9.438 5.147 5.976 5.664 6.487 3.195 10.235 1.586 2.058 5.778 2.937
8.174 9.435 5.153 5.975 5.664 6.5 3.153 10.234 1.588 2.056 5.775 2.936
8.174 9.433 5.16 5.975 5.665 6.495 3.149 10.234 1.59 2.054 5.773 2.937
8.175 9.43 5.17 5.974 5.665 6.498 3.063 10.233 1.592 2.053 5.772 2.935
8.176 9.427 5.182 5.973 5.664 6.498 3.048 10.233 1.595 2.051 5.77 2.932
8.177 9.425 5.2 5.972 5.665 6.501 3.153 10.232 1.598 2.049 5.766 2.932
8.177 9.422 5.252 5.972 5.664 6.512 3.291 10.231 1.601 2.048 5.763 2.933
8.178 9.419 5.373 5.971 5.665 6.515 3.347 10.232 1.604 2.046 5.761 2.935
8.177 9.416 5.532 5.971 5.665 6.507 3.352 10.232 1.608 2.045 5.758 2.935
8.177 9.414 5.658 5.97 5.664 6.496 3.352 10.231 1.612 2.043 5.755 2.933
8.178 9.411 5.741 5.97 5.664 6.487 3.354 10.231 1.614 2.042 5.744 2.932
8.178 9.408 5.794 5.969 5.665 6.482 3.357 10.229 1.617 2.04 5.687 2.932
8.179 9.405 5.829 5.968 5.665 6.477 3.365 10.228 1.622 2.039 5.62 2.934
8.18 9.403 5.852 5.968 5.666 6.468 3.391 10.227 1.626 2.037 5.588 2.936
8.182 9.4 5.868 5.967 5.665 6.464 3.399 10.228 1.628 2.036 5.572 2.936
8.184 9.397 5.88 5.966 5.665 6.457 3.399 10.228 1.628 2.035 5.563 2.934
8.186 9.394 5.89 5.966 5.666 6.451 3.4 10.227 1.629 2.034 5.559 2.934
8.188 9.391 5.898 5.965 5.666 6.447 3.404 10.227 1.632 2.034 5.556 2.935
8.193 9.388 5.904 5.964 5.665 6.443 3.409 10.226 1.633 2.033 5.552 2.937
8.338 9.345 5.893 5.954 5.664 6.339 3.709 10.226 1.719 2.018 5.504 2.982
8.339 9.342 5.89 5.953 5.665 6.326 3.708 10.225 1.718 2.017 5.501 2.981
8.339 9.339 5.886 5.952 5.665 6.31 3.704 10.225 1.719 2.016 5.497 2.981
8.338 9.337 5.883 5.951 5.666 6.295 3.701 10.224 1.718 2.015 5.493 2.98
8.338 9.335 5.881 5.951 5.668 6.28 3.698 10.224 1.717 2.014 5.49 2.979
8.337 9.332 5.88 5.95 5.675 6.264 3.693 10.223 1.717 2.013 5.488 2.978
8.335 9.33 5.88 5.95 5.687 6.249 3.69 10.223 1.716 2.012 5.485 2.979
8.337 9.327 5.879 5.949 5.694 6.236 3.69 10.222 1.716 2.011 5.481 2.979
8.337 9.324 5.878 5.949 5.697 6.224 3.686 10.222 1.715 2.01 5.477 2.978
8.336 9.321 5.878 5.948 5.698 6.216 3.683 10.221 1.714 2.009 5.475 2.978
8.335 9.319 5.876 5.948 5.699 6.209 3.68 10.221 1.714 2.008 5.472 2.977
8.334 9.316 5.873 5.947 5.7 6.202 3.68 10.22 1.713 2.007 5.468 2.978
8.335 9.314 5.87 5.947 5.7 6.199 3.678 10.22 1.712 2.006 5.466 2.977
8.335 9.311 5.867 5.946 5.701 6.189 3.673 10.219 1.712 2.005 5.462 2.975
8.334 9.309 5.864 5.945 5.7 6.183 3.671 10.219 1.711 2.004 5.46 2.976
8.334 9.307 5.859 5.945 5.7 6.178 3.667 10.218 1.71 2.003 5.457 2.977
8.333 9.304 5.854 5.944 5.701 6.172 3.666 10.217 1.71 2.002 5.455 2.976
8.332 9.302 5.849 5.944 5.701 6.166 3.663 10.217 1.709 2.001 5.453 2.974
8.331 9.3 5.843 5.943 5.703 6.164 3.661 10.216 1.709 2 5.45 2.974
8.331 9.297 5.838 5.942 5.703 6.158 3.66 10.217 1.708 1.999 5.447 2.973
8.33 9.294 5.832 5.942 5.704 6.153 3.659 10.217 1.707 1.998 5.444 2.973
8.329 9.292 5.827 5.941 5.704 6.147 3.655 10.216 1.706 1.997 5.441 2.972
8.33 9.29 5.822 5.941 5.705 6.141 3.653 10.215 1.706 1.997 5.439 2.976
8.329 9.287 5.818 5.94 5.706 6.136 3.652 10.215 1.705 1.996 5.441 2.978
8.329 9.285 5.812 5.939 5.707 6.131 3.648 10.214 1.704 1.995 5.489 2.977
8.328 9.281 5.807 5.935 5.707 6.127 3.645 10.214 1.704 1.994 5.538 2.975
8.327 9.28 5.803 5.931 5.708 6.121 3.644 10.213 1.703 1.993 5.544 2.975
8.327 9.277 5.796 5.929 5.708 6.116 3.642 10.213 1.702 1.993 5.54 2.974
8.326 9.275 5.789 5.929 5.709 6.112 3.639 10.212 1.702 1.991 5.535 2.974
8.326 9.272 5.783 5.928 5.71 NaN 3.638 10.212 1.7 1.99 5.53 2.973
8.325 9.269 5.774 5.928 5.712 6.104 3.636 10.211 1.699 1.99 5.525 2.972
8.325 9.267 5.765 5.927 5.713 6.101 3.634 10.211 1.7 1.988 5.515 2.973
8.326 9.265 5.755 5.927 5.713 6.096 3.633 10.21 1.7 1.988 5.513 2.972
8.325 9.262 5.744 5.926 5.712 6.091 3.631 10.21 1.699 1.987 5.514 2.972
8.325 9.26 5.734 5.926 5.712 6.087 3.628 10.209 1.699 1.986 5.511 2.971
8.324 9.258 5.723 5.925 5.711 6.082 3.626 10.209 1.698 1.986 5.508 2.971
8.323 9.256 5.713 5.924 5.711 6.077 3.623 10.208 1.698 1.985 5.504 2.97
8.322 9.253 5.702 5.924 5.71 6.074 3.62 10.208 1.697 1.984 5.5 2.969
8.321 9.25 5.691 5.923 5.711 6.071 3.619 10.207 1.696 1.983 5.499 2.969
8.321 9.248 5.681 5.923 5.711 6.066 3.616 10.206 1.696 1.982 5.496 2.968
8.319 9.245 5.672 5.924 5.71 6.062 3.615 10.205 1.695 1.982 5.492 2.969
8.319 9.243 5.664 5.924 5.711 6.059 3.613 10.204 1.695 1.981 5.489 2.969
8.318 9.24 5.656 5.923 5.71 6.056 3.61 10.203 1.694 1.98 5.486 2.968
8.318 9.237 5.649 5.923 5.709 6.052 3.61 10.202 1.693 1.979 5.484 2.966
8.317 9.234 5.644 5.922 5.708 6.043 3.607 10.202 1.693 1.979 5.486 2.966
8.317 9.232 5.639 5.922 5.708 6.029 3.606 10.201 1.692 1.978 5.533 2.967
8.316 9.23 5.633 5.921 5.707 6.02 3.604 10.201 1.692 1.977 5.596 2.967
8.315 9.227 5.628 5.921 5.706 6.019 3.602 10.2 1.691 1.976 5.609 2.966
8.314 9.225 5.623 5.92 5.706 6.024 3.601 10.197 1.691 1.976 5.608 2.966
8.314 9.222 5.618 5.92 5.705 6.031 3.598 10.191 1.69 1.975 5.607 2.965
8.313 9.22 5.613 5.919 5.705 6.035 3.597 10.185 1.689 1.974 5.607 2.965
8.312 9.217 5.608 5.919 5.704 6.034 3.595 10.182 1.688 1.973 5.605 2.964
8.312 9.214 5.602 5.918 5.703 6.038 3.592 10.184 1.688 1.973 5.605 2.965
8.311 9.212 5.598 5.918 5.703 6.021 3.59 10.189 1.687 1.972 5.604 2.964
8.311 9.21 5.593 5.916 5.702 6.021 3.588 10.191 1.686 1.971 5.602 2.963
8.31 9.207 5.588 5.916 5.702 6.025 3.586 10.192 1.685 1.971 5.602 2.963
8.309 9.205 5.583 5.915 5.703 6.019 3.584 10.191 1.684 1.97 5.601 2.962
8.309 9.202 5.579 5.914 5.702 6.03 3.582 10.191 1.683 1.97 5.6 2.96
8.307 9.199 5.575 5.914 5.702 6.03 3.58 10.193 1.682 1.969 5.598 2.962
8.308 9.197 5.571 5.915 5.701 6.027 3.579 10.195 1.682 1.968 5.597 2.962
8.308 9.194 5.567 5.914 5.701 6.03 3.578 10.195 1.681 1.967 5.595 2.961
8.307 9.191 5.562 5.913 5.7 6.03 3.576 10.196 1.681 1.967 5.594 2.961
8.306 9.189 5.557 5.913 5.699 6.033 3.573 10.196 1.68 1.966 5.592 2.958
8.306 9.186 5.553 5.912 5.699 6.039 3.57 10.195 1.68 1.965 5.591 2.959
8.305 9.183 5.547 5.912 5.698 6.033 3.565 10.194 1.679 1.964 5.59 2.96
8.304 9.18 5.543 5.911 5.699 6.018 3.563 10.194 1.679 1.964 5.589 2.958
8.305 9.177 5.539 5.91 5.698 6.003 3.561 10.195 1.678 1.963 5.59 2.957
8.304 9.175 5.536 5.91 5.697 5.991 3.561 10.194 1.678 1.963 5.589 2.958
8.304 9.173 5.531 5.909 5.696 5.983 3.56 10.194 1.677 1.962 5.588 2.957
8.303 9.169 5.527 5.909 5.695 5.98 3.559 10.208 1.677 1.962 5.588 2.957
8.303 9.167 5.522 5.908 5.693 5.981 3.558 10.186 1.676 1.961 5.587 2.958
8.302 9.164 5.517 5.908 5.692 5.985 3.557 10.187 1.676 1.961 5.585 2.957
8.301 9.162 5.513 5.907 5.692 5.996 3.555 10.194 1.675 1.96 5.584 2.956
8.301 9.16 5.509 5.906 5.691 6.018 3.553 10.194 1.675 1.96 5.583 2.956
8.3 9.158 5.505 5.906 5.689 6.033 3.551 10.193 1.674 1.959 5.575 2.957
8.3 9.156 5.503 5.907 5.687 6.035 3.549 10.194 1.674 1.958 5.543 2.956
8.299 9.153 5.5 5.906 5.688 6.031 3.549 10.196 1.673 1.959 5.521 2.956
8.299 9.15 5.497 5.905 5.687 6.027 3.547 10.199 1.672 1.958 5.514 2.955
8.298 9.149 5.494 5.905 5.687 6.021 3.545 10.203 1.672 1.957 5.513 2.954
8.298 9.147 5.491 5.906 5.689 6.011 3.542 10.207 1.671 1.957 5.512 2.953
8.297 9.145 5.487 5.906 5.688 6.005 3.539 10.209 1.671 1.956 5.51 2.953
8.297 9.142 5.482 5.905 5.688 6.008 3.537 10.208 1.67 1.956 5.509 2.954
8.296 9.141 5.477 5.905 5.686 6.019 3.535 10.204 1.669 1.955 5.508 2.954
8.296 9.139 5.472 5.904 5.688 6.02 3.533 10.201 1.669 1.955 5.508 2.952
8.295 9.137 5.469 5.903 5.685 6.025 3.533 10.199 1.668 1.954 5.506 2.951
8.295 9.136 5.467 5.903 5.687 6.031 3.532 10.196 1.668 1.954 5.506 2.954
8.294 9.134 5.466 5.904 5.685 6.033 3.531 10.195 1.667 1.953 5.505 2.957
8.294 9.133 5.467 5.903 5.684 6.032 3.53 10.194 1.667 1.954 5.503 2.962
8.293 9.131 5.468 5.903 5.683 6.028 3.529 10.193 1.666 1.954 5.503 2.964
8.293 9.13 5.469 5.902 5.68 6.026 3.552 10.193 1.665 1.953 5.501 2.966
8.292 9.128 5.469 5.901 5.681 6.023 3.607 10.192 1.665 1.953 5.501 2.956
8.291 9.106 5.467 5.901 5.68 6.021 3.572 10.192 1.664 1.952 5.5 2.951
8.291 9.106 5.465 5.9 5.68 6.019 3.561 10.191 1.664 1.952 5.5 2.951
8.29 9.105 5.463 5.9 5.675 6.016 3.559 10.191 1.663 1.95 5.498 2.954
8.289 9.104 5.462 5.899 5.675 6.015 3.539 10.19 1.663 1.954 5.497 2.957
8.289 9.104 5.462 5.899 5.674 6.013 3.46 10.19 1.662 1.958 5.497 2.956
8.288 9.103 5.461 5.898 5.672 6.009 3.39 10.189 1.662 1.958 5.496 2.955
8.289 9.103 5.459 5.898 5.673 6.005 3.363 10.189 1.661 1.957 5.495 2.956
8.291 9.102 5.457 5.897 5.672 5.998 3.422 10.188 1.661 1.957 5.494 2.956
8.292 9.101 5.453 5.897 5.671 5.996 3.526 10.188 1.66 1.956 5.494 2.957
8.246 9.096 5.405 5.897 5.661 5.899 3.337 10.188 1.598 1.941 5.269 2.942
8.245 9.095 5.403 5.896 5.662 5.9 3.335 10.188 1.597 1.94 5.269 2.939
8.245 9.095 5.401 5.896 5.662 5.9 3.333 10.187 1.596 1.94 5.268 2.94
8.244 9.094 5.399 5.895 5.661 5.898 3.333 10.187 1.596 1.939 5.268 2.94
8.245 9.094 5.396 5.894 5.661 5.894 3.334 10.186 1.595 1.939 5.267 2.942
8.245 9.093 5.393 5.894 5.662 5.893 3.334 10.186 1.594 1.938 5.266 2.94
8.244 9.093 5.391 5.893 5.661 5.895 3.333 10.185 1.594 1.938 5.265 2.94
8.245 9.092 5.388 5.893 5.661 5.893 3.332 10.185 1.593 1.937 5.265 2.941
8.246 9.092 5.385 5.892 5.66 5.885 3.331 10.184 1.593 1.937 5.264 2.94
8.246 9.091 5.383 5.892 5.66 5.879 3.33 10.184 1.592 1.936 5.264 2.939
8.245 9.091 5.38 5.891 5.661 5.875 3.329 10.183 1.592 1.936 5.263 2.939
8.243 9.09 5.377 5.891 5.66 5.87 3.327 10.183 1.591 1.935 5.263 2.94
8.243 9.089 5.375 5.892 5.661 5.859 3.326 10.182 1.591 1.935 5.262 2.94
8.242 9.088 5.372 5.891 5.66 5.85 3.326 10.182 1.59 1.934 5.262 2.938
8.242 9.088 5.369 5.891 5.66 5.844 3.323 10.181 1.59 1.934 5.261 2.938
8.243 9.048 5.367 5.89 5.661 5.839 3.316 10.181 1.589 1.933 5.261 2.943
8.243 9.047 5.366 5.89 5.661 5.829 3.317 10.18 1.589 1.933 5.26 2.946
8.242 9.047 5.365 5.889 5.66 5.818 3.32 10.18 1.587 1.932 5.261 2.945
8.241 9.046 5.365 5.889 5.659 5.813 3.322 10.179 1.588 1.932 5.26 2.943
8.24 9.046 5.364 5.888 5.66 5.81 3.321 10.179 1.587 1.931 5.26 2.942
8.24 9.045 5.363 5.888 5.66 5.808 3.321 10.178 1.587 1.931 5.259 2.942
8.239 9.044 5.361 5.887 5.661 5.805 3.319 10.178 1.586 1.93 5.259 2.94
8.238 9.044 5.358 5.887 5.662 5.801 3.319 10.177 1.586 1.93 5.258 2.94
8.237 9.043 5.356 5.886 5.662 5.793 NaN 10.178 1.585 1.929 5.258 2.942
8.237 9.042 5.353 5.886 5.661 5.786 3.321 10.178 1.585 1.929 5.257 2.939
8.236 9.043 5.351 5.885 5.662 5.784 3.322 10.177 1.584 1.928 5.257 2.938
8.236 9.043 5.349 5.885 5.661 5.786 3.322 10.176 1.584 1.928 5.258 2.938
8.235 9.044 5.348 5.886 5.661 5.783 3.321 10.177 1.583 1.927 5.258 2.94
8.234 9.045 5.347 5.886 5.662 5.776 3.32 10.177 1.583 1.926 5.257 2.941
8.234 9.045 5.347 5.885 5.663 5.772 3.32 10.176 1.582 1.925 5.257 2.938
8.233 9.047 5.348 5.885 5.662 5.771 3.319 10.175 1.582 1.926 5.263 2.937
8.232 9.048 5.348 5.886 5.662 5.765 3.318 10.173 1.581 1.925 5.29 2.938
8.231 9.049 5.347 5.886 5.663 5.758 3.317 10.172 1.581 1.925 5.409 2.939
8.231 9.05 5.347 5.885 5.662 5.755 3.316 10.172 1.582 1.924 5.493 2.94
8.229 9.051 5.345 5.885 5.662 5.752 3.316 10.173 1.581 1.924 5.499 2.94
8.228 9.052 5.343 5.884 5.661 5.756 3.314 10.174 1.582 1.923 5.499 2.938
8.227 9.052 5.34 5.884 5.662 5.753 3.314 10.176 1.582 1.923 5.5 2.938
8.225 9.053 5.338 5.883 5.661 5.745 3.313 10.177 1.583 1.922 5.5 2.94
8.224 9.054 5.336 5.882 5.661 5.745 3.313 10.178 1.583 1.922 5.499 2.938
8.223 9.055 5.336 5.882 5.662 5.748 3.312 10.178 1.584 1.921 5.499 2.937
8.222 9.055 5.334 5.881 5.662 5.75 3.311 10.177 1.584 1.921 5.498 2.938
8.221 9.056 5.333 5.88 5.661 5.747 3.31 10.176 1.585 1.92 5.481 2.94
8.22 9.056 5.333 5.88 5.662 5.744 3.308 10.174 1.586 1.919 5.441 2.938
8.219 9.058 5.332 5.881 5.662 5.742 3.299 10.172 1.586 1.919 5.395 2.938
8.219 9.058 5.329 5.881 5.661 5.743 3.296 10.172 1.587 1.92 5.357 2.939
8.216 9.059 5.327 5.88 5.662 5.744 3.296 10.173 1.587 1.919 5.329 2.937
8.202 9.058 5.323 5.879 5.664 5.743 3.299 10.175 1.588 1.919 5.308 2.936
8.204 9.058 5.319 5.878 5.661 5.741 3.298 10.177 1.588 1.918 5.291 2.937
8.219 9.059 5.314 5.878 5.663 5.736 3.298 10.178 1.589 1.918 5.278 2.938
8.224 9.058 5.309 5.879 5.662 5.732 3.297 10.178 1.589 1.917 5.269 2.938
8.222 9.058 5.303 5.878 5.662 5.733 3.297 10.176 1.59 1.918 5.263 2.939
8.219 9.057 5.297 5.878 5.661 5.736 3.296 10.175 1.59 1.918 5.259 2.938
8.217 9.056 5.292 5.877 5.662 5.735 3.296 10.172 1.591 1.917 5.257 2.936
8.216 9.057 5.286 5.876 5.662 5.732 3.295 10.171 1.591 1.917 5.255 2.936
8.215 9.056 5.282 5.876 5.661 5.729 3.295 10.171 1.59 1.921 5.253 2.938
8.214 9.056 5.277 5.877 5.66 5.73 3.297 10.172 1.589 1.925 5.252 2.937
8.213 9.055 5.273 5.878 5.661 5.732 3.298 10.174 1.589 1.924 5.251 2.936
8.213 9.054 5.269 5.877 5.661 5.733 3.299 10.176 1.59 1.924 5.251 2.936
8.212 9.054 5.265 5.876 5.662 5.733 3.3 10.176 1.59 1.923 5.25 2.937
8.212 9.053 5.26 5.876 5.661 5.729 3.3 10.175 1.589 1.923 5.251 2.936
8.211 9.053 5.256 5.875 5.662 5.725 3.299 10.174 1.588 1.922 5.251 2.937
8.225 9.052 5.173 5.868 5.658 5.679 3.225 10.169 1.592 1.899 5.332 2.939
8.224 9.051 5.183 5.868 5.659 5.679 3.224 10.168 1.593 1.898 5.313 2.94
8.222 9.051 5.197 5.867 5.658 5.675 3.224 10.167 1.593 1.898 5.297 2.941
8.221 9.05 5.211 5.867 5.658 5.671 3.223 10.167 1.594 1.897 5.282 2.941
8.219 9.05 5.223 5.866 5.659 5.668 3.223 10.166 1.594 1.896 5.271 2.94
8.218 9.049 5.232 5.865 5.658 5.669 3.222 10.166 1.595 1.896 5.262 2.945
8.217 9.049 5.238 5.865 5.658 5.669 3.222 10.164 1.595 1.895 5.256 2.946
8.218 9.048 5.241 5.866 5.657 5.67 3.223 10.163 1.596 1.895 5.253 2.946
8.216 9.047 5.241 5.866 5.658 5.672 3.222 10.162 1.596 1.894 5.25 2.945
8.216 9.047 5.239 5.865 5.658 5.674 3.222 10.161 1.597 1.895 5.248 2.945
8.215 9.046 5.237 5.865 5.657 5.68 3.221 10.161 1.597 1.894 5.247 2.947
8.215 9.046 5.233 5.864 5.657 5.693 3.222 10.163 1.598 1.894 5.246 2.946
8.216 9.045 5.23 5.864 5.656 5.709 3.221 10.165 1.598 1.893 5.245 2.945
8.215 9.044 5.226 5.863 5.656 5.721 3.221 10.166 1.599 1.893 5.245 2.945
8.216 9.044 5.222 5.863 5.657 5.73 3.22 10.167 1.599 1.894 5.258 2.946
8.216 9.043 5.219 5.862 5.656 5.735 3.22 10.166 1.598 1.894 5.269 2.945
8.218 9.043 5.216 5.862 5.657 5.738 3.221 10.165 1.598 1.893 5.277 2.945
8.218 9.042 5.213 5.861 5.657 5.738 3.221 10.164 1.597 1.893 5.309 2.943
8.219 9.041 5.21 5.859 5.656 5.735 3.22 10.164 1.597 1.894 5.329 2.943
8.22 9.041 5.208 5.859 5.656 5.733 3.219 10.163 1.596 1.892 5.33 2.944
8.22 9.04 5.204 5.86 5.657 5.733 3.219 10.163 1.596 1.897 5.327 2.946
8.222 9.038 5.201 5.861 5.656 5.736 3.22 10.162 1.595 1.896 5.323 2.945
8.221 9.038 5.197 5.861 5.657 5.737 3.219 10.161 1.595 1.893 5.319 2.943
8.221 9.037 5.193 5.86 5.658 5.738 3.22 10.16 1.594 1.895 5.314 2.944
8.222 9.037 5.19 5.86 5.657 5.737 3.22 10.158 1.594 1.893 5.312 2.944
8.221 9.036 5.186 5.861 5.657 5.734 3.219 10.157 1.593 1.9 5.311 2.943
8.221 9.036 5.183 5.86 5.656 5.731 3.218 10.157 1.593 1.9 5.311 2.943
8.222 9.035 5.18 5.859 5.657 5.73 3.218 10.158 1.592 1.899 5.31 2.941
8.221 9.033 5.178 5.858 5.657 5.733 3.216 10.16 1.592 1.899 5.31 2.941
8.222 9.033 5.175 5.859 5.656 5.734 3.216 10.161 1.591 1.898 5.309 2.943
8.222 9.032 5.172 5.86 5.656 5.731 3.217 10.162 1.591 1.898 5.31 2.944
8.221 9.032 5.17 5.861 5.657 5.728 3.216 10.161 1.59 1.896 5.31 2.943
8.221 9.031 5.168 5.861 5.657 5.727 3.215 10.16 1.59 1.896 5.309 2.941
8.222 9.031 5.165 5.86 5.656 5.73 3.216 10.16 1.589 1.895 5.309 2.941
8.222 9.03 5.163 5.859 5.656 5.729 3.216 10.159 1.589 1.895 5.312 2.942
8.223 9.03 5.161 5.859 5.657 5.724 3.217 10.159 1.588 1.894 5.315 2.942
8.222 9.029 5.159 5.86 5.656 5.717 3.217 10.158 1.588 1.894 5.319 2.941
8.222 9.029 5.157 5.861 5.656 5.715 3.216 10.159 1.587 1.893 5.323 2.94
8.224 9.028 5.157 5.861 5.655 5.715 3.216 10.159 1.587 1.893 5.327 2.941
8.223 9.027 5.156 5.86 5.656 5.714 3.217 10.158 1.586 1.892 5.331 2.942
8.223 9.027 5.155 5.859 5.656 5.713 3.216 10.158 1.587 1.892 5.334 2.941
8.224 9.026 5.153 5.859 5.655 5.709 3.215 10.157 1.588 1.891 5.337 2.94
8.223 9.026 5.152 5.86 5.656 5.702 3.215 10.157 1.588 1.891 5.341 2.94
8.224 9.025 5.15 5.86 5.655 5.695 3.214 10.158 1.587 1.89 5.344 2.941
8.223 9.024 5.148 5.859 5.657 5.694 3.214 10.157 1.587 1.89 5.347 2.941
8.223 9.024 5.147 5.859 5.656 5.694 3.213 10.157 1.588 1.889 5.35 2.94
8.224 9.023 5.146 5.858 5.656 5.691 3.216 10.158 1.589 1.889 5.357 2.94
8.223 9.023 5.144 5.858 5.657 5.686 3.215 10.157 1.59 1.89 5.37 2.939
8.223 9.022 5.143 5.859 5.657 5.681 3.214 10.157 1.59 1.89 5.381 2.939
8.222 9.022 5.141 5.859 5.656 5.682 3.213 10.156 1.589 1.889 5.385 2.94
8.222 9.021 5.14 5.86 5.656 5.68 3.214 10.155 1.588 1.889 5.387 2.939
8.221 9.021 5.139 5.861 5.657 5.676 3.214 10.155 1.587 1.888 5.387 2.938
8.222 9.02 5.138 5.86 5.657 5.67 3.213 10.154 1.588 1.888 5.386 2.938
8.222 9.02 5.137 5.86 5.656 5.667 3.213 10.154 1.588 1.887 5.387 2.939
8.221 9.019 5.136 5.861 5.656 5.669 3.212 10.155 1.59 1.887 5.386 2.939
8.221 9.019 5.134 5.861 5.657 5.669 3.212 10.157 1.588 1.886 5.386 2.938
8.22 9.02 5.134 5.862 5.655 5.667 3.213 10.159 1.587 1.886 5.387 2.936
8.22 9.019 5.133 5.862 5.656 5.661 3.212 10.16 1.587 1.885 5.387 2.937
8.219 9.018 5.133 5.861 5.655 5.658 3.212 10.16 1.586 1.885 5.386 2.938
8.219 9.019 5.134 5.861 5.655 5.658 3.211 10.159 1.586 1.884 5.386 2.938
8.218 9.02 5.135 5.862 5.656 5.659 3.21 10.159 1.585 1.883 5.387 2.937
8.218 9.019 5.137 5.862 5.656 5.661 3.21 10.158 1.585 1.883 5.387 2.939
8.219 9.019 5.14 5.861 5.655 5.663 3.209 10.158 1.584 1.882 5.386 2.938
8.219 9.02 5.143 5.86 5.656 5.662 3.209 10.157 1.584 1.881 5.386 2.936
8.218 9.02 5.148 5.86 5.656 5.659 3.208 10.157 1.585 1.881 5.387 2.936
8.206 9.021 5.153 5.861 5.655 5.658 3.207 10.158 1.585 1.882 5.387 2.939
8.204 9.021 5.157 5.861 5.656 5.658 3.207 10.158 1.586 1.882 5.386 2.943
8.232 9.051 5.124 5.86 5.654 5.695 3.192 10.155 1.591 1.882 5.315 2.946
8.233 9.051 5.125 5.859 5.653 5.694 3.191 10.156 1.59 1.881 5.314 2.944
8.233 9.05 5.126 5.859 5.653 5.694 3.192 10.156 1.591 1.881 5.314 2.944
8.234 9.05 5.128 5.858 5.652 5.689 3.192 10.155 1.59 1.88 5.313 2.946
8.234 9.049 5.129 5.857 5.653 NaN 3.191 10.155 1.59 1.88 5.313 2.944
8.235 9.049 5.131 5.857 5.653 5.678 3.191 10.154 1.591 1.886 5.314 2.944
8.235 9.048 5.132 5.858 5.654 5.678 3.192 10.154 1.591 1.887 5.317 2.942
8.236 9.047 5.134 5.857 5.653 5.679 3.193 10.153 1.59 1.887 5.32 2.942
8.236 9.047 5.136 5.857 5.653 5.674 3.193 10.154 1.59 1.886 5.324 2.944
8.235 9.046 5.138 5.856 5.654 5.668 3.192 10.153 1.589 1.886 5.327 2.947
8.235 9.045 5.14 5.856 5.654 5.664 3.193 10.153 1.589 1.885 5.331 2.947
8.236 9.046 5.142 5.855 5.653 5.664 3.194 10.152 1.588 1.885 5.336 2.951
8.235 9.045 5.144 5.855 5.653 5.661 3.193 10.152 1.589 1.884 5.34 2.951
8.236 9.045 5.145 5.854 5.654 5.655 3.194 10.151 1.589 1.884 5.344 2.948
8.236 9.044 5.147 5.854 5.653 5.65 3.194 10.152 1.588 1.883 5.348 2.947
8.235 9.044 5.147 5.855 5.652 5.649 3.193 10.152 1.588 1.883 5.352 2.946
8.235 9.042 5.148 5.855 5.653 5.65 3.193 10.151 1.587 1.882 5.355 2.944
8.236 9.042 5.148 5.854 5.652 5.651 3.192 10.151 1.587 1.882 5.359 2.943
8.236 9.041 5.147 5.854 5.653 5.649 3.193 10.15 1.586 1.881 5.362 2.943
8.235 9.041 5.148 5.853 5.652 5.645 3.193 10.151 1.586 1.881 5.366 2.944
8.235 9.04 5.148 5.853 5.653 5.64 3.194 10.151 1.587 1.88 5.369 2.944
8.237 9.039 5.147 5.854 5.652 5.64 3.194 10.15 1.586 1.88 5.371 2.942
8.239 9.039 5.147 5.855 5.653 5.641 3.193 10.151 1.587 1.879 5.372 2.94
8.24 9.038 5.146 5.855 5.652 5.642 3.193 10.151 1.587 1.879 5.374 2.941
8.241 9.038 5.146 5.854 5.652 5.642 3.192 10.15 1.586 1.878 5.375 2.941
8.241 9.037 5.145 5.854 5.653 5.638 3.192 10.15 1.586 1.878 5.377 2.939
8.24 9.037 5.145 5.853 5.653 5.634 3.193 10.151 1.585 1.877 5.378 2.939
8.239 9.036 5.144 5.853 5.654 5.635 3.193 10.151 1.585 1.877 5.378 2.937
8.238 9.036 5.144 5.852 5.653 5.639 3.191 10.152 1.584 1.876 5.379 2.938
8.237 9.035 5.143 5.852 5.653 5.639 3.191 10.153 1.584 1.875 5.38 2.939
8.236 9.034 5.143 5.851 5.652 5.635 3.192 10.155 1.583 1.875 5.379 2.937
8.234 9.034 5.141 5.851 5.653 5.632 3.192 10.155 1.583 1.874 5.379 2.936
8.223 9.033 5.14 5.947 5.653 5.634 3.191 10.154 1.582 1.874 5.378 2.938
8.228 9.033 5.139 5.987 5.652 5.638 3.192 10.154 1.582 1.873 5.377 2.939
8.238 9.032 5.138 5.975 5.653 5.642 3.191 10.153 1.581 1.873 5.374 2.939
8.239 9.032 5.137 5.943 5.653 5.646 3.191 10.153 1.581 1.872 5.372 2.938
8.237 9.031 5.135 5.91 5.652 5.646 3.19 10.152 1.58 1.872 5.369 2.938
8.234 9.03 5.133 5.882 5.653 5.643 3.19 10.152 1.58 1.871 5.366 2.936
8.233 9.03 5.131 5.861 5.653 5.643 3.191 10.153 1.579 1.871 5.363 2.936
8.232 9.029 5.13 5.843 5.652 5.649 3.189 10.153 1.579 1.87 5.361 2.938
8.231 9.029 5.128 5.83 5.652 5.654 3.19 10.152 1.578 1.87 5.361 2.938
8.23 9.028 5.125 5.82 5.654 5.654 3.191 10.152 1.578 1.871 5.362 2.937
8.229 9.027 5.123 5.812 5.653 5.659 3.191 10.153 1.577 1.871 5.363 2.938
8.229 9.007 5.121 5.804 5.653 5.664 3.19 10.152 1.577 1.87 5.365 2.939
8.228 9.007 5.119 5.799 5.652 5.662 3.19 10.152 1.576 1.869 5.365 2.936
8.228 9.006 5.118 5.794 5.652 5.656 3.189 10.155 1.576 1.869 5.364 2.936
8.227 9.005 5.116 5.791 5.653 5.659 3.189 10.16 1.575 1.87 5.364 2.937
8.228 9.005 5.114 5.789 5.653 5.662 3.188 10.165 1.575 1.87 5.365 2.939
8.228 9.004 5.113 5.787 5.652 5.661 3.187 10.173 1.574 1.869 5.39 2.939
8.227 9.004 5.111 5.786 5.652 5.661 3.188 10.182 1.574 1.869 5.448 2.937
8.227 9.003 5.109 5.785 5.653 5.666 3.188 10.183 1.573 1.868 5.467 2.936
8.228 9.003 5.108 5.784 5.653 5.674 3.187 10.181 1.573 1.868 5.471 2.937
8.227 9.004 5.106 5.783 5.652 5.674 3.187 10.178 1.572 1.867 5.47 2.942
8.227 9.004 5.105 5.783 5.652 5.673 3.188 10.174 1.572 1.867 5.471 2.943
8.226 9.005 5.104 5.782 5.653 5.672 3.188 10.168 1.573 1.866 5.471 2.942
8.226 9.004 5.103 5.782 5.653 5.67 3.187 10.162 1.573 1.866 5.479 2.943
8.225 9.005 5.101 5.788 5.652 5.669 3.187 10.156 1.574 1.865 5.485 2.943
8.225 9.005 5.1 5.867 5.652 5.669 3.186 10.149 1.574 1.865 5.483 2.942
8.224 9.006 5.099 5.878 5.653 5.67 3.185 10.141 1.575 1.864 5.451 2.943
8.225 9.006 5.098 5.878 5.653 5.674 3.185 10.137 1.575 1.864 5.405 2.944
8.225 9.007 5.097 5.879 5.654 5.679 3.187 10.131 1.574 1.865 5.378 2.943
8.226 9.007 5.097 5.878 5.654 5.687 3.188 10.126 1.574 1.865 5.367 2.942
8.226 9.008 5.096 5.878 5.653 5.691 3.188 10.124 1.573 1.864 5.363 2.941
8.225 9.008 5.095 5.875 5.653 5.693 3.187 10.122 1.573 1.864 5.363 2.942
8.225 9.009 5.095 5.868 5.654 5.692 3.186 10.121 1.572 1.863 5.362 2.943
8.224 9.009 5.093 5.857 5.654 5.691 3.185 10.121 1.572 1.862 5.363 2.941
8.224 9.008 5.091 5.847 5.653 5.695 3.185 10.12 1.571 1.862 5.363 2.94
8.223 9.008 5.089 5.84 5.654 5.7 3.184 10.12 1.571 1.863 5.361 2.941
8.223 9.007 5.087 5.839 5.654 5.699 3.184 10.122 1.57 1.863 5.362 2.943
8.222 9.006 5.086 5.844 5.653 5.696 3.183 10.129 1.57 1.864 5.363 2.942
8.222 9.006 5.084 5.849 5.654 5.696 3.184 10.141 1.569 1.865 5.362 2.94
8.221 9.005 5.084 5.851 5.654 5.699 3.184 10.149 1.569 1.865 5.362 2.94
8.194 9.005 5.142 5.847 5.651 5.681 3.151 10.151 1.556 1.866 5.231 2.929
8.194 9.004 5.148 5.846 5.652 5.683 3.15 10.152 1.555 1.866 5.231 2.93
8.193 9.004 5.154 5.844 5.651 5.68 3.149 10.151 1.555 1.865 5.23 2.932
8.193 9.003 5.16 5.844 5.651 5.677 3.147 10.15 1.554 1.865 5.23 2.933
8.192 9.003 5.166 5.843 5.652 5.676 3.147 10.148 1.554 1.864 5.229 2.931
8.189 9.002 5.17 5.843 5.651 5.677 3.148 10.146 1.553 1.864 5.229 2.93
8.187 9.002 5.174 5.842 5.651 5.679 3.149 10.146 1.553 1.863 5.228 2.93
8.185 9.001 5.177 5.842 5.652 5.679 3.15 10.145 1.552 1.863 5.228 2.931
8.185 9.001 5.178 5.841 5.652 5.676 3.15 10.145 1.552 1.862 5.227 2.933
8.184 9 5.179 5.841 5.651 5.672 3.151 10.144 NaN 1.862 5.227 2.932
8.184 8.999 5.178 5.84 5.651 5.667 3.152 10.144 1.551 1.861 5.226 2.929
8.183 8.999 5.177 5.839 5.65 5.665 3.151 10.145 1.55 1.862 5.225 2.929
8.182 8.998 5.176 5.839 5.652 5.666 3.15 10.145 1.55 1.861 5.225 2.931
8.181 8.997 5.173 5.84 5.651 5.667 3.15 10.144 1.549 1.861 5.227 2.933
8.181 8.996 5.171 5.84 5.651 5.666 3.149 10.144 1.549 1.86 5.247 2.931
8.182 8.996 5.168 5.839 5.65 5.665 3.148 10.143 1.548 1.86 5.265 2.928
8.183 8.995 5.166 5.839 5.651 5.661 3.148 10.143 1.548 1.859 5.274 2.929
8.185 8.995 5.164 5.84 5.65 5.655 3.147 10.142 1.547 1.859 5.321 2.931
8.185 8.994 5.162 5.839 5.65 5.652 3.147 10.143 1.547 1.858 5.352 2.932
8.184 8.994 5.159 5.838 5.649 5.653 3.146 10.143 1.546 1.858 5.354 2.929
8.184 8.993 5.157 5.837 5.65 5.655 3.146 10.142 1.546 1.857 5.344 2.927
8.183 8.993 5.154 5.837 5.65 5.654 3.144 10.142 1.545 1.857 5.332 2.93
8.181 8.992 5.152 5.838 5.649 5.648 3.145 10.141 1.545 1.856 5.324 2.931
8.181 8.992 5.149 5.839 5.649 5.643 3.145 10.14 1.546 1.856 5.321 2.929
8.18 8.991 5.147 5.839 5.647 5.64 3.146 10.14 1.546 1.855 5.32 2.928
8.18 8.991 5.144 5.84 5.649 5.639 3.146 10.139 1.547 1.855 5.32 2.928
8.179 8.99 5.141 5.84 5.649 5.638 3.147 10.138 1.547 1.854 5.319 2.929
8.179 8.99 5.139 5.841 5.65 5.636 3.147 10.137 1.548 1.853 5.319 2.929
8.18 8.989 5.137 5.842 5.65 5.631 3.148 10.137 1.548 1.853 5.325 2.928
8.18 8.989 5.135 5.842 5.649 5.622 3.147 10.136 1.549 1.852 5.343 2.928
8.179 8.988 5.135 5.841 5.65 5.616 3.148 10.137 1.549 1.852 5.37 2.93
8.18 8.987 5.133 5.841 5.65 5.613 3.147 10.138 1.55 1.851 5.381 2.929
8.179 8.986 5.131 5.84 5.651 5.614 3.146 10.138 1.55 1.851 5.384 2.927
8.178 8.986 5.13 5.84 5.65 5.617 3.147 10.139 1.551 1.85 5.384 2.927
8.178 8.969 5.128 5.841 5.65 5.617 3.146 10.139 1.551 1.851 5.383 2.93
8.177 8.969 5.126 5.84 5.648 5.613 3.145 10.14 1.55 1.851 5.375 2.927
8.176 8.968 5.125 5.84 5.649 5.608 3.145 10.142 1.551 1.85 5.354 2.927
8.176 8.968 5.123 5.839 5.65 5.606 3.144 10.144 1.551 1.85 5.334 2.928
8.175 8.967 5.122 5.839 5.648 5.607 3.144 10.145 1.552 1.851 5.32 2.929
8.174 8.967 5.12 5.838 5.648 5.608 3.143 10.146 1.553 1.85 5.314 2.929
8.174 8.966 5.119 5.837 5.649 5.608 3.145 10.145 1.553 1.85 5.311 2.928
8.175 8.966 5.119 5.837 5.649 5.603 3.144 10.143 1.554 1.851 5.31 2.926
8.175 8.965 5.118 5.838 5.648 5.598 3.144 10.141 1.554 1.851 5.309 2.926
8.176 8.965 5.117 5.838 5.648 5.594 3.145 10.141 1.555 1.852 5.309 2.932
8.175 8.964 5.115 5.837 5.649 5.594 3.145 10.14 1.556 1.851 5.306 2.935
8.174 8.964 5.115 5.837 5.648 5.595 3.146 10.139 1.556 1.85 5.315 2.932
8.174 8.963 5.114 5.836 5.648 5.596 3.144 10.139 1.557 1.85 5.322 2.932
8.173 8.963 5.114 5.836 5.649 5.596 3.144 10.14 1.555 1.851 5.321 2.934
8.173 8.962 5.115 5.837 5.648 5.591 3.143 10.14 1.555 1.852 5.313 2.934
8.159 8.962 5.039 5.836 5.648 5.603 3.102 10.139 1.519 1.847 5.219 2.918
8.158 8.961 5.04 5.835 5.647 5.608 3.103 10.138 1.518 1.846 5.22 2.919
8.158 8.96 5.039 5.835 5.648 5.615 3.102 10.138 1.518 1.846 5.22 2.921
8.157 8.96 5.039 5.834 5.648 5.615 3.101 10.137 1.517 1.845 5.219 2.921
8.156 8.959 5.04 5.833 5.649 5.611 3.099 10.137 1.517 1.845 5.219 2.92
8.156 8.959 5.041 5.833 5.649 5.61 3.099 10.136 1.516 1.844 5.218 2.924
8.155 8.958 5.042 5.832 5.648 5.615 3.098 10.136 1.516 1.844 5.218 2.924
8.154 8.958 5.043 5.832 5.648 5.614 3.098 10.135 1.515 1.843 5.217 2.923
8.154 8.957 5.045 5.831 5.649 5.608 3.099 10.134 1.515 1.843 5.216 2.923
8.153 8.957 5.047 5.831 5.648 5.603 3.099 10.132 1.514 1.842 5.217 2.924
8.152 8.956 5.049 5.83 5.648 5.601 3.1 10.132 1.514 1.842 5.217 2.926
8.152 8.956 5.05 5.83 5.649 5.602 3.101 10.13 1.515 1.841 5.218 2.927
8.151 8.955 5.052 5.831 5.647 5.603 3.102 10.129 1.515 1.841 5.218 2.924
8.151 8.955 5.053 5.831 5.647 5.603 3.102 10.13 1.516 1.84 5.217 2.922
8.15 8.954 5.055 5.83 5.648 5.604 3.101 10.131 1.517 1.84 5.216 2.922
8.149 8.954 5.056 5.83 5.647 5.601 3.1 10.131 1.517 1.839 5.215 2.923
8.148 8.953 5.057 5.829 5.647 5.596 3.098 10.13 1.518 1.839 5.215 2.923
8.14 8.953 5.059 5.829 5.648 5.59 3.097 10.13 1.519 1.838 5.216 2.924
8.133 8.952 5.06 5.83 5.648 5.59 3.096 10.131 1.52 1.839 5.218 2.924
8.134 8.952 5.063 5.83 5.647 5.588 3.095 10.131 1.52 1.839 5.218 2.923
8.138 8.951 5.065 5.831 5.647 5.584 3.094 10.13 1.522 1.838 5.217 2.922
8.14 8.951 5.068 5.831 5.648 5.579 3.094 10.13 1.523 1.837 5.216 2.922
8.142 8.95 5.07 5.832 5.647 5.575 3.093 10.131 1.524 1.838 5.216 2.921
8.142 8.95 5.072 5.832 5.647 5.574 3.092 10.131 1.524 1.839 5.215 2.921
8.141 8.949 5.074 5.831 5.648 5.574 3.092 10.132 1.525 1.839 5.215 2.919
8.141 8.949 5.075 5.831 5.647 5.571 3.091 10.132 1.525 1.84 5.221 2.917
8.14 8.948 5.076 5.832 5.647 5.565 3.092 10.133 1.526 1.838 5.268 2.92
8.14 8.948 5.076 5.831 5.648 5.56 3.091 10.133 1.526 1.839 5.31 2.922
8.139 8.947 5.077 5.831 5.648 5.56 3.09 10.132 1.527 1.839 5.322 2.921
8.138 8.948 5.076 5.83 5.647 5.561 3.091 10.131 1.528 1.838 5.324 2.921
8.138 8.948 5.075 5.83 5.648 5.562 3.091 10.132 1.529 1.84 5.325 2.92
8.137 8.941 5.074 5.829 5.647 5.559 3.092 10.133 1.53 1.839 5.321 2.92
8.135 8.94 5.073 5.829 5.647 5.553 3.092 10.133 1.53 1.838 5.316 2.921
8.135 8.94 5.072 5.828 5.648 5.547 NaN 10.134 1.531 1.839 5.316 2.92
8.133 8.939 5.071 5.828 5.647 5.546 3.092 10.134 1.531 1.838 5.315 2.919
8.133 8.939 5.069 5.827 5.647 5.548 3.092 10.133 1.53 1.839 5.314 2.918
8.132 8.94 5.068 5.827 5.646 5.55 3.091 10.133 1.529 1.844 5.312 2.918
8.132 8.939 5.066 5.828 5.646 5.55 3.091 10.132 1.527 1.847 5.311 2.919
8.131 8.939 5.065 5.828 5.645 5.549 3.09 10.132 1.527 1.846 5.31 2.921
8.131 8.94 NaN 5.827 5.647 5.543 3.09 10.133 1.528 1.846 5.312 2.922
