356.585789 1766.396405 126.187110 532.382747 374.000000 335.000000 85.000000 100.000000 948.000000 178.000000
356.549272 1757.773145 145.375587 535.285785 333.000000 342.000000 78.000000 47.000000 1071.000000 177.000000
357.210783 1758.540476 140.155320 540.373347 117.000000 355.000000 82.000000 17.000000 595.000000 190.000000
357.746027 1754.087282 127.839251 541.006355 40.000000 370.000000 93.000000 4.000000 94.000000 179.000000
358.015648 1762.010123 118.493647 548.743698 100.000000 331.000000 97.000000 169.000000 158.000000 180.000000
356.412223 1748.340444 104.639636 546.565432 0.000000 312.000000 122.000000 0.000000 0.000000 194.000000
352.742498 1740.414461 101.933438 541.112598 90.000000 451.000000 163.000000 9.000000 0.000000 177.000000
350.394156 1739.274822 88.607186 533.037730 573.000000 376.000000 169.000000 197.000000 0.000000 178.000000
350.816383 1760.665041 93.039363 539.775379 187.000000 385.000000 160.000000 368.000000 0.000000 183.000000
353.324401 1775.538264 164.376779 529.846100 222.000000 254.000000 125.000000 389.000000 1.000000 208.000000
354.067681 1769.747514 102.953644 534.592211 135.000000 307.000000 106.000000 36.000000 335.000000 182.000000
355.966765 1775.834969 135.691882 525.060515 278.000000 396.000000 84.000000 50.000000 1155.000000 177.000000
356.949070 1772.305984 137.611814 541.867982 592.000000 419.000000 88.000000 230.000000 684.000000 154.000000
357.871745 1770.753738 130.391314 541.276907 348.000000 374.000000 101.000000 308.000000 259.000000 180.000000
358.931669 1786.436767 167.292216 544.078181 561.000000 472.000000 80.000000 179.000000 766.000000 155.000000
360.115007 1776.103499 170.219530 554.094188 20.000000 324.000000 92.000000 2.000000 138.000000 196.000000
360.127157 1786.946881 156.474302 550.397956 50.000000 334.000000 91.000000 5.000000 328.000000 178.000000
358.577741 1770.225555 117.817195 550.542252 0.000000 354.000000 103.000000 0.000000 134.000000 187.000000
355.281178 1752.613357 92.554847 560.147652 50.000000 392.000000 156.000000 5.000000 1.000000 191.000000
351.811961 1729.664114 83.269969 552.512301 401.000000 404.000000 160.000000 103.000000 0.000000 179.000000
351.142069 1774.099239 102.994270 531.041461 215.000000 414.000000 155.000000 278.000000 22.000000 175.000000
353.794959 1771.319756 117.314349 528.594068 202.000000 341.000000 133.000000 86.000000 0.000000 196.000000
355.329924 1798.073078 119.185540 550.739012 144.000000 343.000000 104.000000 39.000000 221.000000 178.000000
357.800709 1788.379276 137.120635 530.299001 559.000000 575.000000 95.000000 589.000000 410.000000 147.000000
359.446833 1808.328267 139.366761 545.310098 411.000000 439.000000 85.000000 100.000000 627.000000 154.000000
359.364893 1797.122568 159.984442 536.827884 664.000000 491.000000 94.000000 347.000000 78.000000 147.000000
360.127512 1797.172217 162.017994 540.851323 896.000000 456.000000 92.000000 368.000000 322.000000 154.000000
360.014712 1788.702392 157.758433 541.947689 120.000000 329.000000 102.000000 12.000000 0.000000 182.000000
360.588156 1790.024062 168.320116 541.069066 100.000000 423.000000 108.000000 72.000000 0.000000 167.000000
357.426836 1772.404944 115.914108 528.304023 0.000000 338.000000 125.000000 0.000000 0.000000 184.000000
356.474236 1766.629675 107.377830 546.994916 60.000000 371.000000 160.000000 6.000000 0.000000 175.000000
352.937925 1749.747769 89.269097 546.655309 510.000000 441.000000 183.000000 51.000000 0.000000 171.000000
351.839338 1768.784314 94.129294 544.355829 116.000000 328.000000 161.000000 45.000000 0.000000 187.000000
354.620118 1780.562044 110.422012 523.932210 139.000000 344.000000 128.000000 59.000000 0.000000 191.000000
355.739729 1790.282858 122.135564 512.350395 112.000000 303.000000 103.000000 33.000000 423.000000 178.000000
357.884562 1792.286880 140.796519 516.397803 666.000000 533.000000 92.000000 473.000000 794.000000 146.000000
358.053892 1788.265645 128.566942 525.980380 757.000000 612.000000 96.000000 531.000000 301.000000 134.000000
359.693002 1797.131812 146.359401 531.014498 650.000000 506.000000 95.000000 409.000000 391.000000 145.000000
360.256873 1801.151195 141.147928 542.721113 388.000000 400.000000 93.000000 56.000000 227.000000 175.000000
361.993826 1800.477549 149.052690 541.240893 0.000000 307.000000 92.000000 0.000000 187.000000 202.000000
361.142021 1788.325078 133.733763 541.118025 100.000000 381.000000 103.000000 12.000000 0.000000 179.000000
357.581031 1782.228520 101.175925 528.061005 0.000000 284.000000 120.000000 0.000000 0.000000 185.000000
355.589182 1765.812449 87.216036 530.209066 50.000000 411.000000 153.000000 5.000000 1.000000 188.000000
353.327930 1769.907877 100.463637 521.046103 291.000000 421.000000 161.000000 40.000000 0.000000 173.000000
353.708265 1764.054210 98.749199 514.733555 136.000000 340.000000 157.000000 55.000000 19.000000 194.000000
356.014181 1776.479058 90.299883 487.555445 132.000000 431.000000 136.000000 32.000000 0.000000 189.000000
357.048889 1796.431917 109.132472 497.414917 389.000000 425.000000 102.000000 286.000000 476.000000 181.000000
359.116274 1813.557609 135.017667 503.290717 205.000000 396.000000 93.000000 64.000000 524.000000 190.000000
360.438751 1807.703750 145.365649 513.234757 186.000000 321.000000 97.000000 72.000000 419.000000 193.000000
360.435554 1779.188766 125.879922 520.422438 444.000000 443.000000 86.000000 215.000000 732.000000 171.000000
362.499833 1802.170173 154.441345 539.337260 321.000000 445.000000 95.000000 63.000000 118.000000 179.000000
361.964235 1789.005998 122.643434 521.368175 30.000000 383.000000 92.000000 3.000000 59.000000 185.000000
361.761086 1757.061466 114.406149 530.848560 100.000000 418.000000 124.674991 32.000000 63.000000 175.000000
359.839210 1768.076319 103.414702 519.160524 0.000000 422.000000 129.000000 0.000000 0.000000 185.430622
358.297892 1782.178991 98.702053 541.927610 60.000000 415.000000 163.000000 6.000000 0.000000 188.000000
354.557428 1754.512137 141.941704 540.901845 311.000000 410.000000 186.000000 47.000000 0.000000 161.000000
355.920217 1767.575094 116.201078 512.911704 344.000000 377.000000 169.000000 442.000000 0.000000 177.000000
358.124767 1813.190388 133.846924 499.978693 130.000000 360.000000 124.000000 30.000000 110.000000 185.381955
355.223896 1794.023330 128.925890 502.272767 244.000000 446.000000 91.000000 117.221513 791.000000 171.000000
362.357162 1811.702030 133.367104 506.804119 653.000000 489.000000 92.000000 298.000000 510.000000 161.000000
353.791005 1812.791099 111.837459 500.624001 606.000000 544.000000 91.000000 117.132377 288.000000 141.000000
362.244554 1801.048161 136.243404 520.075810 150.116459 421.000000 105.000000 104.000000 0.000000 166.000000
363.145200 1757.061466 162.499001 522.950037 276.000000 425.000000 96.000000 36.000000 0.000000 163.000000
363.843274 1804.977282 146.622425 522.518663 220.000000 359.000000 92.000000 22.000000 268.000000 185.367199
363.960651 1806.880139 132.537045 533.113566 30.000000 395.000000 93.000000 3.000000 215.000000 158.000000
361.879640 1747.048459 93.097327 536.200065 0.000000 343.000000 119.000000 0.000000 104.848065 194.000000
359.914951 1780.842836 99.488059 533.512937 90.000000 398.000000 107.778548 9.000000 0.000000 191.000000
356.766512 1789.013747 87.573096 527.336616 190.000000 387.000000 182.000000 19.000000 0.000000 185.430622
356.340922 1781.710470 80.955048 523.296928 128.000000 489.000000 190.000000 45.000000 0.000000 178.000000
359.118263 1798.635430 96.875812 506.448924 130.000000 314.000000 127.000000 21.000000 18.000000 206.000000
362.125229 1801.543016 116.205648 498.674791 112.000000 384.000000 112.000000 32.000000 16.000000 186.000000
361.618783 1803.708532 106.016414 506.823158 106.000000 383.000000 101.000000 87.000000 469.000000 179.000000
364.108406 1813.130829 136.794759 519.625661 110.000000 413.000000 88.000000 11.000000 346.000000 185.338412
366.879263 1811.318556 130.264359 523.063972 132.000000 338.000000 95.000000 38.000000 64.000000 152.000000
365.163684 1813.794682 148.191968 527.347657 150.116013 413.000000 95.911126 16.000000 244.493545 185.335288
363.683789 1774.264694 116.521925 529.417023 20.000000 350.000000 105.000000 2.000000 0.000000 182.000000
366.232410 1749.699009 127.077597 542.125057 50.000000 350.000000 109.000000 117.102634 140.200309 185.061036
363.272005 1774.029144 112.929404 551.310672 0.000000 338.000000 122.000000 117.191753 1.000000 198.000000
361.979046 1774.326411 94.627612 544.505296 700.000000 425.000000 167.000000 70.000000 0.000000 162.000000
354.058071 1774.729172 100.474038 538.965608 210.000000 412.000000 171.000000 21.000000 0.000000 159.000000
357.932766 1744.704890 112.145050 514.398616 191.000000 358.000000 162.000000 46.000000 209.677807 164.000000
359.950224 1816.413925 111.212630 497.308480 130.000000 317.000000 124.000000 39.000000 49.000000 187.000000
363.102952 1804.433067 106.946641 495.684004 144.000000 322.000000 87.685772 41.000000 100.000000 171.000000
363.779954 1816.188634 123.061897 504.273603 212.000000 400.000000 99.000000 117.191761 80.000000 163.000000
364.888092 1816.050437 130.501201 519.564858 425.000000 413.000000 101.000000 125.000000 92.000000 131.000000
366.394219 1807.767776 134.372708 518.882558 105.000000 314.000000 86.000000 46.000000 683.000000 166.000000
366.723090 1820.014832 149.332262 528.605296 120.000000 365.000000 86.000000 12.000000 301.000000 198.000000
355.178384 1808.131238 134.766369 535.381525 150.151015 360.000000 92.000000 9.000000 148.000000 171.000000
366.742049 1804.629843 130.994221 533.509514 30.000000 350.000000 132.000000 3.000000 0.000000 179.000000
365.659108 1797.685476 110.735655 532.643707 0.000000 338.000000 124.000000 0.000000 0.000000 178.000000
361.595980 1785.218376 78.898512 524.183813 110.000000 425.000000 155.000000 11.000000 0.000000 184.675736
358.918224 1772.183562 111.851643 513.649977 130.000000 415.000000 181.000000 13.000000 0.000000 173.000000
359.244470 1794.980358 98.091089 541.734654 258.000000 360.000000 114.203157 31.000000 0.000000 159.000000
362.162137 1797.118285 108.387187 507.141390 130.000000 323.000000 128.000000 30.000000 23.000000 187.000000
355.221861 1809.538773 123.992347 491.401216 158.000000 350.000000 114.270342 17.000000 0.000000 187.000000
366.148752 1822.473988 141.872947 496.578665 654.000000 400.000000 89.000000 486.000000 736.000000 160.000000
366.775637 1810.622640 167.000129 514.659726 383.000000 413.000000 95.000000 117.132245 379.000000 155.000000
367.681065 1816.594485 151.332391 516.609148 685.000000 304.000000 121.022488 528.000000 520.000000 144.000000
369.016976 1756.691032 160.848551 525.268087 519.000000 350.543276 89.000000 186.000000 307.000000 164.000000
355.234212 1830.483848 171.368335 526.735991 50.000000 363.000000 88.000000 5.000000 565.000000 177.000000
355.221012 1818.264596 113.452535 546.930622 90.000000 316.000000 101.000000 9.000000 28.000000 156.000000
355.195250 1816.742359 128.425037 541.323769 0.000000 338.000000 123.000000 0.000000 0.000000 173.000000
366.065468 1742.310315 110.058794 549.598864 160.000000 425.000000 175.000000 16.000000 0.000000 178.000000
362.669980 1800.858318 114.668924 544.864021 450.000000 400.000000 193.000000 58.000000 0.000000 172.000000
363.530553 1795.907061 94.165317 534.535443 229.000000 356.000000 121.149282 71.000000 0.000000 177.000000
365.575272 1837.087060 157.289425 525.119688 130.000000 321.000000 122.000000 117.191771 183.000000 185.417067
367.737755 1833.354023 145.506412 528.114314 194.000000 350.543274 102.000000 27.000000 307.000000 184.000000
368.992274 1836.247810 150.258194 520.398757 256.000000 340.000000 104.280122 99.000000 887.000000 184.000000
370.421170 1829.211372 143.435591 528.769069 233.000000 413.000000 92.000000 25.000000 562.000000 176.000000
371.244240 1832.356710 154.342192 532.899454 198.000000 400.000000 84.000000 31.000000 772.000000 185.000000
372.838931 1837.037144 172.528761 538.550419 110.000000 350.543274 83.000000 17.000000 244.416970 188.000000
372.501501 1829.667286 153.450389 542.376030 30.000000 350.543274 81.000000 3.000000 614.000000 182.000000
372.349239 1756.452231 149.999172 535.946646 30.000000 312.000000 112.653506 3.000000 355.000000 185.000000
372.531865 1802.908149 102.767870 548.555292 0.000000 350.543276 119.000000 0.000000 31.000000 187.000000
366.831733 1780.813080 86.275284 534.798754 320.000000 425.000000 159.000000 32.000000 0.000000 181.000000
365.125703 1783.358971 81.580265 536.039740 150.000000 400.000000 163.000000 15.000000 0.000000 200.000000
354.022206 1815.894153 109.184162 506.646276 263.000000 357.000000 154.000000 154.000000 31.000000 191.000000
366.052414 1808.469160 102.142407 507.690110 130.000000 329.000000 104.334592 30.000000 54.000000 212.000000
370.284384 1832.498463 103.872157 506.394139 150.116626 350.543274 110.000000 23.000000 119.000000 196.000000
370.790094 1829.918142 121.925954 509.857996 125.000000 400.000000 86.000000 45.000000 948.000000 184.000000
373.203640 1753.295450 105.091045 548.555420 109.000000 413.000000 90.000000 38.000000 205.217101 185.430622
373.764663 1833.035778 135.018514 527.425774 168.000000 400.000000 112.649848 47.000000 244.609407 160.000000
372.526644 1754.674701 133.572276 524.074186 264.000000 368.000000 88.000000 40.000000 462.000000 185.198696
355.143227 1824.139083 137.057010 531.203428 150.188535 350.000000 95.000000 0.000000 242.298712 200.000000
373.245747 1823.262820 126.720634 534.578640 30.000000 350.000000 107.000000 3.000000 0.000000 187.000000
371.073651 1797.268199 92.294897 531.134855 30.000000 338.000000 126.000000 3.000000 0.000000 185.422961
368.675389 1793.168065 114.317888 536.694649 90.000000 425.000000 159.000000 117.191775 209.692945 190.000000
367.625523 1741.961932 80.990781 524.794193 140.000000 402.000000 175.000000 14.000000 0.000000 182.000000
368.961483 1799.700609 89.446388 511.307884 116.000000 367.000000 112.668018 45.000000 0.000000 191.000000
369.886434 1813.314775 93.628492 500.476455 210.000000 325.000000 127.000000 117.221513 12.000000 185.363287
370.084199 1824.200797 104.594032 496.788101 237.000000 350.000000 92.000000 33.000000 749.000000 180.000000
373.751257 1834.034535 118.507974 499.244967 106.000000 347.000000 91.000000 45.000000 546.000000 184.000000
354.344460 1833.522268 123.834489 510.257432 526.000000 413.000000 94.000000 186.000000 358.000000 155.000000
355.234918 1821.745041 126.027131 515.244470 400.000000 350.543708 81.000000 196.000000 1112.000000 177.000000
375.228267 1829.520033 136.170390 525.767593 290.000000 413.000000 89.000000 58.000000 431.000000 168.000000
355.232841 1830.460554 140.400828 519.544098 100.000000 350.000000 83.000000 117.132292 552.000000 184.000000
374.276484 1808.057698 110.276103 548.555237 60.000000 350.000000 102.000000 6.000000 0.000000 177.000000
372.017496 1792.294800 104.074213 531.115878 0.000000 338.000000 120.000000 0.000000 0.000000 188.000000
371.020071 1786.286187 84.062938 530.495878 130.000000 425.000000 164.000000 13.000000 104.211205 167.000000
372.957395 1790.753341 85.895114 525.866773 1119.000000 381.000000 104.628695 297.000000 0.000000 167.000000
371.925462 1801.133642 90.366605 516.299368 166.000000 350.543287 159.000000 50.000000 22.000000 190.000000
369.766111 1816.582818 99.624438 507.218708 130.000000 325.000000 128.000000 35.000000 243.797893 185.420933
372.340058 1828.880139 119.407403 500.546008 200.000000 350.000000 113.000000 70.000000 0.000000 148.000000
354.578439 1835.160562 123.351125 459.733886 150.115975 333.000000 86.000000 105.000000 244.127773 181.000000
376.454984 1820.893982 116.989903 468.354777 204.000000 413.000000 95.000000 46.000000 426.000000 139.000000
375.120650 1828.201461 135.773742 514.924996 207.000000 328.000000 90.000000 117.132306 626.000000 185.409819
376.306977 1831.790106 138.167707 519.283240 179.000000 376.000000 90.000000 37.000000 395.000000 165.000000
376.570682 1834.700282 141.765119 520.862326 70.000000 386.000000 96.000000 7.000000 0.000000 185.429345
375.298854 1820.800167 120.607852 548.555530 30.000000 350.000000 102.000000 3.000000 0.000000 163.000000
374.533453 1750.094175 114.395657 523.265904 0.000000 338.000000 119.000000 0.000000 38.000000 185.000000
372.966185 1805.865980 105.759147 541.912925 110.000000 425.000000 95.911819 11.000000 0.000000 166.000000
369.605077 1753.307056 106.535595 522.664731 235.000000 400.000000 167.000000 30.000000 0.000000 147.000000
371.441910 1823.874709 113.992827 548.546780 198.000000 363.000000 167.000000 87.000000 238.146994 164.000000
354.677736 1756.716244 134.408839 504.785444 130.000000 317.000000 134.000000 35.000000 0.000000 185.220704
354.861103 1839.686238 134.826731 509.551527 150.264808 323.000000 111.000000 40.000000 220.501800 169.000000
376.912783 1861.303863 141.501539 498.561441 381.000000 343.000000 99.000000 230.000000 449.000000 133.000000
356.500022 1766.376414 126.197764 532.591941 267.000000 361.000000 76.000000 159.000000 904.000000 178.000000
356.572497 1758.014711 145.476769 535.393268 313.000000 394.000000 68.000000 117.102477 1061.000000 182.000000
357.142749 1757.668099 140.248697 540.361391 150.141079 393.000000 74.000000 31.000000 231.378709 192.000000
357.770100 1754.781710 127.112494 541.025163 148.000000 369.000000 76.000000 21.000000 50.000000 200.000000
355.229742 1761.906540 118.933907 549.527770 60.000000 324.000000 86.000000 6.000000 41.000000 207.000000
356.443481 1750.415440 104.578456 546.541173 180.000000 266.000000 124.560734 18.000000 0.000000 185.326303
353.164128 1740.482802 111.805898 541.765003 628.000000 513.000000 178.000000 768.000000 0.000000 152.000000
350.425145 1757.001540 89.085614 532.988612 707.000000 415.000000 181.000000 840.000000 0.000000 146.000000
350.820854 1756.642938 93.103106 539.991296 241.000000 371.000000 169.000000 512.000000 0.000000 160.000000
353.401444 1775.246236 163.631386 531.404152 273.000000 230.000000 119.000000 122.000000 0.000000 196.000000
354.156801 1770.359317 113.361530 535.570311 155.686625 331.000000 93.000000 84.000000 81.000000 183.000000
355.858110 1775.652055 133.755730 524.999106 340.000000 478.000000 72.000000 183.000000 855.000000 174.000000
356.921638 1756.994731 138.279460 542.526560 151.313113 472.000000 80.000000 117.161994 604.000000 160.000000
357.875295 1770.846717 113.070569 541.332266 283.000000 419.000000 85.000000 77.000000 64.000000 183.000000
358.945719 1786.570410 167.771177 544.171913 457.000000 485.000000 115.872323 204.000000 244.584254 168.000000
360.103935 1774.975316 170.340169 554.495343 40.000000 326.000000 74.000000 4.000000 237.000000 220.000000
360.017845 1783.682969 155.964432 541.077165 40.000000 299.000000 80.000000 4.000000 90.000000 209.000000
358.438009 1750.556551 119.440644 550.608602 390.000000 350.567195 102.000000 117.191753 54.000000 208.000000
355.242161 1751.721915 95.769645 560.641148 291.000000 354.296779 174.000000 155.000000 0.000000 166.000000
351.984101 1728.967087 83.797338 552.815785 464.000000 405.000000 182.000000 240.000000 0.000000 153.000000
351.167899 1756.408909 103.592590 531.328895 260.303554 406.000000 169.000000 300.000000 0.000000 158.000000
354.988630 1769.996306 117.154154 528.516377 160.000000 302.000000 123.000000 119.000000 0.000000 189.000000
355.321308 1796.775685 120.764847 550.396933 143.000000 333.000000 89.000000 56.000000 252.000000 184.000000
357.845459 1757.053100 136.272307 530.273206 528.000000 350.544061 129.389326 426.000000 345.000000 154.000000
359.427813 1807.219927 139.842792 546.141284 451.000000 518.000000 81.000000 243.000000 638.000000 156.000000
359.356240 1797.273561 160.184920 538.080872 150.117086 525.000000 82.000000 245.000000 23.000000 185.338609
360.065876 1796.856827 161.846086 540.937357 593.000000 483.000000 76.000000 186.000000 269.000000 162.000000
359.985427 1787.929271 157.655164 542.071449 191.000000 350.543278 104.400079 39.000000 0.000000 211.000000
360.391925 1788.397756 166.052079 540.980459 150.116172 422.000000 94.000000 82.000000 0.000000 191.000000
357.390145 1770.560576 115.371236 529.181090 180.000000 228.000000 120.000000 18.000000 0.000000 194.000000
356.580192 1766.144380 109.279289 546.183536 406.000000 345.000000 169.000000 225.000000 0.000000 163.000000
353.075336 1749.791993 93.335036 546.477260 716.000000 432.000000 194.000000 646.000000 0.000000 151.000000
351.820018 1755.821636 95.312587 543.999697 103.000000 440.164224 163.000000 116.000000 0.000000 182.000000
354.672076 1781.522414 114.137853 523.943708 155.419753 251.000000 120.000000 50.000000 0.000000 192.000000
355.748501 1790.335978 122.588916 512.634220 103.000000 350.543775 84.000000 34.000000 581.000000 182.000000
354.407288 1790.785915 139.906509 516.724125 569.000000 531.000000 82.000000 552.000000 492.000000 184.393249
357.964226 1788.706695 128.673781 526.290756 655.000000 638.000000 84.000000 650.000000 241.000000 137.000000
359.692473 1797.852890 146.900867 531.160555 150.147820 505.000000 78.000000 190.000000 596.000000 163.000000
360.318396 1801.056656 115.606033 542.314318 398.000000 396.000000 79.000000 117.162017 76.000000 184.000000
362.068980 1800.802648 149.347769 541.496107 20.000000 284.000000 95.986741 2.000000 54.000000 220.000000
361.006534 1788.597591 133.940509 541.209035 100.000000 335.000000 89.000000 30.000000 0.000000 210.000000
357.710301 1782.154789 102.748203 529.454115 214.000000 193.000000 119.000000 27.000000 0.000000 209.000000
355.574708 1767.200439 87.664550 530.590478 382.000000 439.000000 173.000000 127.000000 0.000000 183.848516
353.506503 1769.120345 99.606818 521.434118 516.000000 353.787550 185.000000 370.000000 0.000000 143.000000
353.704984 1753.446704 98.970760 515.713596 245.216930 311.000000 160.000000 117.102485 0.000000 176.000000
356.063693 1774.751583 88.970742 494.784353 150.342879 409.000000 119.501651 42.000000 244.330375 179.000000
356.816772 1756.869773 107.048983 497.705928 332.000000 449.000000 90.000000 269.000000 312.000000 179.000000
359.094489 1814.817192 136.967746 503.402495 174.000000 419.000000 121.124992 69.000000 305.000000 189.000000
360.244437 1757.061466 143.210736 513.313402 141.000000 350.000000 116.726192 45.000000 321.000000 192.000000
360.277612 1778.395827 125.537096 520.767794 353.000000 447.000000 73.000000 220.000000 703.000000 178.000000
362.493122 1756.043119 153.799889 527.033292 286.000000 466.000000 80.000000 96.000000 54.000000 181.000000
361.965390 1789.608521 138.217518 521.567085 150.116826 375.000000 80.000000 117.191778 241.630283 201.000000
355.231620 1794.521958 136.900102 531.006446 100.000000 367.000000 121.461830 16.000000 0.000000 197.000000
359.819901 1750.956322 102.942385 520.997893 334.000000 355.000000 136.000000 94.000000 0.000000 198.000000
358.328610 1780.252930 100.046649 525.496079 456.000000 408.000000 170.000000 117.132289 228.577430 163.000000
357.068893 1755.243265 141.938450 540.789353 545.000000 350.543274 194.000000 335.000000 0.000000 149.000000
355.416219 1767.710676 120.613892 513.807558 690.000000 342.000000 129.378534 1709.000000 0.000000 172.000000
357.906777 1755.642678 135.031693 499.738965 106.000000 363.000000 117.000000 48.000000 0.000000 186.000000
359.648413 1794.122528 129.412843 502.275092 229.000000 350.543287 80.000000 94.000000 647.000000 175.000000
362.087602 1811.054116 148.443652 506.925484 725.000000 350.543274 76.000000 833.000000 374.000000 159.000000
363.679955 1813.792787 132.817877 501.964080 420.000000 541.000000 83.000000 395.000000 277.000000 184.004420
362.260367 1801.809356 136.985819 520.147018 305.000000 438.000000 89.000000 49.000000 0.000000 170.000000
363.155366 1815.624046 163.051810 523.306135 210.000000 436.000000 80.000000 21.000000 51.000000 173.000000
363.832125 1805.317682 146.762462 522.965316 130.000000 369.000000 76.000000 13.000000 168.000000 196.000000
363.926966 1806.136188 132.696215 533.293784 30.000000 345.000000 82.000000 3.000000 77.000000 192.000000
361.853375 1771.374925 94.381362 545.304946 180.000000 249.000000 117.000000 18.000000 1.000000 185.385908
359.990031 1780.898745 100.700700 534.434445 432.000000 426.000000 172.000000 151.000000 0.000000 168.000000
356.781747 1787.338899 88.248963 527.662801 882.000000 392.000000 194.000000 354.000000 0.000000 153.000000
356.341916 1781.701631 81.560163 523.496016 185.000000 419.000000 184.000000 137.000000 0.000000 162.000000
359.183017 1797.895341 154.868362 506.881409 106.000000 224.000000 123.000000 40.000000 0.000000 205.000000
362.201059 1805.271629 118.417663 498.478361 150.120642 368.000000 107.000000 23.000000 0.000000 189.000000
355.132624 1804.262495 105.791231 506.821368 124.000000 392.000000 86.000000 71.000000 147.000000 182.000000
364.107383 1813.579872 124.482550 521.374965 20.000000 438.000000 89.000000 2.000000 124.000000 190.000000
366.528535 1811.734656 151.611678 523.165857 109.000000 372.000000 81.000000 24.000000 14.000000 167.000000
365.220137 1814.150957 149.974429 528.095384 20.000000 399.000000 83.000000 2.000000 244.035475 182.000000
363.763056 1777.658811 107.064605 529.597818 40.000000 350.543422 90.000000 4.000000 0.000000 199.000000
366.206523 1792.589606 128.340805 539.876375 150.116394 285.000000 95.000000 117.162067 0.000000 185.425653
363.224350 1774.258374 112.332653 551.284826 80.000000 268.000000 122.000000 8.000000 0.000000 210.000000
361.975248 1749.468256 96.235395 543.789423 1487.000000 463.000000 177.000000 117.132229 0.000000 157.000000
359.159128 1774.531708 102.668763 540.350483 864.000000 415.000000 190.000000 649.000000 0.000000 147.000000
357.943986 1805.888208 113.029271 514.801603 383.000000 329.000000 167.000000 279.000000 0.000000 159.000000
360.073284 1815.310263 110.341942 497.760608 106.000000 305.000000 119.000000 70.000000 0.000000 182.000000
363.033550 1805.135235 106.470516 496.020834 164.000000 350.543383 96.000000 42.000000 0.000000 184.000000
363.668830 1814.481211 121.724744 504.629084 181.000000 374.000000 87.586982 79.000000 353.000000 177.000000
355.192888 1757.061466 130.751087 519.729425 301.000000 438.000000 91.000000 107.000000 168.000000 151.000000
366.451575 1808.628579 135.914966 519.215296 150.116987 318.000000 72.000000 57.000000 705.000000 181.000000
366.716457 1819.089580 149.333714 528.904044 115.000000 375.000000 78.000000 13.000000 118.000000 202.000000
368.533838 1811.188029 136.830284 534.754714 172.000000 358.000000 74.000000 27.000000 159.000000 194.000000
366.682623 1804.260777 130.722324 533.653720 100.000000 289.000000 103.000000 11.000000 0.000000 207.000000
365.536093 1796.677643 113.381167 548.305520 180.000000 275.000000 119.000000 18.000000 0.000000 193.000000
361.616959 1786.077310 80.187959 524.364175 503.000000 463.000000 168.000000 249.000000 231.391642 170.000000
359.187301 1772.025348 80.473149 513.750030 570.000000 409.000000 201.000000 123.000000 0.000000 145.000000
359.219990 1793.599292 97.858289 502.250361 336.000000 334.000000 192.000000 361.000000 0.000000 157.000000
353.816399 1799.945277 111.408548 539.231205 106.000000 319.000000 116.000000 83.000000 0.000000 187.000000
355.202133 1810.195192 124.379464 491.514368 117.000000 324.000000 113.459487 19.000000 87.000000 185.285887
366.173098 1823.647016 142.964366 496.784978 522.000000 425.000000 76.000000 313.000000 678.000000 159.000000
366.798383 1811.067965 168.924645 514.793018 238.000000 438.000000 85.000000 89.000000 461.000000 178.000000
367.691734 1816.978940 151.599731 516.838589 521.000000 280.000000 67.000000 309.000000 800.000000 160.000000
369.037861 1820.693621 160.744746 525.415347 150.116060 350.543274 74.000000 232.000000 298.000000 181.000000
369.494504 1756.958238 170.210493 527.181813 121.000000 411.000000 74.000000 117.132218 466.000000 207.000000
369.637979 1818.003173 147.030546 549.070434 100.000000 294.000000 84.000000 14.000000 29.000000 203.000000
365.598305 1816.820088 129.958285 543.659248 214.000000 275.000000 115.000000 28.000000 23.000000 202.000000
366.058148 1800.834600 114.506168 550.711131 858.000000 463.000000 192.000000 117.191771 243.786444 154.000000
362.716929 1756.791968 114.075476 544.573873 153.301970 413.000000 211.000000 674.000000 0.000000 184.947531
363.528416 1797.308666 95.617704 534.641666 381.000000 319.000000 174.000000 471.000000 0.000000 158.000000
365.631346 1838.041032 158.166235 524.797664 106.000000 307.000000 115.000000 28.000000 0.000000 192.000000
367.737563 1833.482951 145.497689 528.124859 158.000000 333.000000 88.000000 34.000000 273.000000 191.000000
368.765952 1835.578763 147.967150 520.512736 284.000000 344.000000 74.000000 110.000000 895.000000 183.000000
370.404219 1830.402302 129.428372 545.342143 103.000000 438.000000 80.000000 49.000000 602.000000 191.000000
371.261622 1833.133491 154.940964 533.035257 109.000000 338.000000 71.000000 32.000000 708.000000 185.412223
355.239837 1836.119990 170.339492 538.601739 107.000000 375.000000 71.000000 24.000000 485.000000 204.000000
372.437035 1828.252808 129.430646 548.555032 207.000000 350.543274 71.000000 117.132287 446.000000 201.000000
372.294450 1835.017611 150.045124 536.103385 20.000000 283.000000 82.000000 2.000000 9.000000 216.000000
372.355684 1803.860166 103.978513 539.874641 150.116038 275.000000 116.000000 37.000000 9.000000 199.000000
366.822027 1781.081605 86.065164 534.670709 856.000000 350.543352 179.000000 826.000000 0.000000 147.000000
365.113512 1784.479225 81.054882 548.118428 800.000000 413.000000 188.000000 573.000000 0.000000 155.000000
363.224535 1814.490074 105.108034 507.009300 321.000000 323.000000 163.000000 117.191753 0.000000 177.000000
366.055670 1808.149013 101.240223 545.340805 106.000000 334.000000 129.389326 40.000000 244.612274 200.000000
370.030305 1831.124604 102.818564 506.462949 150.116666 350.543318 93.000000 22.000000 47.000000 185.427077
370.803512 1829.853302 118.734754 509.891823 104.000000 364.000000 72.000000 35.000000 1085.000000 185.386709
372.684220 1820.117010 103.255079 524.582911 150.116785 438.000000 81.000000 61.000000 532.000000 183.000000
373.809972 1833.288825 134.858135 527.208443 109.000000 350.543274 76.000000 117.191761 404.000000 187.000000
372.524493 1828.749972 133.698143 524.157153 353.000000 376.000000 72.000000 149.000000 564.000000 196.000000
372.948513 1824.626428 120.611276 531.125205 0.000000 372.000000 84.000000 0.000000 0.000000 218.000000
373.216228 1821.822528 126.229284 534.581225 30.000000 289.000000 91.000000 117.161997 0.000000 223.000000
371.038335 1796.388593 91.891524 531.189695 471.000000 279.000000 132.000000 259.000000 0.000000 192.000000
368.775040 1791.801975 83.213204 536.578726 264.000000 463.000000 172.000000 105.000000 0.000000 165.000000
367.622786 1793.044002 81.451752 524.838816 573.000000 376.000000 194.000000 327.000000 0.000000 138.000000
368.539368 1749.580921 88.294693 538.917200 119.000000 348.000000 161.000000 116.000000 0.000000 175.000000
369.519066 1748.968736 93.892729 500.970477 288.000000 348.000000 122.000000 402.000000 0.000000 163.000000
370.104181 1824.710027 104.123938 497.030030 249.000000 350.000000 79.000000 137.000000 244.537602 178.000000
373.483647 1833.407008 118.191466 499.424930 104.000000 361.000000 75.000000 46.000000 660.000000 201.000000
375.604519 1834.361494 138.247141 510.458292 432.000000 350.543274 78.000000 231.000000 612.000000 156.000000
355.236326 1821.734929 124.905705 515.394412 267.000000 348.000000 69.000000 144.000000 1039.000000 187.000000
375.069586 1829.651729 135.605799 526.045440 150.115975 425.000000 74.000000 108.000000 360.000000 179.000000
355.222072 1830.561006 140.140964 519.944970 208.000000 388.000000 74.000000 43.000000 277.000000 200.000000
374.264770 1808.303268 110.382042 531.700341 100.000000 313.000000 91.000000 10.000000 0.000000 209.000000
371.998414 1792.219648 103.751216 532.237456 220.000000 275.000000 118.000000 22.000000 0.000000 200.000000
371.385921 1785.165615 84.618575 533.297543 601.000000 483.000000 181.000000 403.000000 0.000000 184.354760
372.405917 1789.125923 86.097501 526.167504 1332.000000 338.000000 181.000000 470.000000 0.000000 154.000000
371.401902 1799.766657 90.603344 516.810904 239.000000 329.000000 159.000000 154.000000 0.000000 183.000000
369.727233 1815.373872 99.727837 507.726427 129.000000 319.000000 119.000000 84.000000 241.119631 190.000000
372.357139 1828.904270 118.661104 500.583230 123.000000 350.543274 97.000000 49.000000 0.000000 161.000000
374.663514 1756.938085 122.712368 542.119375 259.000000 327.000000 69.000000 117.102469 1090.000000 189.000000
376.033906 1819.842439 115.739938 476.307664 150.116062 438.000000 86.000000 117.191775 307.000000 124.000000
375.122202 1828.704547 136.098735 514.880736 169.000000 365.000000 79.000000 48.000000 240.000000 161.000000
376.165530 1831.006759 138.113059 519.300779 165.000000 401.000000 80.000000 39.000000 77.000000 155.000000
376.682818 1836.436736 142.358000 521.095534 121.000000 412.000000 89.000000 13.000000 0.000000 151.000000
375.301734 1821.186282 128.524308 519.348658 30.000000 313.000000 99.000000 3.000000 0.000000 159.000000
374.509906 1834.660636 114.813206 523.330013 200.000000 275.000000 118.000000 20.000000 244.182833 189.000000
372.950548 1806.991599 107.805818 541.781348 783.000000 463.000000 179.000000 418.000000 0.000000 141.000000
369.609339 1806.322222 109.089358 523.161219 475.000000 389.000000 211.000000 232.000000 0.000000 105.000000
371.409286 1824.950043 114.487717 515.527564 330.000000 350.000000 182.000000 392.000000 0.000000 127.000000
373.540026 1838.225135 119.200790 504.814045 106.000000 302.000000 132.000000 80.000000 0.000000 134.000000
374.492783 1840.316249 133.513771 509.562682 161.000000 350.543274 100.000000 117.102506 0.000000 146.000000
376.994094 1870.797998 143.105555 498.636906 283.000000 356.000000 87.540494 149.000000 318.000000 118.000000
356.409179 1766.357335 127.112544 532.800463 321.000000 377.000000 49.000000 117.132271 1550.000000 181.000000
356.599309 1758.384042 145.577951 535.501172 313.000000 450.000000 47.000000 211.000000 1176.000000 168.000000
357.093033 1757.072080 140.342075 540.349435 191.000000 472.000000 48.000000 109.000000 550.000000 183.168281
357.803846 1755.644062 126.408757 541.043973 253.000000 459.000000 45.000000 125.000000 71.000000 191.000000
358.069588 1761.872317 119.397631 550.274539 150.129738 417.000000 55.000000 56.000000 0.000000 191.000000
356.474323 1747.185002 104.515938 546.506933 256.000000 357.000000 98.000000 254.000000 0.000000 192.000000
353.043517 1740.531580 103.808875 542.392841 1490.000000 605.000000 155.000000 1790.000000 19.000000 143.000000
350.456489 1739.774373 111.797150 532.938218 1344.000000 548.000000 150.000000 762.000000 235.436364 139.000000
350.822837 1761.028895 93.215796 540.204515 588.000000 463.000000 142.000000 594.000000 14.000000 156.000000
355.169647 1757.057221 162.681322 532.919925 329.000000 270.000000 88.000000 175.000000 306.000000 197.000000
354.253755 1753.675565 102.182044 536.528172 415.000000 414.000000 64.000000 117.161997 375.000000 168.000000
355.762959 1775.529768 131.815805 524.937697 457.000000 499.000000 49.000000 440.000000 1141.000000 163.000000
356.890515 1772.334811 138.895732 543.166815 622.000000 537.000000 54.000000 384.000000 1114.000000 173.913445
357.881776 1771.123566 138.238680 541.387623 159.325503 350.544560 56.000000 703.000000 413.000000 159.000000
358.960806 1786.709919 168.223788 544.266889 400.000000 536.000000 113.489414 314.000000 866.000000 174.000000
360.089142 1757.061466 170.406011 554.892217 0.000000 409.000000 43.000000 0.000000 503.000000 209.000000
359.920427 1780.535618 155.363229 553.830556 116.000000 366.000000 48.000000 52.000000 221.000000 190.000000
355.239837 1765.198411 121.031678 550.664475 405.000000 254.000000 73.000000 496.000000 171.000000 199.000000
355.215443 1750.730381 98.924482 561.063005 782.000000 533.000000 153.000000 551.000000 25.000000 157.000000
352.149287 1728.366484 84.337448 540.025370 1125.000000 488.000000 160.000000 1326.000000 204.066204 148.000000
351.185513 1773.440490 104.181142 531.597532 576.000000 457.000000 134.000000 425.000000 56.000000 155.000000
353.780131 1768.794209 116.992391 538.917200 255.000000 261.000000 85.000000 66.000000 66.000000 188.000000
355.330723 1795.575609 122.402516 549.864329 167.000000 338.000000 59.000000 95.000000 949.000000 182.000000
357.891589 1789.242201 135.403204 530.247411 718.000000 573.000000 55.000000 833.000000 913.000000 152.000000
359.408671 1806.180422 140.495520 546.882366 615.000000 350.543274 54.000000 775.000000 1209.000000 136.000000
355.154034 1797.482988 160.466773 539.266505 437.000000 350.543980 54.000000 376.000000 398.000000 140.000000
360.007785 1796.523855 161.800856 541.070304 629.000000 554.000000 48.000000 677.000000 559.000000 164.000000
359.960122 1787.280620 157.637650 542.214475 238.000000 409.000000 49.000000 145.000000 0.000000 206.000000
360.207325 1786.818352 163.670898 540.971917 376.000000 503.000000 59.000000 209.000000 0.000000 167.000000
357.359030 1768.701833 114.735257 530.219427 200.000000 242.000000 90.000000 115.000000 80.000000 197.000000
356.682655 1766.040813 111.392821 545.323995 1312.000000 396.000000 128.581672 117.191775 58.000000 163.000000
353.202462 1750.357085 97.656670 546.220406 1220.000000 456.000000 161.000000 1649.000000 17.000000 159.000000
351.798646 1769.796600 112.345120 543.538667 196.000000 319.000000 131.000000 90.000000 0.000000 185.000000
355.224382 1782.938099 138.969747 523.882178 273.000000 245.000000 86.000000 117.132318 253.000000 203.000000
355.239673 1790.411090 122.991918 512.923608 107.000000 350.543363 121.123738 32.000000 1265.000000 195.000000
357.854323 1789.774403 113.938950 517.058410 617.000000 532.000000 57.000000 117.132293 897.000000 151.000000
357.888966 1789.187796 128.784852 526.604181 150.215828 659.000000 60.000000 1140.000000 665.000000 129.000000
359.691287 1798.592322 147.554028 531.305962 444.000000 543.000000 49.000000 294.000000 905.000000 149.000000
360.399965 1801.120305 126.950163 541.893836 390.000000 443.000000 50.000000 117.162008 493.000000 194.000000
362.145455 1757.006297 149.640256 541.752124 50.000000 341.000000 43.000000 5.000000 338.000000 207.000000
360.871995 1788.871834 134.146533 541.300277 257.000000 377.000000 56.000000 53.000000 34.000000 196.000000
357.832104 1782.771654 104.900400 530.883461 150.747014 351.606408 86.000000 102.000000 217.197907 185.421622
353.164110 1768.762163 111.802258 530.970010 1100.000000 515.000000 146.000000 609.000000 42.000000 172.404718
353.676661 1768.384389 98.856937 521.822551 1099.000000 528.000000 129.362759 775.000000 0.000000 185.430622
353.698047 1763.570832 99.192319 516.718496 402.000000 350.614447 132.000000 303.000000 159.895457 171.000000
356.088209 1773.447942 88.099400 502.611985 226.000000 394.000000 88.000000 94.000000 152.000000 173.000000
355.167794 1792.047325 105.069128 498.033480 321.000000 473.000000 62.000000 255.000000 640.000000 173.000000
359.037682 1757.061466 118.891946 503.526450 241.000000 442.000000 54.000000 95.000000 877.000000 176.000000
360.061041 1804.603003 141.932398 513.392053 217.000000 379.000000 59.000000 78.000000 972.000000 187.000000
360.129539 1757.061466 125.419079 540.105863 428.000000 488.000000 125.674282 204.000000 812.000000 163.000000
362.485255 1756.992918 153.309691 527.567588 397.000000 544.000000 52.000000 248.000000 305.000000 174.000000
361.966802 1790.387903 139.690596 521.874130 110.000000 456.000000 49.000000 11.000000 92.000000 191.000000
361.723450 1794.152288 138.002331 531.188101 150.116201 429.000000 104.395278 80.000000 243.857528 188.000000
359.800395 1756.843776 102.708352 523.079217 565.000000 409.000000 103.000000 699.000000 0.000000 174.000000
358.353050 1778.336831 101.202513 528.561074 1077.000000 436.000000 154.000000 117.132254 25.000000 167.000000
357.137733 1756.324793 141.675132 540.625620 1081.000000 424.000000 170.000000 888.000000 0.000000 156.000000
354.928015 1757.045915 117.896556 514.757125 682.000000 393.000000 137.000000 858.000000 209.676930 176.000000
357.672531 1815.528455 145.791034 499.571722 185.000000 355.000000 85.000000 100.000000 311.000000 178.000000
359.668714 1794.581351 129.883852 502.314989 406.000000 457.000000 60.000000 333.000000 892.000000 167.000000
361.777205 1810.736329 152.036491 507.078593 823.000000 565.000000 54.000000 1114.000000 903.000000 149.000000
355.132807 1815.013474 134.091587 503.515753 506.000000 550.000000 54.000000 407.000000 1017.000000 149.000000
362.277612 1802.660511 138.559796 520.232044 443.000000 525.000000 59.000000 350.000000 56.000000 152.000000
363.170042 1815.677112 163.746254 523.751275 309.000000 513.000000 52.000000 152.000000 357.000000 170.000000
363.824347 1805.748073 146.968537 523.502721 144.000000 457.000000 87.692445 55.000000 244.594044 188.000000
363.894901 1805.498805 128.807938 533.500392 114.000000 417.000000 51.000000 35.000000 172.000000 183.000000
354.808616 1770.841695 95.871767 539.626592 206.000000 304.000000 88.000000 36.000000 7.000000 196.000000
360.063297 1780.925030 101.889344 535.536488 616.000000 486.000000 147.000000 469.000000 8.000000 167.000000
356.796805 1785.810033 89.051370 527.985812 1449.000000 472.000000 165.000000 1802.000000 0.000000 155.000000
356.344794 1781.853742 82.136662 523.505504 642.000000 453.000000 141.000000 593.000000 0.000000 167.000000
359.266351 1797.279127 98.918409 549.245839 175.000000 263.000000 94.000000 102.000000 24.000000 205.000000
362.272082 1809.311431 120.723203 498.339109 140.000000 394.000000 69.000000 114.000000 98.000000 186.000000
361.386032 1805.147761 125.646529 506.841217 216.000000 427.000000 54.000000 121.000000 1083.000000 181.452725
364.094797 1814.297814 139.404958 523.267742 30.000000 430.000000 50.000000 3.000000 970.000000 192.000000
366.131215 1756.247964 153.586924 523.271272 181.000000 410.000000 58.000000 167.000000 205.059903 162.000000
365.275217 1814.740123 151.886109 541.185890 100.000000 437.000000 51.000000 43.000000 210.000000 187.000000
363.879910 1781.460172 110.852840 548.520620 70.000000 407.000000 49.000000 7.000000 0.000000 191.000000
366.181153 1792.783859 129.899364 539.944312 70.000000 366.000000 64.000000 7.000000 0.000000 203.000000
363.217127 1750.155286 111.896356 551.056127 105.000000 342.000000 96.000000 13.000000 0.000000 184.000000
361.972249 1777.335549 97.798396 543.015818 1442.000000 583.000000 147.000000 1276.000000 23.000000 162.000000
359.168078 1775.281604 105.216451 541.028688 1538.000000 492.000000 162.000000 1630.000000 0.000000 150.000000
354.547924 1806.259383 113.962762 515.227536 807.000000 416.000000 136.000000 964.000000 45.000000 167.000000
360.209742 1814.433067 109.520822 547.874627 150.155926 377.000000 87.000000 277.000000 67.000000 179.000000
362.958367 1805.933679 106.336877 496.387728 269.000000 371.000000 65.000000 199.000000 231.000000 175.000000
363.555415 1813.216468 120.721117 504.992289 150.121187 406.000000 51.000000 117.072777 1097.000000 193.000000
364.833557 1816.521760 130.996196 519.963344 150.120323 475.000000 59.000000 324.000000 907.000000 151.000000
366.501881 1809.542719 137.847876 519.575561 276.000000 351.000000 49.000000 320.000000 1089.000000 185.195463
366.723460 1818.590724 149.635073 529.254834 150.116027 419.000000 50.000000 27.000000 419.000000 197.000000
368.434804 1813.630988 138.987476 541.598249 247.000000 439.000000 43.000000 73.000000 468.000000 185.000000
366.633790 1804.244978 130.528569 533.836394 309.000000 374.000000 64.000000 153.000000 0.000000 188.000000
365.434254 1795.931881 116.153060 533.117719 228.000000 350.543287 86.000000 92.000000 5.000000 186.000000
353.164130 1787.393745 111.963689 524.546406 891.000000 538.000000 153.000000 494.000000 224.563909 164.000000
359.418137 1772.490945 81.242664 513.870384 1236.000000 482.000000 167.000000 919.000000 0.000000 136.000000
359.191458 1792.637425 97.645375 502.556276 596.000000 416.000000 148.000000 117.221513 0.000000 159.000000
362.259123 1803.449023 114.924548 508.195988 248.000000 392.000000 86.000000 96.000000 303.000000 183.000000
363.859452 1810.941917 124.780003 491.675837 229.000000 364.000000 62.000000 110.000000 244.589353 183.000000
366.191781 1824.950561 144.610634 497.030991 564.000000 450.000000 49.000000 636.000000 1247.000000 147.000000
366.820976 1811.542708 171.091534 514.935580 263.000000 430.000000 54.000000 117.191757 950.000000 182.000000
367.702448 1817.401916 151.870005 517.096881 588.000000 301.000000 49.000000 760.000000 1113.000000 155.000000
355.112704 1822.145715 161.047859 525.565516 550.000000 520.000000 47.000000 396.000000 747.000000 175.000000
369.532072 1756.658218 121.215039 527.701376 153.675971 504.000000 40.000000 65.000000 750.000000 195.000000
369.585368 1818.113245 152.385005 551.178951 20.000000 376.000000 52.000000 2.000000 113.000000 199.000000
365.820761 1817.290916 118.141279 542.661437 162.000000 317.000000 84.000000 89.000000 39.000000 185.422238
366.047477 1803.068046 119.180046 551.751098 1591.000000 637.000000 164.000000 117.162010 0.000000 145.000000
362.767724 1757.027842 113.841994 544.395610 150.713337 459.000000 173.000000 899.000000 0.000000 148.000000
363.522083 1799.029170 123.992464 545.187398 626.000000 404.000000 144.000000 351.000000 0.000000 159.000000
365.684056 1839.232627 159.128927 540.453500 351.000000 378.000000 92.000000 68.000000 34.000000 178.000000
367.737268 1757.042220 145.521054 528.155946 220.000000 377.000000 62.000000 147.000000 593.000000 186.000000
368.528190 1835.111024 145.969145 520.642558 342.000000 364.000000 51.000000 117.162037 244.619639 176.000000
370.385586 1831.709309 147.057256 529.251000 80.000000 426.000000 56.000000 8.000000 1020.000000 191.000000
355.239585 1833.953100 155.579934 533.179308 102.000000 377.000000 48.000000 25.000000 772.000000 204.000000
372.465419 1835.485080 168.442329 538.670880 126.000000 409.000000 48.000000 36.000000 586.000000 205.000000
372.371616 1757.006026 150.326103 548.419991 371.000000 497.000000 43.000000 194.000000 625.000000 205.000000
372.237395 1834.846763 150.098516 536.297252 0.000000 368.000000 53.000000 0.000000 37.000000 200.000000
355.054685 1805.263614 116.032079 539.806631 370.000000 349.000000 86.000000 210.000000 54.000000 181.000000
366.812618 1780.982382 85.685939 534.565369 1636.000000 617.000000 155.000000 2007.000000 26.000000 134.000000
365.099242 1786.132593 80.584941 536.337782 1386.000000 462.000000 161.000000 1530.000000 0.000000 138.000000
363.221004 1813.040790 101.221450 507.419012 508.000000 408.000000 133.000000 372.000000 0.000000 167.000000
355.162232 1807.901766 100.301695 507.513775 151.000000 408.000000 82.000000 61.000000 242.907545 191.000000
369.769963 1756.244322 102.089716 506.527217 20.000000 372.000000 63.000000 2.000000 491.000000 197.000000
370.816924 1829.785997 115.711140 509.946392 182.000000 387.000000 46.000000 34.000000 1466.000000 188.000000
372.220444 1819.844314 101.917236 524.447207 171.000000 407.000000 53.000000 117.191761 1109.000000 190.000000
373.846427 1833.596490 134.997578 526.987788 102.000000 355.000000 52.000000 43.000000 657.000000 185.000000
372.521390 1756.592652 147.021811 524.261659 431.000000 416.000000 43.000000 203.000000 819.000000 201.000000
372.967276 1825.209471 147.063691 545.342732 0.000000 446.000000 48.000000 117.162076 244.601785 205.000000
373.186902 1820.528529 125.982125 534.614620 50.000000 374.000000 59.000000 5.000000 244.556601 210.000000
371.006290 1795.606103 91.541008 531.246685 784.000000 350.543274 93.000000 1297.000000 0.000000 175.000000
353.164070 1790.417313 83.104344 536.451682 1132.000000 568.000000 148.000000 630.000000 222.493358 158.000000
367.624569 1791.570924 81.727848 524.875111 1070.000000 443.000000 124.805545 960.000000 0.000000 144.000000
368.170289 1794.182040 87.147848 512.339170 205.000000 437.000000 133.000000 109.000000 0.000000 174.000000
369.187527 1757.061466 94.153121 501.494884 150.115975 445.000000 83.000000 117.102502 345.000000 156.000000
355.233752 1825.226330 103.777653 497.307789 395.464358 350.551049 50.000000 274.000000 1263.000000 185.332245
373.195616 1832.737737 118.055655 545.329182 118.000000 350.543274 49.000000 19.000000 1238.000000 202.000000
375.363139 1835.225361 125.095071 510.693371 457.000000 440.000000 50.000000 393.000000 1362.000000 147.000000
374.219791 1821.735636 123.949575 515.571112 273.000000 388.000000 47.000000 173.000000 1103.000000 174.000000
374.920637 1829.870534 129.427478 526.335247 412.000000 448.000000 47.000000 234.000000 583.000000 170.000000
374.957529 1830.711920 138.247079 548.555508 259.000000 467.000000 104.280494 131.000000 315.000000 184.000000
374.257471 1808.663816 110.668345 545.342439 165.000000 388.000000 58.000000 117.102523 0.000000 194.000000
371.979331 1792.157387 103.362153 533.380828 150.116532 349.000000 88.000000 117.102592 231.263019 181.000000
371.790767 1784.079198 85.016305 548.555535 150.131025 599.000000 156.000000 753.000000 7.000000 134.000000
371.877602 1787.477972 86.203267 526.469323 1071.000000 404.000000 158.000000 643.000000 0.000000 163.000000
370.958022 1798.516583 90.840082 517.300409 373.000000 415.000000 138.000000 117.191757 0.000000 182.000000
355.239837 1814.193291 99.813154 508.240234 293.000000 390.000000 87.000000 137.000000 147.000000 186.000000
372.374219 1829.416559 118.336601 500.642168 164.000000 400.000000 68.000000 64.000000 190.000000 157.000000
374.624449 1757.061450 122.049447 473.966499 286.000000 346.000000 43.000000 117.132229 1702.000000 183.000000
375.628013 1818.899158 114.739740 484.668497 286.000000 424.000000 58.000000 173.000000 244.614432 132.000000
375.122849 1829.209309 136.453887 514.836479 359.000000 350.543274 54.000000 134.000000 446.000000 141.000000
376.033569 1830.211140 138.230244 519.337547 113.000000 445.000000 51.000000 48.000000 225.000000 147.000000
376.819781 1838.457078 143.234418 545.342348 111.000000 503.000000 60.000000 117.191769 0.000000 146.000000
355.226008 1821.539776 129.899504 519.303465 80.000000 388.000000 62.000000 8.000000 0.000000 150.000000
374.486358 1837.576820 115.137225 523.394601 197.000000 350.543274 92.000000 55.000000 244.162048 164.000000
372.932290 1808.467055 109.767813 541.437680 1442.000000 602.000000 121.713293 1473.000000 0.000000 130.000000
369.610903 1811.944188 111.529030 523.607128 1018.000000 452.000000 191.000000 889.000000 229.956475 116.000000
371.363293 1826.090699 115.046613 515.994127 464.000000 420.000000 148.000000 523.000000 0.000000 185.422476
373.514930 1838.844664 132.282940 504.892535 264.000000 350.543274 100.000000 163.000000 0.000000 122.000000
374.475129 1840.877876 132.418863 509.586388 164.000000 362.000000 71.000000 67.000000 65.000000 128.000000
377.067153 1881.128723 145.027883 498.751965 400.000000 387.000000 59.000000 212.000000 828.000000 110.000000
356.318074 1766.346257 126.219074 533.007817 255.000000 360.000000 54.000000 44.000000 2240.000000 196.000000
356.629474 1758.883245 145.679135 535.609466 132.000000 418.000000 55.000000 31.000000 1615.000000 199.000000
357.064613 1756.801064 140.435455 540.337479 133.000000 475.000000 58.000000 117.221513 839.000000 188.000000
357.847164 1756.674435 125.729893 541.062782 182.000000 469.000000 117.418205 31.000000 0.000000 187.000000
358.099757 1761.914454 119.872662 550.983956 148.000000 461.000000 77.000000 78.000000 0.000000 213.000000
356.504499 1746.705149 111.807956 546.463509 150.115975 396.000000 132.000000 76.000000 58.608077 179.303791
353.192108 1740.564497 104.671210 542.994734 1332.000000 608.000000 162.000000 887.000000 0.000000 155.000000
350.487826 1740.039619 90.040985 532.886622 1033.000000 590.000000 157.000000 637.000000 223.660353 161.000000
350.822254 1761.213583 111.848666 540.414832 660.000000 507.000000 152.000000 688.000000 0.000000 169.000000
353.567671 1774.715865 161.581095 534.382861 333.000000 337.000000 95.000000 117.161989 156.000000 198.000000
354.359093 1772.108714 101.935618 537.463999 350.000000 446.000000 74.000000 174.000000 905.000000 188.000000
355.686354 1775.470950 129.890635 524.876287 347.000000 518.000000 55.000000 98.000000 1832.000000 167.269138
356.857541 1772.510125 113.704451 543.782783 418.457537 570.000000 61.000000 133.000000 1616.000000 161.000000
357.891112 1757.052086 123.268679 541.442978 255.000000 516.000000 123.990455 117.102523 1047.000000 174.000000
355.239507 1786.857538 168.659948 544.363006 142.000000 510.000000 57.000000 24.000000 1023.000000 181.000000
360.070903 1773.068092 170.445538 555.282228 0.000000 430.000000 56.000000 0.000000 321.000000 212.000000
359.837807 1777.604475 154.695807 555.489908 100.000000 375.000000 69.000000 77.000000 241.527649 217.000000
358.173631 1762.771908 122.572172 550.709675 327.000000 350.543594 101.000000 73.000000 0.000000 234.000000
355.205048 1749.643299 101.949025 561.416534 907.000000 601.000000 168.000000 435.000000 0.000000 168.000000
352.302904 1727.884459 84.887893 553.531103 1054.000000 527.000000 164.000000 882.000000 0.000000 164.000000
351.194546 1773.305861 104.767739 531.845944 721.000000 494.000000 129.212444 117.102593 0.000000 172.000000
353.772947 1767.764650 116.832488 528.347997 161.000000 278.000000 95.000000 117.132232 233.000000 224.000000
355.359515 1794.554461 124.095885 549.138057 137.000000 340.000000 112.659459 37.000000 1577.000000 180.064231
357.937030 1789.892765 134.539499 530.221615 606.000000 599.000000 59.000000 117.162010 1618.000000 159.000000
359.390901 1805.277405 141.325498 547.514585 561.000000 350.543274 61.000000 195.000000 1687.000000 146.000000
359.348678 1797.770595 160.837673 540.350266 253.000000 350.543516 60.000000 74.000000 244.527668 162.000000
359.956558 1796.210516 161.887741 541.258905 327.000000 506.000000 121.093371 105.000000 795.000000 178.000000
355.234326 1786.767317 157.711356 542.375342 150.000000 350.552645 61.000000 15.000000 69.000000 207.000000
360.043743 1785.385679 161.248938 539.502231 208.000000 539.000000 75.000000 162.000000 0.000000 187.000000
355.143048 1766.838592 114.011900 531.403114 266.000000 269.000000 106.000000 68.000000 0.000000 232.000000
351.785349 1766.409656 112.092878 544.453312 838.000000 398.000000 155.000000 358.000000 0.000000 198.000000
353.314452 1751.511320 102.147326 545.900422 1046.000000 472.000000 168.000000 374.000000 0.000000 192.000000
351.775176 1770.361777 98.157682 542.967695 215.000000 313.000000 137.000000 65.000000 0.000000 207.000000
354.781533 1784.824783 114.341055 523.750778 150.213242 279.000000 99.389051 117.221513 111.000000 219.000000
355.766674 1790.518287 123.331174 513.218485 122.000000 312.000000 61.000000 17.000000 1809.000000 221.000000
357.839227 1789.302649 138.503151 517.400146 381.000000 350.543274 61.000000 129.000000 1412.000000 153.000000
357.832222 1789.712013 128.900810 526.920219 590.000000 641.000000 71.000000 218.000000 1042.000000 132.000000
359.689555 1799.348123 117.350884 531.450470 213.000000 514.000000 60.000000 50.000000 1215.000000 160.000000
360.496941 1801.398293 113.925581 541.548323 102.000000 420.000000 58.000000 11.000000 936.000000 180.725329
362.222536 1801.431026 149.930163 542.008163 103.000000 350.543274 56.000000 14.000000 456.000000 228.000000
360.741134 1789.147103 134.351413 541.391711 100.000000 392.000000 113.533630 15.000000 0.000000 229.000000
357.932863 1784.244161 107.654349 532.285276 500.000000 350.543555 106.000000 208.000000 0.000000 233.000000
355.555656 1770.517833 88.546362 531.345687 1039.000000 559.000000 150.000000 430.000000 0.000000 165.000000
353.838498 1767.707837 98.327186 522.210402 1264.000000 350.543280 129.380349 963.000000 0.000000 161.000000
352.508176 1764.013616 99.413878 517.742173 436.000000 448.000000 144.000000 214.000000 0.000000 186.000000
355.114889 1772.598529 87.722196 510.511714 245.000000 372.000000 100.000000 73.000000 171.000000 195.000000
356.384302 1790.048883 103.229773 498.393878 194.000000 438.000000 69.000000 68.000000 1195.000000 193.000000
358.953882 1818.360626 143.060382 503.662129 204.000000 450.000000 112.653508 55.000000 2033.000000 197.000000
355.239457 1803.445044 141.623709 513.470710 260.000000 403.000000 61.000000 117.191771 1766.000000 200.000000
359.996857 1777.096406 125.562592 521.510010 150.432311 447.000000 58.000000 47.000000 1336.000000 184.000000
362.476670 1801.680210 153.004715 528.145933 150.000000 350.543342 64.000000 15.000000 244.577620 184.000000
361.968412 1791.346124 141.521284 522.287416 40.000000 437.000000 62.000000 117.072746 50.000000 192.000000
355.234460 1793.841225 139.502959 531.395771 152.000000 433.000000 80.000000 46.000000 0.000000 207.000000
359.780690 1767.917866 102.817880 525.330775 404.000000 425.000000 125.000000 117.132306 0.000000 182.953749
358.370824 1776.525357 102.171950 531.636093 819.000000 423.000000 184.000000 117.221513 0.000000 178.000000
357.181494 1757.860540 141.446174 540.402984 756.000000 460.000000 188.000000 175.000000 0.000000 176.000000
354.477088 1769.540000 119.498064 515.736491 495.000000 350.556453 150.000000 316.000000 0.000000 188.000000
357.430184 1817.357828 138.634269 499.477691 314.000000 398.000000 98.000000 76.000000 49.000000 214.000000
359.689015 1795.485030 130.340187 502.391491 229.000000 453.000000 71.000000 196.000000 743.000000 183.000000
361.446267 1810.964350 156.528424 507.262354 495.000000 538.000000 59.000000 225.000000 1455.000000 166.000000
363.783222 1816.501946 136.049546 505.231146 438.000000 539.000000 62.000000 126.000000 244.619906 158.000000
362.296235 1757.019412 140.996229 520.330115 275.000000 494.000000 69.000000 103.000000 583.000000 175.000000
363.189465 1815.974567 164.589961 524.280281 150.116680 531.000000 62.000000 36.000000 622.000000 175.000000
363.819737 1806.270821 147.237139 524.127475 103.000000 460.000000 57.000000 11.000000 276.000000 185.394068
363.864547 1748.962080 132.992574 533.732879 150.117185 443.000000 108.054001 17.000000 176.849022 225.000000
361.798012 1751.160529 97.566422 537.383196 483.000000 385.000000 103.000000 222.000000 0.000000 185.117202
360.131566 1780.926163 103.042982 536.794797 455.000000 478.000000 161.000000 117.161994 0.000000 193.000000
356.811368 1757.061466 90.039665 528.302569 1079.000000 350.715051 179.000000 833.000000 0.000000 163.000000
356.349382 1782.155267 82.732791 523.337188 186.897981 371.315920 153.000000 698.000000 0.000000 185.346312
359.364344 1796.832143 100.110308 507.777017 103.000000 323.000000 98.000000 117.132334 47.000000 185.290864
362.341248 1813.650730 123.211127 498.255640 140.000000 433.000000 78.000000 41.000000 726.000000 211.000000
361.254007 1806.518354 107.722367 539.290808 180.000000 475.000000 56.000000 32.000000 1624.000000 188.000000
364.076691 1815.382262 141.389363 525.228530 112.000000 426.000000 56.000000 12.000000 1922.000000 216.000000
365.711003 1812.991985 156.034053 523.380074 107.000000 359.000000 70.000000 30.000000 613.000000 183.000000
365.328469 1815.574093 153.908434 529.737200 20.000000 410.000000 61.000000 2.000000 778.000000 185.319390
364.027671 1785.653357 114.973662 530.102377 216.000000 350.543285 66.000000 29.000000 0.000000 189.000000
355.225323 1756.356157 131.759367 540.023980 0.000000 413.000000 92.000000 0.000000 0.000000 226.000000
363.245971 1775.749945 111.692486 538.917200 256.000000 373.000000 118.000000 36.000000 0.000000 190.000000
361.970199 1779.674964 99.316716 542.247805 1004.000000 524.000000 169.000000 639.000000 0.000000 184.624424
359.176957 1777.063453 108.189205 541.850538 1086.000000 522.000000 170.000000 930.000000 0.000000 163.000000
357.966760 1807.171222 129.194774 515.675291 721.000000 443.000000 144.000000 868.000000 178.593958 183.000000
360.352283 1813.846507 108.845645 498.870345 223.000000 392.000000 96.619568 117.132309 0.000000 198.000000
362.884238 1806.829488 106.677565 496.782415 204.000000 407.000000 71.000000 66.000000 244.521600 184.000000
363.443737 1812.511094 120.161970 505.359866 150.216842 385.000000 54.000000 12.000000 1858.000000 208.000000
364.782862 1816.812924 131.237209 520.270386 262.000000 350.543274 61.000000 67.000000 1593.000000 157.000000
355.239619 1810.509079 140.172622 519.960956 250.000000 343.000000 59.000000 107.000000 1416.000000 179.000000
366.744872 1818.631751 150.308082 529.654546 172.000000 401.000000 61.000000 117.102481 732.000000 201.000000
368.336623 1755.646737 141.238366 533.916711 108.000000 462.000000 54.000000 22.000000 215.000000 189.000000
366.596286 1804.613676 130.426070 552.268156 231.000000 403.000000 82.000000 117.132249 0.000000 207.000000
355.123749 1795.494167 119.062790 533.355160 150.342897 375.000000 104.000000 59.000000 0.000000 197.000000
361.680787 1742.140016 83.735058 524.730649 794.000000 525.000000 166.000000 328.000000 0.000000 183.000000
359.612611 1773.725593 82.387466 514.012769 936.000000 350.802333 168.000000 117.132384 242.653875 182.844000
359.158823 1792.139239 97.469020 502.871468 575.000000 433.000000 163.000000 405.000000 0.000000 160.000000
355.155834 1807.721427 119.009143 508.353298 197.000000 388.000000 100.000000 108.000000 205.000000 190.000000
363.910049 1811.774878 125.193060 545.106228 150.117547 361.000000 71.000000 54.000000 244.591217 182.000000
366.204748 1826.373290 146.779345 497.315618 384.000000 350.543274 54.000000 118.000000 2120.000000 149.000000
366.843410 1812.045773 173.537811 515.087506 150.204515 432.000000 61.000000 30.000000 1526.000000 196.000000
367.713268 1757.061440 152.142720 517.382160 161.504446 327.000000 61.000000 122.000000 1360.000000 160.000000
369.080503 1823.817513 161.818503 525.718651 220.000000 381.000000 60.000000 117.132238 987.000000 181.000000
355.238314 1826.807146 168.138416 528.287653 110.000000 512.000000 54.000000 11.000000 639.000000 211.000000
369.556356 1818.667139 154.059116 553.193380 0.000000 403.000000 76.000000 0.000000 0.000000 185.422944
366.045381 1818.317858 134.461731 543.394946 338.000000 330.000000 107.000000 117.102469 0.000000 229.000000
366.033793 1755.104446 123.994502 552.709879 998.000000 705.000000 177.000000 792.000000 0.000000 169.000000
362.820940 1804.175761 114.008940 544.353058 731.000000 486.000000 179.000000 318.000000 0.000000 160.000000
363.512239 1747.573266 99.704784 534.733911 440.000000 434.000000 158.000000 222.000000 0.000000 174.000000
365.734584 1752.413195 160.196028 524.219579 473.000000 404.000000 113.483420 117.161998 0.000000 172.000000
367.736997 1833.885598 145.578491 528.207704 150.000000 367.000000 73.000000 51.000000 877.000000 187.000000
368.293353 1834.874718 144.380808 520.787608 267.000000 344.000000 55.000000 30.000000 1722.000000 185.295030
370.366209 1833.127657 147.020380 529.547692 100.000000 415.000000 62.000000 10.000000 1512.000000 194.000000
371.286689 1834.813138 156.255408 533.331006 0.000000 363.000000 60.000000 117.102464 1169.000000 224.000000
355.219691 1756.967972 167.067670 538.757662 70.000000 351.154436 62.000000 117.132299 105.123957 209.000000
372.306199 1826.264366 146.877808 541.842430 106.000000 497.000000 58.000000 26.000000 203.000000 196.000000
372.178583 1834.657628 150.199994 536.527073 100.000000 394.000000 77.000000 10.000000 244.531442 225.000000
371.981542 1807.188142 106.995381 539.738516 485.000000 382.000000 104.000000 221.000000 0.000000 186.000000
353.856000 1780.589010 85.177722 534.484457 1161.000000 604.000000 164.000000 823.000000 0.000000 147.000000
365.083030 1750.397925 111.887049 536.378589 954.000000 478.000000 171.000000 669.000000 0.000000 167.000000
363.219750 1811.648576 97.711255 507.874393 563.000000 512.000000 153.000000 422.000000 0.000000 170.000000
366.058101 1807.733446 99.386719 507.435465 200.000000 524.000000 97.000000 38.000000 198.000000 184.717593
355.237677 1828.533699 101.774153 506.589017 0.000000 366.000000 70.000000 0.000000 1091.000000 184.780548
370.830369 1829.720649 113.008451 538.917200 120.000000 365.000000 112.649796 12.000000 2149.000000 179.000000
371.829253 1819.871556 101.211586 524.311143 30.000000 379.000000 58.000000 3.000000 1769.000000 209.000000
373.886296 1834.058758 135.539142 526.766393 40.000000 322.000000 61.000000 4.000000 1045.000000 188.000000
355.239205 1828.822405 134.175241 524.386619 138.000000 422.000000 58.000000 14.000000 1053.000000 196.000000
372.989495 1825.884653 137.886971 530.968938 0.000000 468.000000 61.000000 117.191787 14.000000 185.399980
373.158074 1819.440559 126.017004 554.980637 0.000000 410.000000 77.000000 0.000000 0.000000 185.422680
353.212066 1794.940710 91.256458 531.306145 838.000000 504.000000 109.000000 117.132317 0.000000 178.000000
368.951025 1789.054929 83.083472 536.315255 959.000000 500.000000 116.030087 226.000000 0.000000 187.000000
367.629462 1790.377915 81.850461 524.903820 711.000000 487.000000 168.000000 409.000000 0.000000 158.000000
355.202434 1791.655754 86.083406 512.883258 116.000000 438.000000 127.338155 67.000000 0.000000 185.000000
368.898219 1812.924064 94.399885 551.750988 661.000000 464.000000 102.000000 462.000000 77.000000 170.000000
370.140924 1825.748202 103.621557 497.620111 276.000000 400.000000 65.000000 124.000000 1587.000000 177.000000
355.239555 1832.135675 118.198021 499.981438 165.000000 368.000000 55.000000 31.000000 2014.000000 170.068580
375.116194 1836.114299 126.007215 510.960631 214.000000 429.000000 57.000000 33.000000 1976.000000 159.000000
374.213499 1821.751108 123.200366 515.773224 136.000000 412.000000 59.000000 33.000000 1274.000000 185.256450
374.787873 1830.184976 134.861766 526.635470 194.000000 423.000000 59.000000 40.000000 813.000000 173.000000
374.974880 1830.930990 140.070214 520.937613 103.000000 464.000000 112.649834 117.162033 97.000000 191.000000
374.254735 1809.144546 111.159416 531.876215 100.000000 402.000000 112.650564 23.000000 0.000000 209.000000
371.960249 1792.111949 102.936335 534.530958 422.000000 326.000000 114.000000 117.221513 242.904548 185.294396
354.548230 1783.067000 85.238953 538.612583 594.000000 571.000000 166.000000 215.000000 0.000000 157.000000
371.388008 1785.853113 117.098524 526.772172 914.000000 454.000000 171.000000 624.000000 149.820774 160.000000
370.597269 1797.409571 91.076819 517.767061 293.000000 457.000000 154.000000 117.162005 0.000000 180.000000
369.639077 1813.075119 99.881955 508.758995 221.000000 396.000000 106.000000 64.000000 0.000000 192.000000
372.391300 1830.401159 138.218155 500.721822 163.000000 400.000000 79.000000 67.000000 537.000000 167.000000
374.577186 1835.755139 121.385074 481.309153 149.000000 406.000000 54.000000 117.162005 2344.000000 186.000000
375.253155 1818.113279 114.062505 492.997160 114.000000 415.000000 61.000000 15.000000 1450.000000 162.000000
375.122590 1829.714358 155.880319 538.917200 318.000000 392.000000 62.000000 107.000000 1241.000000 161.000000
375.917768 1829.436510 111.797150 519.393585 30.000000 430.000000 60.000000 3.000000 690.000000 177.000000
376.971730 1840.651504 144.326921 521.715833 150.115975 508.000000 73.000000 5.000000 0.000000 185.422099
375.307567 1821.849188 131.359999 545.342377 60.000000 413.000000 79.000000 6.000000 0.000000 199.000000
355.114237 1840.671215 115.355307 523.459474 239.000000 336.000000 120.000000 65.000000 0.000000 187.000000
372.911500 1810.175510 111.562449 523.459474 976.000000 589.000000 167.000000 65.000000 0.000000 150.000000
369.609820 1817.651106 113.744938 524.002622 877.000000 472.000000 184.000000 556.000000 244.610626 153.000000
371.304654 1827.169321 115.566104 516.471242 494.000000 450.000000 157.000000 320.000000 0.000000 162.000000
373.474180 1839.322064 131.321209 505.022421 371.000000 380.000000 110.000000 320.000000 0.000000 162.000000
374.453541 1841.342748 131.560543 509.623744 100.000000 402.000000 75.000000 10.000000 916.000000 167.000000
374.453541 1841.342748 147.196104 498.905864 380.000000 364.000000 60.000000 149.000000 1576.000000 142.000000
355.230000 1766.348190 126.229730 533.213570 318.000000 364.000000 59.000000 41.000000 1749.000000 190.000000
