7 7.8 10.1 95
11.6 14 15.9 86
8.4 9.2 11.2 95
9.2 9.9 11.5 95
10.4 23.7 21.2 43
11.3 11.8 14.4 97
12 13.1 15.4 93
12.1 12.7 14.5 96
11.9 15.9 19 77
9.2 10 11.5 95
8.2 9.6 12.6 91
9.7 13.5 16.2 78
8.8 9.3 10.6 97
10.5 11.8 13.7 92
11.8 15.5 17.6 78
10.3 11 12.6 95
10.2 10.9 12.8 95
6.4 7.2 9.3 94
9.3 11.6 13.1 86
11.1 19.8 14.9 57
6.6 8.2 10.5 89
8.6 11.6 13.6 82
4.1 4.9 7.7 95
5.1 5.9 8.1 95
6.3 7.2 9.2 94
9.6 12.3 13.6 84
11.4 11.9 12.1 97
12.7 13.1 14.3 97
9.2 10.6 11.8 91
7.1 7.9 9.4 95
4.8 5.2 8.1 97
5.4 5.9 8.7 97
11.3 15.2 15.6 78
7.3 8.1 9.5 94
3.2 5.8 8.6 84
4.3 5.2 6.2 93
5.5 7.8 9.1 86
3.5 5.4 6.1 87
-6.1 -5 -2.2 92
-2.2 -1 -0.7 92
-6.9 -2.8 -0.7 73
-7.5 -0.8 2.6 60
1.8 2.1 3.2 98
0.5 0.8 1.3 98
-0.7 1.1 1.1 88
-2.2 1.6 1.9 76
-2 0.5 1.4 83
-1.7 -0.9 -1.1 95
-4 -1.5 0.3 83
-1.9 -0.6 0.2 91
-6.3 -5.3 -3.4 93
1.5 1.8 1.1 98
2.5 2.9 1.3 98
-5.1 -3.5 0.2 89
-5.5 -3.8 -0.8 88
-10.7 -9.6 -7.2 92
-9.3 -8.3 -5.8 92
-7.5 -6.4 -3.5 92
-6.3 -3.9 -3.8 84
-6.5 -3.3 -3.4 79
1.8 2.7 2.6 94
1.5 2.3 2.3 94
-8 -4.2 -2.9 75
-8.4 -4.6 -3.4 74
-4 1.1 1.6 68
-3.7 -2.4 -0.6 91
-5.4 -1.6 1 75
-3.5 1.9 3.8 67
-2.4 -1.6 -1 94
3.6 5.3 4.7 89
0.9 4.5 3.4 78
-1.3 -0.3 1.3 93
-0.3 1.7 1.4 86
-5.7 0.6 3.4 62
0.8 1.4 0 96
2.6 3.4 5.2 94
18.6 19 21.5 98
14.2 27.4 34.2 44
15.9 17.8 24.7 88
15.8 17.9 25.5 87
18 25.8 34.3 62
14.2 16.1 21.7 88
16.8 26.4 40.7 55
16.2 22.4 28.3 68
10.9 11.7 18 94
15.8 30.3 49.5 42
15.1 21 27.6 69
16.1 22.6 24.8 67
17.2 19.1 25.6 89
15.3 34.5 50.9 32
15.6 18.3 25.4 84
17.7 19 24 92
15.2 21.4 27.9 68
15.2 21.3 27.9 68
12.5 13.3 15.6 95
10 11.9 12.4 88
12.9 15.5 20.3 84
8.8 8.9 10.8 100
8.7 10 14.8 92
14.8 15.2 16.3 98
16.8 17.7 20.2 95
6.9 11 12.3 76
-1.3 -0.2 3.2 92
7.1 7.8 7.6 95
9.2 14.3 14.1 71
7.8 8.8 9.4 94
4.4 7.8 8.6 80
2.9 4.4 7.6 90
4.8 6 5.8 92
1.1 2 2.7 93
-0.6 1.9 2.3 83
-2.4 -1.5 0 93
-0.4 2.5 1.9 81
-3 -1.1 0.1 87
-2.5 -1.7 0.8 95
-4.6 -3.3 -0.8 90
-5.8 -5 -2.5 94
1.7 2.5 2.6 94
2.3 4.3 3.7 87
2 6.1 5.2 75
3.5 6.3 6.3 82
2.4 2.9 4.4 97
10.1 11 8.4 94
-1.4 -0.6 2.2 94
8.2 13 9.4 73
-6.9 -2.5 0.8 72
-11.4 -7.9 -4.2 75
2.5 3.7 0.8 92
0.9 7 5.9 65
2.7 5.5 3.7 82
-1 -0.5 0.7 96
-0.4 7 8.4 59
-1.1 2.9 4 75
2.4 4.9 4.4 84
0.9 8.2 9.5 60
2.4 9.5 6.3 61
5.4 7.6 7.1 86
3.1 9.4 10 65
2.7 15.1 14 43
0.5 2.4 4.4 87
-2.1 -1.2 0.5 94
2.6 4.1 5.2 90
2.8 6 7.6 80
-3.5 -1.8 0.6 88
-1.7 -0.2 2.4 89
1.6 2.4 3.3 94
2.7 6.1 6.3 78
2.4 11.2 13.2 55
0.9 1.4 3.1 96
-2.5 3.1 5.3 67
3.1 15.8 23.3 42
1.6 5.3 8.9 76
0.1 1.8 6 88
2.2 3.2 5.9 93
-1.7 -0.7 2.5 93
4.1 18.3 31.8 39
1.7 4.9 9.4 80
5.8 8.2 13.1 85
7.1 17.5 29.1 50
3.8 7.8 12.3 76
12.2 16.7 21.5 74
16.1 23.3 27.7 64
17.3 20.5 23.9 82
13.4 14.4 17.5 94
9.6 25.2 39.6 37
9.6 11.3 14.4 90
13.4 14.4 17.1 94
16.8 18.3 20.9 91
13.3 14 15.5 95
12.9 23.3 35.3 52
8.5 9.4 13.5 94
17.2 18.9 20.5 90
10.3 10.6 12.7 98
20.6 32.2 47.9 50
17.4 19 23.5 90
12.2 13.1 15.5 95
11.6 13 16.8 91
10.3 11.3 14.3 93
9 15.1 22.5 67
13.6 17.4 20.2 78
13.7 24.2 24.5 52
7.1 12.5 15.6 70
9.1 10 11.5 94
15.3 17.7 14.6 86
17.4 22.2 21 74
15.3 20 22.1 74
14.4 15.8 16 91
12.7 14.4 15.5 90
9.4 12.8 14.8 80
9.3 11.5 13.2 86
9.4 11.5 13.2 87
9.4 11.4 13.1 87
9.3 11.3 13.1 88
6.2 7.8 9.9 90
5.1 5.8 8.3 95
8.7 15.7 14.8 63
7.2 7.9 9.5 95
3.6 4.9 8.3 92
7.5 8.3 9.8 95
4.4 5.1 7.6 95
7.9 8.6 10 95
7.7 8.5 10 95
8 8.6 10.3 96
7.8 8.6 10.2 95
6.1 6.6 6.7 96
1.7 3.1 4.6 91
4.7 7.8 8 81
8.5 12.7 15.6 76
8 14.3 20.4 66
8 14.5 20.3 65
8.4 14.7 21 66
8.2 15.1 22 63
8.4 15.4 21.9 63
8 15.2 21.8 62
7.9 15.1 21.8 62
7.8 15 21 62
7.4 14.7 21 62
7.6 14.6 20.5 63
7.4 14.4 20.3 63
7.6 14.5 20.2 63
7.4 14.6 19.7 62
7.5 14.3 19 64
7.4 14.1 18.7 64
7.5 13.7 18.3 66
7.2 13.5 17.9 66
7.2 13.3 17.9 66
7.4 13.4 17.9 67
7.4 13.3 17.9 67
7.2 13.3 17.6 67
7.5 13.2 17.5 68
7.2 13.1 17.2 68
7.2 12.9 17.1 68
7 13 17.2 67
7.2 13 17.1 68
7.3 12.9 17.5 69
7.1 13.1 17.2 67
6.7 13.1 17.2 65
6.4 13 17.1 64
6.6 12.9 17 66
6.5 12.7 16.7 66
6.6 12.6 16.4 67
7 12.6 16.6 68
6.7 12.6 16.4 68
6.9 12.6 16.4 68
6.8 12.5 16.3 68
6.7 12.3 16.1 69
6.7 12 15.8 70
6.5 11.8 15.5 70
6.6 11.6 15.5 71
6.7 11.5 15.5 72
6.5 11.4 15.4 72
6.6 11.4 15.2 72
6.7 11.3 15 73
6.5 11.1 14.8 73
6.6 11 14.7 74
6.6 10.8 14.5 75
6.5 10.6 14.4 75
6.3 10.4 14.3 75
6.2 10.2 14.1 76
6.2 10.3 14 76
5.9 10.1 14 75
5.8 9.9 14 76
5.9 9.9 13.9 76
5.9 9.8 13.8 77
5.8 9.6 13.6 77
5.7 9.6 13.6 77
5.7 9.6 13.4 77
5.7 9.6 13.2 76
5.7 9.6 13.2 77
5.8 9.5 13.1 78
5.9 9.5 13.1 78
6 9.5 13.1 79
5.9 9.5 13.1 78
5.8 9.5 12.9 78
5.8 9.5 12.8 78
5.8 9.3 12.7 79
5.7 9.1 12.5 80
5.8 8.9 12.7 80
6 9 12.7 81
6.1 9.1 12.7 82
6.1 9.2 12.7 81
6.1 9.2 12.7 81
6.2 9.3 12.8 81
6.1 9.3 12.8 80
6.1 9.4 12.7 80
6.1 9.3 12.6 80
6 9.2 12.7 80
6.1 9.2 12.5 81
5.9 9.1 12.4 80
5.9 8.9 12.4 81
5.7 8.7 12.5 81
5.7 8.7 12.4 81
5.7 8.7 12.3 81
5.7 8.8 12.4 81
5.7 8.8 12.4 81
5.7 8.7 12.4 81
5.7 8.7 12.3 81
5.7 8.7 12.3 82
5.8 8.7 12.3 82
5.8 8.7 12.3 82
5.9 8.7 12.3 82
5.9 8.7 12.2 82
5.9 8.7 12 82
5.9 8.7 12 83
6 8.7 12 83
6 8.8 12 83
6 8.8 12 83
6 8.7 12 83
6 8.7 11.9 83
6 8.7 11.9 83
6.1 8.8 11.9 83
6.1 8.8 11.9 83
6.2 8.9 12 83
6.4 9.2 12.1 83
6.3 9.2 12.3 82
6.4 9.3 12.4 82
6.3 9.4 12.4 81
6.3 9.4 12.5 81
6.4 9.4 12.6 81
6.5 9.5 12.8 81
6.4 9.7 13 80
6.5 9.8 13.2 80
6.5 9.9 13.4 79
6.7 10.3 13.6 78
6.8 10.5 13.7 78
6.7 10.5 14 77
6.6 10.8 14.3 75
6.9 11 14.4 75
6.8 11.1 14.4 75
6.7 11.1 14.7 74
6.8 11.1 14.7 74
6.6 11.2 15.3 73
6.6 11.3 15.3 73
6.6 11.4 15 72
6.6 11.4 15.3 73
6.7 11.7 15.9 71
6.5 11.9 16 69
6.4 12 15.9 69
6.6 11.9 16.2 70
6.7 11.9 16.7 71
6.8 12.1 17.2 70
6.9 12.5 18 69
6.8 12.7 18.7 67
6.6 12.7 18.2 66
6.8 12.6 17.5 68
6.9 12.5 17.4 68
7.1 12.5 18.3 69
7.2 12.9 18.3 68
6.5 12.7 17.6 66
6.9 12.6 17.3 68
6.8 12.7 18.7 67
6.7 13.1 19.5 65
6.8 13.5 19.5 64
6.9 13.1 18.3 66
6.9 12.9 18.6 67
7.2 13.2 18.7 67
7.1 13.4 19 65
7 13.4 19.5 65
7.3 13.6 19.2 66
7 13.4 19.4 65
6.8 13.5 19.9 64
6.7 13.5 19 64
6.8 12.8 18.5 67
7.1 12.8 18.3 68
7.2 13 18 68
7.4 13.1 17.9 69
7.2 13.1 17.9 68
7.2 13.1 18 67
7 13.1 17.9 67
7.2 13.1 17.7 67
7.3 13.2 17.5 68
7.3 12.9 16.9 69
7.4 12.7 16.7 70
7.2 12.6 17 69
7.4 12.7 17 70
7.4 12.7 16.7 70
7.3 12.7 17 70
7.6 12.9 17.5 70
7.4 13.1 17 68
7.7 13 16.7 70
7.5 12.7 16.5 70
7.6 12.7 16.3 71
7.7 12.5 16.1 72
7.6 12.2 15.9 73
7.8 12.1 15.7 75
7.6 11.9 15.7 75
7.4 11.9 15.6 74
7.5 11.9 15.6 75
7.7 11.9 15.6 75
7.9 12 15.5 76
7.8 11.9 15.5 76
7.8 11.9 15.4 76
7.8 11.8 15.2 77
7.8 11.8 14.8 77
7.8 11.6 14.7 78
7.8 11.4 14.4 78
7.9 11.3 14.3 80
7.9 11.2 14.3 80
7.9 11 14 81
7.9 10.9 14 82
7.8 10.6 14 82
7.7 10.4 13.8 83
8 10.4 13.6 85
8 10.3 13.2 85
7.8 10.2 13.2 85
7.8 10.1 13.2 86
7.8 10 13.2 86
7.9 10 13.1 87
8 10 13.1 87
7.9 9.9 13.1 87
7.9 9.9 13 88
7.9 9.9 12.9 88
8 9.9 12.9 88
7.9 9.8 12.8 88
8 9.8 12.8 88
8.1 9.8 13 89
7.9 9.8 12.7 88
8 9.8 12.8 88
8 9.8 12.7 88
8 9.8 12.7 89
8 9.7 12.6 89
7.9 9.6 12.5 89
7.9 9.6 12.4 89
7.9 9.6 12.4 89
7.8 9.5 12.4 89
7.9 9.6 12.4 89
7.9 9.6 12.3 90
7.9 9.6 12.3 89
7.9 9.5 12.3 90
7.9 9.5 12.3 90
7.9 9.5 12.3 90
7.9 9.5 12.3 90
7.9 9.5 12.4 90
8 9.5 12.4 90
8 9.6 12.3 90
8 9.6 12.3 90
8 9.6 12.3 90
8 9.6 12.3 90
8.1 9.6 12.3 90
8.1 9.7 12.3 90
8.1 9.7 12.3 90
8.1 9.6 12.3 90
8.1 9.6 12.3 90
8.1 9.7 12.3 90
8.2 9.7 12.3 90
8.2 9.7 12.3 90
8.2 9.7 12.3 90
8.2 9.7 12.2 90
8.1 9.7 12.2 90
8.2 9.7 12.2 90
8.2 9.7 12.3 90
8.2 9.7 12.1 90
8.2 9.7 12.1 90
8.1 9.6 12.1 90
8.2 9.7 12.1 91
8.3 9.7 12.3 91
8.2 9.7 12.3 91
8.3 9.8 12.3 91
8.3 9.8 12.4 90
8.4 9.9 12.5 90
8.4 9.9 12.6 91
8.5 10 12.7 90
8.6 10.1 12.8 90
8.7 10.2 13 90
8.9 10.5 13.3 90
9.3 11 13.7 89
9.3 11.3 13.9 88
9.1 11.6 14 85
9 11.7 14.4 84
9.2 11.9 14.7 83
9.1 12.2 15.2 81
9 12.4 15.2 80
8.9 12.4 15.4 79
8.9 12.5 15.5 79
8.8 12.5 15.6 78
8.9 12.6 15.7 78
9 12.7 15.9 78
8.9 12.7 16.2 78
9.1 13 16.2 77
9 13.1 16.3 77
9 13.1 16.3 76
9.1 13.3 16.6 76
8.9 13.2 17 75
8.8 13.2 17.1 75
9 13.3 17.2 75
9.2 13.4 17.4 76
8.9 13.5 17.5 73
8.8 13.6 17.8 73
9.1 14 18.3 72
8.9 13.9 18.6 72
9.2 14.3 19.1 71
8.7 14.4 20.6 69
8.6 14.4 21.4 68
9.1 15 22 68
8.9 15.2 22.4 66
9 15.7 22.6 64
8.7 15.7 22.9 63
8.9 15.9 23.8 63
8.5 15.8 22.8 62
8.6 15.8 22.8 62
8.9 16.2 23.7 62
9.2 16.8 25.4 60
8.5 16.5 23.6 59
8.4 16.2 22.8 60
8.7 16.2 22.2 61
8.5 16.1 21.7 60
9.1 16 22 63
9.1 16 21.8 64
9.3 16.2 22.6 64
9.2 16.2 22.6 63
9.6 16.3 22 64
9.6 16.2 21.5 65
9.8 16 20.7 66
10 15.9 20.3 68
9.9 15.8 20.2 68
10.3 15.8 19.8 70
10.5 15.8 19.4 71
10.5 15.7 19.2 71
10.7 15.5 18.9 73
10.8 15.4 18.7 74
10.4 15.1 18.6 74
10.3 14.7 18 75
10.4 14.3 17.8 77
10.5 14.3 17.5 78
10.5 13.9 17.2 80
10.3 13.6 17 81
10.4 13.4 16.5 82
10.6 13.3 16.7 83
10.7 13.3 15.9 85
10.8 13.4 16.3 84
11.2 13.6 17.1 86
11.5 13.8 17.5 86
11.8 14.7 18 83
11.3 15.8 17.5 75
11 15.8 17.4 73
11.2 15.8 17.1 74
10.6 15.1 16.3 75
10.4 14.5 16 76
10.3 14.1 15.9 78
10 13.4 15.6 80
9.9 13.1 15.5 81
9.9 12.9 15.4 82
9.8 12.6 15 83
9.5 12.2 14.7 84
9.2 11.8 14.4 84
8.7 11.2 14 84
8.5 10.9 13.9 85
8.1 10.4 13.5 85
7.7 9.9 13.2 86
7.4 9.6 13 87
7.4 9.4 12.8 87
7 9.1 12.4 87
6.7 8.6 12.3 88
6.7 8.5 12.3 88
6.6 8.4 12.3 89
6.6 8.3 12.1 89
6.6 8.2 11.9 89
6.5 8.1 11.7 90
6.5 8 11.5 90
6.3 7.9 11.5 90
6.3 7.8 11.2 90
6.3 7.8 11.2 91
6.2 7.6 11.1 91
6 7.4 10.9 91
6.1 7.4 10.8 91
5.9 7.2 10.8 91
5.7 7 10.7 91
5.7 7 10.8 92
5.7 6.9 10.8 92
5.7 6.9 10.7 92
5.7 6.9 10.6 92
5.6 6.8 10.6 92
5.6 6.8 10.5 92
5.6 6.7 10.4 92
5.5 6.6 10.2 93
5.4 6.5 10 93
5.3 6.4 10 93
5.3 6.3 9.9 93
5.1 6.2 9.7 93
5.1 6.1 9.7 93
4.9 6 9.6 93
5 6 9.7 93
5 6 9.8 93
5.1 6.1 9.9 93
5.3 6.2 10 94
5.4 6.3 10 94
5.4 6.3 9.9 93
5.3 6.2 9.5 93
5.2 6.1 9.3 93
5.1 6.1 9.3 93
4.9 5.9 9.1 93
4.7 5.7 9.2 94
4.6 5.5 9.1 94
4.5 5.4 9 94
4.4 5.3 9.1 94
4.4 5.3 9 94
4.6 5.4 8.9 94
4.4 5.3 8.9 94
4.4 5.2 9 94
4.5 5.3 9.2 94
4.7 5.5 9.3 95
5.1 5.8 9.5 95
5.4 6.2 9.9 95
5.7 6.5 9.8 95
5.8 6.6 9.9 95
6 6.8 9.9 95
6.1 6.9 9.9 95
6.1 6.9 10.1 95
6.7 7.4 10.3 95
7 7.8 10.6 95
7.2 8 10.8 95
7.7 8.5 10.8 95
8.1 8.7 11.2 96
8.7 9.5 12.2 95
8.8 9.6 12.8 95
9.1 9.9 13.3 95
9 9.9 13.1 94
9.2 10.1 12.8 94
9.4 10.3 12.8 95
9.8 10.6 13 95
10.2 11.1 13.3 94
10.5 11.5 13.8 94
11 11.9 14.5 94
11.5 12.6 18.3 93
12.1 13.1 19.2 93
12.4 13.8 20 91
12.4 14.4 22.5 88
11.9 14.9 23.3 82
11.3 15.2 25 77
10.8 15.9 26.4 72
11 16.1 27.7 71
10.5 16.3 28.6 68
11.4 17.5 29.9 67
10.2 17.5 30.6 63
10.9 17.9 31.6 64
10.5 18.3 32.7 60
10.2 18.3 33.6 59
10 18.5 35.1 58
9.3 18.8 35.4 54
9.8 19.1 35.8 55
10.2 19.7 36.5 54
9.4 19.7 37.6 51
8.2 20.2 38.6 46
8.1 20.5 38.1 44
9.4 20.6 38.9 49
8.1 20.5 39.2 45
9.3 20.8 39.6 48
8.8 21.3 40.2 45
9.4 21.5 39.5 46
9.1 20.4 34.8 48
8.3 20.9 39.1 44
9.3 21.8 39.7 45
9.2 21.9 40.9 44
8.5 21.9 36.4 42
9 21.2 38.1 46
9.2 22.2 39.9 44
9.2 22.5 40.2 43
8.9 22.6 39.2 42
9.1 22.9 39.9 41
9.3 23.1 40.6 41
8.9 23.3 40.5 40
8.4 22.5 38.5 40
10.1 22.9 37.9 44
9.1 22.5 33.9 42
9.1 22.5 34 42
9.2 21.8 30.9 45
9.7 21 29.9 48
9 21.8 33 44
9.8 23.5 34.2 42
10.3 23.5 34.1 43
10.2 23.6 33.8 43
9.9 23 29.7 43
9.8 22.7 28.1 44
9.6 22.9 27.4 43
8.6 23.1 26.6 39
9.6 23.3 26.3 42
8.6 22.5 26.1 41
10.1 21.8 25.3 47
10 21.3 25.2 48
10.5 21 24.8 51
10.7 20.6 24.1 53
10.6 20.3 23.6 54
10.2 19.5 23.1 55
9.9 18.4 22.1 58
9.5 17.3 21.7 60
9.1 16.4 21.3 62
9.1 15.6 20.7 65
8.7 15.3 20.6 65
8.8 14.9 20.2 67
8.6 14.3 19.7 69
8.7 13.8 19.3 71
8.6 13.3 18.9 73
8.2 12.6 18.6 75
8.3 12.3 18.1 76
8.1 11.9 17.9 78
7.6 11.4 17.5 77
7.7 11.4 17.4 78
7.7 11.3 17.2 78
7.6 11.1 17.1 79
7.5 11 16.8 79
7.6 11 16.6 80
7.5 10.7 16.3 80
7.2 10.3 16.1 81
7.2 10.2 15.9 81
7 9.9 15.6 82
7 9.7 15.5 83
6.8 9.5 15.3 83
6.7 9.3 15.1 84
6.7 9.2 14.8 84
6.5 9 14.8 85
6.5 8.8 14.6 85
6.4 8.7 14.4 85
6.3 8.5 14.3 86
6.1 8.3 14.2 86
6.1 8.3 14.1 86
6.2 8.3 14.1 86
6.2 8.3 14.1 87
6.2 8.3 14.1 87
6.4 8.4 14.1 87
6.6 8.6 14.2 87
6.7 8.7 14.3 88
7 8.9 14.4 88
7.3 9.3 14.4 88
7.5 9.4 14.5 88
7.5 9.5 14.6 88
7.8 9.8 14.6 88
7.8 9.8 14.7 87
7.8 9.9 14.7 87
7.8 9.9 14.5 87
7.9 10 14.4 87
8.2 10.1 14.5 87
8.3 10.2 14.3 88
8.2 10.2 14 87
8.3 10.3 13.9 87
8.3 10.2 13.7 88
8.3 10.2 13.8 88
8.3 10.1 13.9 88
8.2 10 13.9 88
8.2 10 13.9 89
8.2 10 13.9 89
8.3 10 13.9 89
8.3 10 13.9 89
8.3 9.9 13.9 90
8.4 10 14 90
8.6 10.1 14.1 90
8.7 10.2 14.1 90
9 10.5 14.1 91
9.2 10.6 14.3 91
9.4 10.8 14.4 91
9.7 11 13.9 92
9.8 11.1 13.8 92
9.7 11.1 13.7 91
10.1 11.4 14.3 92
10.5 11.8 14.7 92
10.7 12 14.9 92
11.2 12.5 15.5 92
11.3 12.7 15.7 91
11.2 12.7 16.4 91
11.3 13.1 16.7 89
11.2 13.5 17.1 86
11.9 14.2 16.3 86
12.1 14.5 16.2 86
11.4 14.3 16.3 83
11.3 14.6 17.8 80
11.4 15.4 18.6 77
11.5 15.7 18.7 76
11.4 15.9 19.1 75
11.2 15.9 18.8 74
11.2 16 20.2 73
11.2 16.4 20.2 72
11.5 16.8 21 71
12 17.4 21.9 70
11.9 17.5 22.1 70
12.3 18.6 26.5 67
12.7 19.3 27.5 65
12.4 19.7 28.5 63
12.3 20.5 29.2 59
12 21.3 30.3 55
11.4 22 30.8 51
10.6 22.4 30.6 47
11 22.4 30.8 44
12.2 22 28.4 54
11.4 22 27 51
10.5 21.3 26.4 50
11.9 21.2 26.6 55
10.5 21.5 27.7 50
10.8 21.9 30.3 49
10.9 21.9 30.3 49
11 22.5 34.8 48
10.8 23.1 35.1 46
11.1 23.4 36.2 46
10.8 22.9 35.6 46
10.5 22.7 34.9 46
10.8 22.6 33.6 47
12 22.7 33 51
11.5 22.5 32.6 50
11.6 22.6 32.7 50
12.1 22.2 32.7 53
11.8 22.3 32.1 51
11.3 22.2 30.3 50
11.5 21.8 28.8 52
11.7 21.8 28 53
12.5 21.7 27.7 56
11.1 21 26.8 53
11.8 20.9 26.3 56
11.6 20.4 26.1 57
12.6 20.3 25.5 61
12.5 20.3 25.3 61
12.8 20.2 25.3 63
13 20.5 25.9 62
12.2 20.6 26.1 58
11.8 20.4 26.2 58
11.7 20.3 26.4 57
11.8 20.3 26.2 58
11.5 20.4 25.9 57
12.1 20.8 26.2 57
12.8 20.7 25.3 61
13 21.3 25.4 59
13.5 21.5 24.7 61
13 21.5 24.3 59
13 20.8 23.7 61
12.9 19.9 23.3 64
12.6 19.4 23.2 65
12.4 19 22.8 66
12.4 18.8 22.5 67
12.4 18.7 22.3 67
12.1 18.3 22.2 67
11.7 18 21.8 66
11.9 18 21.7 68
11.8 17.7 21.7 68
11.9 17.6 21.2 69
11.6 17.4 20.9 69
11.7 17.3 20.6 70
11.6 16.7 20.3 72
11.6 16.5 20.2 73
11.6 16.4 20.1 73
11.5 16.1 19.5 74
11.3 15.8 19.2 74
11.2 15.5 18.7 76
11.1 15.3 18.7 76
11 15 18.5 77
10.9 14.8 18.2 77
10.9 14.6 18 78
11 14.6 17.9 79
10.8 14.3 17.5 79
10.8 14.2 17.5 80
10.7 13.9 17.4 81
10.5 13.5 17.1 82
10.5 13.3 17 83
10.4 13.1 16.8 84
10.3 12.9 16.5 84
10.2 12.7 16.4 85
10.2 12.6 16.2 86
10 12.2 16.1 86
9.8 12 16 87
9.8 11.9 15.9 87
9.9 11.8 15.9 88
9.8 11.7 15.9 88
9.9 11.8 15.9 89
10.1 11.9 15.9 89
10.1 11.9 15.8 89
10.3 12 15.7 90
10.3 12 15.8 90
10.4 12 15.8 90
10.4 12 15.6 90
10.2 11.8 15.3 90
10.1 11.7 15.5 90
10 11.6 15.5 90
10.2 11.6 15.2 92
10.1 11.5 14.9 91
10.3 11.6 14.9 91
10.6 12 14.8 92
10.6 12 14.8 92
11 12.3 15.1 92
11.7 13 15.5 92
12.2 13.5 15.6 92
12.4 13.8 15.7 91
12.1 13.6 15.7 91
12 13.5 15.6 91
11.9 13.5 15.5 90
11.7 13.3 15.5 90
11.5 13.1 15.4 90
11.4 13 15.2 90
11.1 12.7 15 90
11.2 12.7 15.1 91
11.2 12.7 15 91
11.2 12.6 15.4 91
11.4 12.8 15.4 91
11.4 12.8 15.5 91
11.6 12.9 15.5 92
11.7 13 15.5 92
11.8 13.1 15.6 92
11.9 13.2 15.8 92
12.1 13.4 15.8 92
12.2 13.5 16 92
12.5 13.7 16.3 93
12.6 13.9 16.3 92
13 14.3 16.6 92
13 14.4 16.4 91
13 14.5 16.2 91
13 14.5 16.3 91
13 14.5 16.2 91
13 14.6 16.2 90
13.3 14.9 16.9 90
13.7 15.5 17.2 89
13.9 15.8 17.5 88
14.2 16.5 17.9 86
13.9 17.5 19.5 80
13.4 18.2 20.2 73
13.1 19 20.6 69
13.2 19.4 22.1 67
13.1 19.6 22.1 66
12.8 19.6 22.9 65
12.4 19.8 24.1 62
12.9 19.8 24.2 65
13.1 19.7 23.9 65
13 19.7 24 65
13.3 19.8 26.6 66
13.8 20.5 29.9 65
13.5 20.9 32.6 63
13 21.1 30.9 60
12.2 20.9 30.8 57
12.9 21.2 30.5 59
13.1 21.5 30 59
12.7 21.9 29.9 56
13.7 21.9 28.3 60
13.4 22.2 32.6 57
13.5 23.1 30.9 55
13.2 23.1 30.7 54
13.1 22.9 33.1 54
12.4 23.8 37.6 49
11.9 24.1 37.5 46
11.9 24.2 37.8 46
12.4 24.8 38.1 46
13.2 25 39 48
12.1 24.9 39.4 45
12.4 24.7 40.4 46
12.3 25 40.2 45
12.7 24.9 38.4 47
12.1 24.8 36.9 45
13.4 24.8 37.9 49
13.7 24.7 35.5 50
14 24.4 35.9 52
13.3 24.8 36.7 49
13.3 24.8 35.5 49
13 24.3 33.7 49
13.4 24 35.7 51
13.2 24.8 35.5 49
13.7 24.7 33.6 50
12.7 24 34 49
12.7 24.8 36.2 47
13 25.1 34 47
13.5 24.8 34.2 49
13.9 24.5 32 51
13.6 24 31.5 52
13.7 24 31 53
13.6 24.4 30.5 51
13.4 23.7 29.8 52
13.1 23.3 29.8 53
13.6 23.7 28.8 53
13.8 23.5 28 55
13.3 23.1 28.1 54
13.3 23.2 28.1 54
13.1 23.3 27.7 53
12.5 22.5 27 53
12.6 21.8 26.5 56
12.5 21 26.2 58
12.5 20.6 25.5 60
12.3 20.3 25.1 60
12.2 19.8 24.8 61
12.2 19.5 24.4 63
12.2 19.2 24 64
12.5 19.2 23.7 65
12.2 18.8 23.3 65
12.3 18.7 23.2 67
12.2 18.3 22.7 67
12.2 18 22.4 69
12.1 17.7 22 70
12 17.4 21.7 71
12.1 17.1 21.3 72
11.9 16.7 21 73
11.9 16.4 20.7 75
11.9 16.1 20.6 76
12 15.9 20.6 77
12.1 15.8 20.4 78
12.2 15.7 20.3 79
12.2 15.7 20.2 80
11.9 15.5 19.8 80
11.5 15 19.4 80
11.3 14.7 19.1 80
11.2 14.5 18.9 81
11.1 14.2 18.7 82
10.8 13.9 18.6 82
10.5 13.6 18.5 82
10.5 13.5 18.6 82
10.4 13.6 18.6 81
10.5 13.7 18.6 81
10.9 14 18.6 82
10.9 13.9 18.2 82
10.7 13.7 18.1 82
10.5 13.5 17.9 82
10.5 13.4 18 83
10.3 13.2 17.9 83
10.3 13.1 17.8 83
10.4 13.1 17.7 84
10.5 13.1 17.6 84
10.6 13.1 17.5 85
10.7 13.1 17.5 85
10.8 13.2 17.5 86
10.8 13.1 17.3 86
10.9 13.1 17.4 86
10.9 13.1 17.3 86
10.9 13.1 17.2 87
10.8 13 17.2 87
10.8 12.9 17.1 87
10.8 12.9 17.1 87
10.8 12.8 17.1 87
10.7 12.7 17 87
11 12.9 17 89
10.8 12.7 16.8 88
10.8 12.7 16.7 88
10.8 12.7 16.4 89
10.8 12.6 16.3 89
10.8 12.5 16.2 89
10.7 12.4 16.1 89
10.8 12.4 16.1 90
11 12.6 16.2 90
11.1 12.5 16.3 91
11.1 12.5 16.3 91
11 12.6 16.2 90
11.1 12.6 16.2 90
11.1 12.6 16.3 90
11 12.6 16.3 90
11.3 12.6 16.6 92
11.2 12.7 16.7 91
11.4 12.9 16.9 90
11.7 13.3 17.1 90
12.1 13.7 17.2 90
12.4 14.2 17.5 89
12.4 14.3 17.9 88
12.6 14.6 17.9 88
12.7 14.9 18 87
12.8 15.1 18 86
13.4 15.5 18.1 88
13 15.5 18.3 86
13.3 15.8 18.6 85
13.3 15.8 18.7 85
13.4 15.9 18.7 85
13.6 16.2 18.8 85
14 16.5 19.4 85
14.3 16.8 19.7 85
14 17.5 19.9 80
13.7 17.8 20.4 77
13.4 18.3 21 73
13.7 18.8 20.9 72
13.7 18.9 21 72
14.4 19 21.4 75
14.2 19 21.8 73
14.4 19.3 22.1 73
13.4 19.3 22.1 69
13.7 19.3 22 70
12.9 19.4 22.2 66
13 19.6 22.3 65
12.8 19.7 22.7 64
13.2 20 22.6 65
12.6 20 23.6 62
12.7 20.5 24 61
12.6 20.5 25.1 60
12.4 20.9 29.2 58
12.9 22.3 33.8 55
13.1 22.8 34.6 55
13.5 23.4 35.9 54
13.4 23.8 37.8 52
13.4 23.8 36.9 52
12.7 23.5 37.6 51
12.8 23.9 39.5 50
12.8 23.9 38.9 50
12.9 24.5 36.2 48
13 24.6 36.2 49
13.1 24.9 37.9 48
13.4 25.2 37.6 48
13.4 26.4 38.4 45
13.5 26.4 38.9 45
13.1 26.7 40.8 43
12.1 27.8 41.6 38
11.8 28.1 39.5 36
13.3 27.7 35.9 41
13.7 26.6 36.1 45
14 27.5 38.2 44
12.9 28.1 37.9 39
13.4 28.6 38.2 39
13.9 28 36.2 42
13.9 27.2 34.3 44
16.7 26.3 33.4 56
16.9 26.2 32.2 57
16.8 25.5 31.5 59
16.8 25.1 30.9 60
17.4 24.8 30.7 63
17.5 24.7 30.4 64
16.4 24 30 63
16.4 23.9 31.6 63
16 24.7 31.4 58
15.8 24.9 30.2 57
15.5 24.3 29.4 58
14.7 23.7 29.2 57
14.4 23.3 28.4 57
14.5 22.5 27.7 60
12.6 21.8 27.3 56
12.4 21.6 27.1 56
11.8 21.5 26.7 54
11.3 21.3 26.5 53
11.3 21.4 26.2 53
11.1 21 25.5 53
10.8 20.6 25.1 53
10.2 20.4 24.8 52
10.4 20.3 24.7 53
11.2 20.1 24.1 57
11.5 19.5 23.7 60
11.2 19.2 23.6 60
11.6 19.1 23.3 62
11.5 18.8 23.2 62
11.7 18.5 22.9 65
11.7 18.1 22.5 66
12 18 22.4 68
12 17.7 22.2 69
12 17.6 22.1 70
11.7 17.3 21.8 69
11.6 17.3 21.5 69
11.4 16.8 21 70
11 16.3 20.6 71
11.1 16 20.3 72
10.9 15.7 20.3 73
11.2 15.6 20.3 75
11.1 15.4 20.2 75
11 15.2 19.8 76
10.8 15 20 76
10.6 15 19.7 75
10.7 15.1 19.8 75
10.2 15.1 19.7 73
10.1 15.5 19.9 70
10 15.9 20 68
9.5 16.7 19.8 62
9.2 17.4 19.5 58
8.8 17.8 19.5 56
8.5 18.2 19.3 53
8.6 18.2 19.2 53
8.2 18.9 19.4 50
8.2 19.5 19.1 48
8 19.7 19.1 47
8.2 20 19.1 46
8.6 20 19 48
8.3 19.7 18.9 48
8.4 19.4 18.8 49
8.3 19 18.7 50
9.1 18.8 18.9 53
8.8 18.9 18.6 52
8.3 18.3 18.5 52
8.8 17.8 18.3 56
8.9 17.4 18.1 58
9 16.6 18 61
8.9 16.3 17.9 62
9 16.1 17.9 63
9.3 16 17.9 64
9.3 15.9 17.7 65
9.3 15.8 17.6 65
9.4 15.6 17.6 67
9.3 15.2 17.5 68
9.3 15 17.5 69
9.2 14.6 17.4 70
9.2 14.4 17.3 71
9.5 14.3 17.3 73
9.6 14.3 17.2 73
9.6 14.2 17.2 74
9.7 14.2 17.2 74
9.6 13.8 17.2 75
9.6 13.6 17.3 77
10 13.7 17.4 78
10.7 14.2 17.6 79
11 14.4 17.9 80
11.5 14.7 18.1 81
12.8 15.8 18.6 82
13 16.1 18.7 82
13.4 16.2 19 83
13.6 16.4 19.1 83
13.7 16.6 19.3 83
13.6 16.6 19.5 82
13.9 17 19.8 82
14.1 17.2 20.1 82
14.2 17.4 20.2 81
14.3 17.9 20.7 80
14.1 18.2 21 77
14.4 18.9 21.7 75
14.5 19.3 22.1 74
14.7 19.7 22.5 73
14.7 20.2 23.2 71
15 20.5 23.4 71
14.8 20.5 23.3 70
15.6 20.8 23.9 72
14.6 20.9 24.9 67
15.6 21.2 24.9 70
15.7 21.2 25.1 71
15.7 21.3 25.4 71
15.5 21.2 25.1 70
15.6 21.2 26.1 70
15.3 22.1 30.6 65
15.2 23.4 32.4 60
16.8 24.5 31.3 62
15.8 25.2 31.2 56
14.5 25.7 34.2 50
15.2 26.5 34.8 50
13.7 27.4 35.2 41
15.8 27.3 37.4 50
15 27.8 39.2 45
14.9 28.6 36.5 43
15.3 27.9 34.8 47
16.8 27.3 33.2 53
17.7 26.8 32 57
18.2 26.3 31 61
18.1 25.5 30.3 63
17.9 24.8 29 65
17.3 24 28.1 66
18 23.3 27.7 72
17.5 22.6 27 73
18 22.4 26.6 76
18 22.1 26.3 78
18.3 21.9 26.2 80
18.4 21.8 26 81
18.1 21.6 26 80
18.5 21.8 26.3 81
18.7 22.2 26.7 81
18.9 22.6 27.3 80
19.8 23.5 28 80
19.7 24.1 28.5 77
19.2 24.4 29.1 73
19.1 24.8 29.1 71
18.9 24.9 29.1 69
19.1 25.2 29.5 69
19.8 26.2 30.6 68
20.2 26.5 30.6 69
20.1 26.8 30.6 67
17 26.6 31.1 56
18.2 26.8 31.6 59
17.5 27.3 32.4 55
16.7 28.4 33.4 49
16.2 29.2 33.4 46
14.7 29.5 33.4 41
16.3 29.9 32.6 44
17.8 29.4 31.3 50
17.1 28.8 30.6 49
16.9 28.5 30.2 49
17.7 28.5 29.8 52
17.6 28.2 29.4 53
16.8 27.7 29 52
17.3 26.9 28.4 56
16.4 26.3 28 55
15.3 25.5 27.7 53
15 24.8 27 55
13.5 24.1 26.5 51
13.2 23.3 26 53
12.2 22.5 25.5 52
13.5 21.9 25.1 59
13.3 21.2 24.6 61
13.2 20.6 24 62
11 20.3 23.6 55
10 19.6 23.3 54
9.4 19.5 23 52
9 19.5 22.7 51
9.2 19.5 22.5 51
8.8 19.5 22.3 50
9.3 19.8 22.3 51
8.8 19.9 22.1 49
9.1 20.2 22.1 49
10 20.3 22 52
9 20.4 22 48
8.7 20.6 21.8 46
8.9 20.5 21.7 47
9 20.4 21.4 48
9.7 19.7 21.1 52
10.2 19.2 20.9 56
10 18.5 20.6 58
9.8 18 20.5 58
10 17.9 20.3 60
9.4 17.5 20.2 59
9.9 17.3 20.2 62
10.6 17.2 20.2 65
10 16.7 20.2 65
10 16.6 20.1 65
10.2 16.5 20 66
10.3 16.3 19.7 67
10.4 16.2 19.4 68
10.1 16.1 19.2 68
10.2 15.8 19.1 69
10.1 15.7 19 69
10.2 15.6 18.8 70
10 15.3 18.7 70
10 15.3 18.7 71
10.1 15.4 18.7 70
10 15.5 18.7 70
10.3 15.5 18.6 71
10.2 15.4 18.4 71
10.2 15.2 18.2 72
10.2 15 18.2 73
10.1 15 18 73
10.1 14.8 17.9 73
10 14.6 17.9 74
10.1 14.6 17.8 75
10.3 14.5 17.7 76
10.3 14.6 17.7 76
10.2 14.7 17.6 75
