-0.6 0.3 1.9 94
-1.2 0.1 2.7 91
-3 -2.7 -0.3 98
-0.7 3.2 3.9 75
-3.2 0.9 1.5 74
-3.7 -2 -1.5 88
-2.6 0.3 1.9 81
-3.4 -1.6 0.2 87
-5.3 -2.9 -0.6 83
1.8 9.5 4.6 59
2 4.8 5.2 82
1.3 1.9 2.9 96
0.4 0.7 1.1 98
0.9 4.4 2.8 78
-7.5 -2.4 -1.4 68
-7 -5.2 -3.9 87
-9.9 -4.6 -2.7 66
-8.6 -6.6 -4.6 86
-9.2 -7.7 -5.2 89
-11 -8.3 -6.1 81
-1.9 1.5 -0.3 78
-0.2 1.2 -0.7 90
-3.1 7.1 3.4 48
-5.9 -4.9 -4.6 92
-1.1 0.5 0.8 89
-4.1 -3.5 -2.7 96
-5.8 -0.7 1.4 68
-7.9 -6.8 -3.8 92
-5.1 2.2 4.8 58
-4.6 -1.7 1.9 80
-10.7 -5 0 64
-11.8 -3.8 -3.5 53
