7 7.8 10.1 95
11.6 14 15.9 86
8.4 9.2 11.2 95
9.2 9.9 11.5 95
10.4 23.7 21.2 43
11.3 11.8 14.4 97
12 13.1 15.4 93
12.1 12.7 14.5 96
11.9 15.9 19 77
9.2 10 11.5 95
8.2 9.6 12.6 91
9.7 13.5 16.2 78
8.8 9.3 10.6 97
10.5 11.8 13.7 92
11.8 15.5 17.6 78
10.3 11 12.6 95
10.2 10.9 12.8 95
6.4 7.2 9.3 94
9.3 11.6 13.1 86
11.1 19.8 14.9 57
6.6 8.2 10.5 89
8.6 11.6 13.6 82
4.1 4.9 7.7 95
5.1 5.9 8.1 95
6.3 7.2 9.2 94
9.6 12.3 13.6 84
11.4 11.9 12.1 97
12.7 13.1 14.3 97
9.2 10.6 11.8 91
7.1 7.9 9.4 95
4.8 5.2 8.1 97
5.4 5.9 8.7 97
11.3 15.2 15.6 78
7.3 8.1 9.5 94
3.2 5.8 8.6 84
4.3 5.2 6.2 93
5.5 7.8 9.1 86
3.5 5.4 6.1 87
-6.1 -5 -2.2 92
-2.2 -1 -0.7 92
-6.9 -2.8 -0.7 73
-7.5 -0.8 2.6 60
1.8 2.1 3.2 98
0.5 0.8 1.3 98
-0.7 1.1 1.1 88
-2.2 1.6 1.9 76
-2 0.5 1.4 83
-1.7 -0.9 -1.1 95
-4 -1.5 0.3 83
-1.9 -0.6 0.2 91
-6.3 -5.3 -3.4 93
1.5 1.8 1.1 98
2.5 2.9 1.3 98
-5.1 -3.5 0.2 89
-5.5 -3.8 -0.8 88
-10.7 -9.6 -7.2 92
-9.3 -8.3 -5.8 92
-7.5 -6.4 -3.5 92
-6.3 -3.9 -3.8 84
-6.5 -3.3 -3.4 79
1.8 2.7 2.6 94
1.5 2.3 2.3 94
-8 -4.2 -2.9 75
-8.4 -4.6 -3.4 74
-4 1.1 1.6 68
-3.7 -2.4 -0.6 91
-5.4 -1.6 1 75
-3.5 1.9 3.8 67
-2.4 -1.6 -1 94
3.6 5.3 4.7 89
0.9 4.5 3.4 78
-1.3 -0.3 1.3 93
-0.3 1.7 1.4 86
-5.7 0.6 3.4 62
0.8 1.4 0 96
2.6 3.4 5.2 94
18.6 19 21.5 98
14.2 27.4 34.2 44
15.9 17.8 24.7 88
15.8 17.9 25.5 87
18 25.8 34.3 62
14.2 16.1 21.7 88
16.8 26.4 40.7 55
16.2 22.4 28.3 68
10.9 11.7 18 94
15.8 30.3 49.5 42
15.1 21 27.6 69
16.1 22.6 24.8 67
17.2 19.1 25.6 89
15.3 34.5 50.9 32
15.6 18.3 25.4 84
17.7 19 24 92
15.2 21.4 27.9 68
15.2 21.3 27.9 68
12.5 13.3 15.6 95
10 11.9 12.4 88
12.9 15.5 20.3 84
8.8 8.9 10.8 100
8.7 10 14.8 92
14.8 15.2 16.3 98
16.8 17.7 20.2 95
6.9 11 12.3 76
-1.3 -0.2 3.2 92
7.1 7.8 7.6 95
9.2 14.3 14.1 71
7.8 8.8 9.4 94
4.4 7.8 8.6 80
2.9 4.4 7.6 90
4.8 6 5.8 92
1.1 2 2.7 93
-0.6 1.9 2.3 83
-2.4 -1.5 0 93
-0.4 2.5 1.9 81
-3 -1.1 0.1 87
-2.5 -1.7 0.8 95
-4.6 -3.3 -0.8 90
-5.8 -5 -2.5 94
1.7 2.5 2.6 94
2.3 4.3 3.7 87
2 6.1 5.2 75
3.5 6.3 6.3 82
2.4 2.9 4.4 97
10.1 11 8.4 94
-1.4 -0.6 2.2 94
8.2 13 9.4 73
-6.9 -2.5 0.8 72
-11.4 -7.9 -4.2 75
2.5 3.7 0.8 92
0.9 7 5.9 65
2.7 5.5 3.7 82
-1 -0.5 0.7 96
-0.4 7 8.4 59
-1.1 2.9 4 75
2.4 4.9 4.4 84
0.9 8.2 9.5 60
2.4 9.5 6.3 61
5.4 7.6 7.1 86
3.1 9.4 10 65
2.7 15.1 14 43
0.5 2.4 4.4 87
-2.1 -1.2 0.5 94
2.6 4.1 5.2 90
2.8 6 7.6 80
-3.5 -1.8 0.6 88
-1.7 -0.2 2.4 89
1.6 2.4 3.3 94
2.7 6.1 6.3 78
2.4 11.2 13.2 55
0.9 1.4 3.1 96
-2.5 3.1 5.3 67
3.1 15.8 23.3 42
1.6 5.3 8.9 76
0.1 1.8 6 88
2.2 3.2 5.9 93
-1.7 -0.7 2.5 93
4.1 18.3 31.8 39
1.7 4.9 9.4 80
5.8 8.2 13.1 85
7.1 17.5 29.1 50
3.8 7.8 12.3 76
12.2 16.7 21.5 74
16.1 23.3 27.7 64
17.3 20.5 23.9 82
13.4 14.4 17.5 94
9.6 25.2 39.6 37
9.6 11.3 14.4 90
13.4 14.4 17.1 94
16.8 18.3 20.9 91
13.3 14 15.5 95
12.9 23.3 35.3 52
8.5 9.4 13.5 94
17.2 18.9 20.5 90
10.3 10.6 12.7 98
20.6 32.2 47.9 50
17.4 19 23.5 90
12.2 13.1 15.5 95
11.6 13 16.8 91
10.3 11.3 14.3 93
9 15.1 22.5 67
13.6 17.4 20.2 78
13.7 24.2 24.5 52
7.1 12.5 15.6 70
9.1 10 11.5 94
15.3 17.7 14.6 86
17.4 22.2 21 74
15.3 20 22.1 74
14.4 15.8 16 91
12.7 14.4 15.5 90
9.4 12.8 14.8 80
9.3 11.5 13.2 86
9.4 11.5 13.2 87
9.4 11.4 13.1 87
9.3 11.3 13.1 88
6.2 7.8 9.9 90
5.1 5.8 8.3 95
8.7 15.7 14.8 63
7.2 7.9 9.5 95
3.6 4.9 8.3 92
7.5 8.3 9.8 95
4.4 5.1 7.6 95
7.9 8.6 10 95
7.7 8.5 10 95
8 8.6 10.3 96
7.8 8.6 10.2 95
6.1 6.6 6.7 96
1.7 3.1 4.6 91
4.7 7.8 8 81
8.5 12.7 15.6 76
8 14.3 20.4 66
8 14.5 20.3 65
8.4 14.7 21 66
8.2 15.1 22 63
8.4 15.4 21.9 63
8 15.2 21.8 62
7.9 15.1 21.8 62
7.8 15 21 62
7.4 14.7 21 62
7.6 14.6 20.5 63
7.4 14.4 20.3 63
7.6 14.5 20.2 63
7.4 14.6 19.7 62
7.5 14.3 19 64
7.4 14.1 18.7 64
7.5 13.7 18.3 66
7.2 13.5 17.9 66
7.2 13.3 17.9 66
7.4 13.4 17.9 67
7.4 13.3 17.9 67
7.2 13.3 17.6 67
7.5 13.2 17.5 68
7.2 13.1 17.2 68
7.2 12.9 17.1 68
7 13 17.2 67
7.2 13 17.1 68
7.3 12.9 17.5 69
7.1 13.1 17.2 67
6.7 13.1 17.2 65
6.4 13 17.1 64
6.6 12.9 17 66
6.5 12.7 16.7 66
6.6 12.6 16.4 67
7 12.6 16.6 68
6.7 12.6 16.4 68
6.9 12.6 16.4 68
6.8 12.5 16.3 68
6.7 12.3 16.1 69
6.7 12 15.8 70
6.5 11.8 15.5 70
6.6 11.6 15.5 71
6.7 11.5 15.5 72
6.5 11.4 15.4 72
6.6 11.4 15.2 72
6.7 11.3 15 73
6.5 11.1 14.8 73
6.6 11 14.7 74
6.6 10.8 14.5 75
6.5 10.6 14.4 75
6.3 10.4 14.3 75
6.2 10.2 14.1 76
6.2 10.3 14 76
5.9 10.1 14 75
5.8 9.9 14 76
5.9 9.9 13.9 76
5.9 9.8 13.8 77
5.8 9.6 13.6 77
5.7 9.6 13.6 77
5.7 9.6 13.4 77
5.7 9.6 13.2 76
5.7 9.6 13.2 77
5.8 9.5 13.1 78
5.9 9.5 13.1 78
6 9.5 13.1 79
5.9 9.5 13.1 78
5.8 9.5 12.9 78
5.8 9.5 12.8 78
5.8 9.3 12.7 79
5.7 9.1 12.5 80
5.8 8.9 12.7 80
6 9 12.7 81
6.1 9.1 12.7 82
6.1 9.2 12.7 81
6.1 9.2 12.7 81
6.2 9.3 12.8 81
6.1 9.3 12.8 80
6.1 9.4 12.7 80
6.1 9.3 12.6 80
6 9.2 12.7 80
6.1 9.2 12.5 81
5.9 9.1 12.4 80
5.9 8.9 12.4 81
5.7 8.7 12.5 81
5.7 8.7 12.4 81
5.7 8.7 12.3 81
5.7 8.8 12.4 81
5.7 8.8 12.4 81
5.7 8.7 12.4 81
5.7 8.7 12.3 81
5.7 8.7 12.3 82
5.8 8.7 12.3 82
5.8 8.7 12.3 82
5.9 8.7 12.3 82
5.9 8.7 12.2 82
5.9 8.7 12 82
5.9 8.7 12 83
6 8.7 12 83
6 8.8 12 83
6 8.8 12 83
6 8.7 12 83
6 8.7 11.9 83
6 8.7 11.9 83
6.1 8.8 11.9 83
6.1 8.8 11.9 83
6.2 8.9 12 83
6.4 9.2 12.1 83
6.3 9.2 12.3 82
6.4 9.3 12.4 82
6.3 9.4 12.4 81
6.3 9.4 12.5 81
6.4 9.4 12.6 81
6.5 9.5 12.8 81
6.4 9.7 13 80
6.5 9.8 13.2 80
6.5 9.9 13.4 79
6.7 10.3 13.6 78
6.8 10.5 13.7 78
6.7 10.5 14 77
6.6 10.8 14.3 75
6.9 11 14.4 75
6.8 11.1 14.4 75
6.7 11.1 14.7 74
6.8 11.1 14.7 74
6.6 11.2 15.3 73
6.6 11.3 15.3 73
6.6 11.4 15 72
6.6 11.4 15.3 73
6.7 11.7 15.9 71
6.5 11.9 16 69
6.4 12 15.9 69
6.6 11.9 16.2 70
6.7 11.9 16.7 71
6.8 12.1 17.2 70
6.9 12.5 18 69
6.8 12.7 18.7 67
6.6 12.7 18.2 66
6.8 12.6 17.5 68
6.9 12.5 17.4 68
7.1 12.5 18.3 69
7.2 12.9 18.3 68
6.5 12.7 17.6 66
6.9 12.6 17.3 68
6.8 12.7 18.7 67
6.7 13.1 19.5 65
6.8 13.5 19.5 64
6.9 13.1 18.3 66
6.9 12.9 18.6 67
7.2 13.2 18.7 67
7.1 13.4 19 65
7 13.4 19.5 65
7.3 13.6 19.2 66
7 13.4 19.4 65
6.8 13.5 19.9 64
6.7 13.5 19 64
6.8 12.8 18.5 67
7.1 12.8 18.3 68
7.2 13 18 68
7.4 13.1 17.9 69
7.2 13.1 17.9 68
7.2 13.1 18 67
7 13.1 17.9 67
7.2 13.1 17.7 67
7.3 13.2 17.5 68
7.3 12.9 16.9 69
7.4 12.7 16.7 70
7.2 12.6 17 69
7.4 12.7 17 70
7.4 12.7 16.7 70
7.3 12.7 17 70
7.6 12.9 17.5 70
7.4 13.1 17 68
7.7 13 16.7 70
7.5 12.7 16.5 70
7.6 12.7 16.3 71
7.7 12.5 16.1 72
7.6 12.2 15.9 73
7.8 12.1 15.7 75
7.6 11.9 15.7 75
7.4 11.9 15.6 74
7.5 11.9 15.6 75
7.7 11.9 15.6 75
7.9 12 15.5 76
7.8 11.9 15.5 76
7.8 11.9 15.4 76
7.8 11.8 15.2 77
7.8 11.8 14.8 77
7.8 11.6 14.7 78
7.8 11.4 14.4 78
7.9 11.3 14.3 80
7.9 11.2 14.3 80
7.9 11 14 81
7.9 10.9 14 82
7.8 10.6 14 82
7.7 10.4 13.8 83
8 10.4 13.6 85
8 10.3 13.2 85
7.8 10.2 13.2 85
7.8 10.1 13.2 86
7.8 10 13.2 86
7.9 10 13.1 87
8 10 13.1 87
7.9 9.9 13.1 87
7.9 9.9 13 88
7.9 9.9 12.9 88
8 9.9 12.9 88
7.9 9.8 12.8 88
8 9.8 12.8 88
8.1 9.8 13 89
7.9 9.8 12.7 88
8 9.8 12.8 88
8 9.8 12.7 88
8 9.8 12.7 89
8 9.7 12.6 89
7.9 9.6 12.5 89
7.9 9.6 12.4 89
7.9 9.6 12.4 89
7.8 9.5 12.4 89
7.9 9.6 12.4 89
7.9 9.6 12.3 90
7.9 9.6 12.3 89
7.9 9.5 12.3 90
7.9 9.5 12.3 90
7.9 9.5 12.3 90
7.9 9.5 12.3 90
7.9 9.5 12.4 90
8 9.5 12.4 90
8 9.6 12.3 90
8 9.6 12.3 90
8 9.6 12.3 90
8 9.6 12.3 90
8.1 9.6 12.3 90
8.1 9.7 12.3 90
8.1 9.7 12.3 90
8.1 9.6 12.3 90
8.1 9.6 12.3 90
8.1 9.7 12.3 90
8.2 9.7 12.3 90
8.2 9.7 12.3 90
8.2 9.7 12.3 90
8.2 9.7 12.2 90
8.1 9.7 12.2 90
8.2 9.7 12.2 90
8.2 9.7 12.3 90
8.2 9.7 12.1 90
8.2 9.7 12.1 90
8.1 9.6 12.1 90
8.2 9.7 12.1 91
8.3 9.7 12.3 91
8.2 9.7 12.3 91
8.3 9.8 12.3 91
8.3 9.8 12.4 90
8.4 9.9 12.5 90
8.4 9.9 12.6 91
8.5 10 12.7 90
8.6 10.1 12.8 90
8.7 10.2 13 90
8.9 10.5 13.3 90
9.3 11 13.7 89
9.3 11.3 13.9 88
9.1 11.6 14 85
9 11.7 14.4 84
9.2 11.9 14.7 83
9.1 12.2 15.2 81
9 12.4 15.2 80
8.9 12.4 15.4 79
8.9 12.5 15.5 79
8.8 12.5 15.6 78
8.9 12.6 15.7 78
9 12.7 15.9 78
8.9 12.7 16.2 78
9.1 13 16.2 77
9 13.1 16.3 77
9 13.1 16.3 76
9.1 13.3 16.6 76
8.9 13.2 17 75
8.8 13.2 17.1 75
9 13.3 17.2 75
9.2 13.4 17.4 76
8.9 13.5 17.5 73
8.8 13.6 17.8 73
9.1 14 18.3 72
8.9 13.9 18.6 72
9.2 14.3 19.1 71
8.7 14.4 20.6 69
8.6 14.4 21.4 68
9.1 15 22 68
8.9 15.2 22.4 66
9 15.7 22.6 64
8.7 15.7 22.9 63
8.9 15.9 23.8 63
8.5 15.8 22.8 62
8.6 15.8 22.8 62
8.9 16.2 23.7 62
9.2 16.8 25.4 60
8.5 16.5 23.6 59
8.4 16.2 22.8 60
8.7 16.2 22.2 61
8.5 16.1 21.7 60
9.1 16 22 63
9.1 16 21.8 64
9.3 16.2 22.6 64
9.2 16.2 22.6 63
9.6 16.3 22 64
9.6 16.2 21.5 65
9.8 16 20.7 66
10 15.9 20.3 68
9.9 15.8 20.2 68
10.3 15.8 19.8 70
10.5 15.8 19.4 71
10.5 15.7 19.2 71
10.7 15.5 18.9 73
10.8 15.4 18.7 74
10.4 15.1 18.6 74
10.3 14.7 18 75
10.4 14.3 17.8 77
10.5 14.3 17.5 78
10.5 13.9 17.2 80
10.3 13.6 17 81
10.4 13.4 16.5 82
10.6 13.3 16.7 83
10.7 13.3 15.9 85
10.8 13.4 16.3 84
11.2 13.6 17.1 86
11.5 13.8 17.5 86
11.8 14.7 18 83
11.3 15.8 17.5 75
11 15.8 17.4 73
11.2 15.8 17.1 74
10.6 15.1 16.3 75
10.4 14.5 16 76
10.3 14.1 15.9 78
10 13.4 15.6 80
9.9 13.1 15.5 81
9.9 12.9 15.4 82
9.8 12.6 15 83
9.5 12.2 14.7 84
9.2 11.8 14.4 84
8.7 11.2 14 84
8.5 10.9 13.9 85
8.1 10.4 13.5 85
7.7 9.9 13.2 86
7.4 9.6 13 87
7.4 9.4 12.8 87
7 9.1 12.4 87
6.7 8.6 12.3 88
6.7 8.5 12.3 88
6.6 8.4 12.3 89
6.6 8.3 12.1 89
6.6 8.2 11.9 89
6.5 8.1 11.7 90
6.5 8 11.5 90
6.3 7.9 11.5 90
6.3 7.8 11.2 90
6.3 7.8 11.2 91
6.2 7.6 11.1 91
6 7.4 10.9 91
6.1 7.4 10.8 91
5.9 7.2 10.8 91
5.7 7 10.7 91
5.7 7 10.8 92
5.7 6.9 10.8 92
5.7 6.9 10.7 92
5.7 6.9 10.6 92
5.6 6.8 10.6 92
5.6 6.8 10.5 92
5.6 6.7 10.4 92
5.5 6.6 10.2 93
5.4 6.5 10 93
5.3 6.4 10 93
5.3 6.3 9.9 93
5.1 6.2 9.7 93
5.1 6.1 9.7 93
4.9 6 9.6 93
5 6 9.7 93
5 6 9.8 93
5.1 6.1 9.9 93
5.3 6.2 10 94
5.4 6.3 10 94
5.4 6.3 9.9 93
5.3 6.2 9.5 93
5.2 6.1 9.3 93
5.1 6.1 9.3 93
4.9 5.9 9.1 93
4.7 5.7 9.2 94
4.6 5.5 9.1 94
4.5 5.4 9 94
4.4 5.3 9.1 94
4.4 5.3 9 94
4.6 5.4 8.9 94
4.4 5.3 8.9 94
4.4 5.2 9 94
4.5 5.3 9.2 94
4.7 5.5 9.3 95
5.1 5.8 9.5 95
5.4 6.2 9.9 95
5.7 6.5 9.8 95
5.8 6.6 9.9 95
6 6.8 9.9 95
6.1 6.9 9.9 95
6.1 6.9 10.1 95
6.7 7.4 10.3 95
7 7.8 10.6 95
7.2 8 10.8 95
7.7 8.5 10.8 95
8.1 8.7 11.2 96
8.7 9.5 12.2 95
8.8 9.6 12.8 95
9.1 9.9 13.3 95
9 9.9 13.1 94
9.2 10.1 12.8 94
9.4 10.3 12.8 95
9.8 10.6 13 95
10.2 11.1 13.3 94
10.5 11.5 13.8 94
11 11.9 14.5 94
11.5 12.6 18.3 93
12.1 13.1 19.2 93
12.4 13.8 20 91
12.4 14.4 22.5 88
11.9 14.9 23.3 82
11.3 15.2 25 77
10.8 15.9 26.4 72
11 16.1 27.7 71
10.5 16.3 28.6 68
11.4 17.5 29.9 67
10.2 17.5 30.6 63
10.9 17.9 31.6 64
10.5 18.3 32.7 60
10.2 18.3 33.6 59
10 18.5 35.1 58
9.3 18.8 35.4 54
9.8 19.1 35.8 55
10.2 19.7 36.5 54
9.4 19.7 37.6 51
8.2 20.2 38.6 46
8.1 20.5 38.1 44
9.4 20.6 38.9 49
8.1 20.5 39.2 45
9.3 20.8 39.6 48
8.8 21.3 40.2 45
9.4 21.5 39.5 46
9.1 20.4 34.8 48
8.3 20.9 39.1 44
9.3 21.8 39.7 45
9.2 21.9 40.9 44
8.5 21.9 36.4 42
