nan 0.300000 1.900000 94.000000
-1.200000 nan 2.700000 91.000000
-3.000000 nan -0.300000 98.000000
-0.700000 3.200000 3.900000 75.000000
-3.200000 0.900000 1.500000 74.000000
-3.700000 -2.000000 -1.500000 88.000000
-2.600000 0.300000 1.900000 81.000000
-3.400000 -1.600000 0.200000 87.000000
-5.300000 -2.900000 -0.600000 83.000000
1.800000 nan 4.600000 59.000000
2.000000 nan 5.200000 82.000000
1.300000 1.900000 2.900000 96.000000
0.400000 0.700000 nan 98.000000
0.900000 4.400000 2.800000 78.000000
-7.500000 -2.400000 -1.400000 68.000000
-7.000000 -5.200000 -3.900000 87.000000
-9.900000 -4.600000 nan 66.000000
-8.600000 nan -4.600000 86.000000
-9.200000 -7.700000 -5.200000 89.000000
-11.000000 -8.300000 -6.100000 81.000000
-1.900000 nan -0.300000 78.000000
-0.200000 1.200000 -0.700000 90.000000
-3.100000 7.100000 3.400000 48.000000
-5.900000 -4.900000 -4.600000 nan
-1.100000 0.500000 0.800000 89.000000
-4.100000 -3.500000 -2.700000 96.000000
-5.800000 nan 1.400000 68.000000
-7.900000 -6.800000 -3.800000 92.000000
-5.100000 2.200000 4.800000 58.000000
-4.600000 -1.700000 1.900000 80.000000
nan -5.000000 0.000000 64.000000
nan nan -3.500000 53.000000
-4.900000 -1.100000 -1.100000 75.000000
-5.900000 -2.300000 -1.600000 76.000000
-2.800000 nan nan 67.000000
-1.100000 4.500000 14.200000 67.000000
0.800000 3.700000 4.500000 81.000000
0.800000 3.200000 nan 85.000000
1.700000 15.700000 18.600000 39.000000
5.500000 10.900000 14.400000 69.000000
3.500000 5.300000 8.900000 88.000000
10.200000 15.100000 26.600000 73.000000
7.500000 nan 16.400000 69.000000
7.000000 8.800000 10.800000 88.000000
2.800000 3.500000 5.400000 95.000000
2.900000 4.400000 8.100000 90.000000
7.800000 14.900000 nan 63.000000
nan 8.100000 12.500000 79.000000
3.200000 14.500000 nan nan
6.000000 nan 9.900000 96.000000
7.400000 8.200000 15.500000 95.000000
5.300000 nan 21.100000 75.000000
5.800000 20.600000 25.300000 38.000000
6.500000 7.200000 9.100000 95.000000
8.000000 9.000000 10.800000 94.000000
14.500000 31.300000 51.200000 nan
8.400000 16.300000 32.400000 59.000000
13.400000 14.400000 17.100000 94.000000
14.300000 14.800000 16.100000 96.000000
16.200000 24.000000 28.400000 61.000000
8.500000 15.800000 23.000000 62.000000
11.500000 15.600000 23.200000 76.000000
16.300000 20.300000 26.600000 78.000000
18.600000 27.700000 34.800000 58.000000
