-0.600000 0.300000 1.900000 94.000000
-1.200000 0.100000 2.700000 91.000000
-3.000000 -2.700000 nan 98.000000
-0.700000 3.200000 3.900000 75.000000
-3.200000 0.900000 1.500000 74.000000
-3.700000 -2.000000 -1.500000 88.000000
-2.600000 0.300000 1.900000 81.000000
-3.400000 -1.600000 0.200000 87.000000
-5.300000 -2.900000 -0.600000 83.000000
1.800000 9.500000 4.600000 59.000000
2.000000 4.800000 5.200000 82.000000
1.300000 1.900000 2.900000 96.000000
0.400000 0.700000 1.100000 98.000000
0.900000 4.400000 2.800000 78.000000
-7.500000 -2.400000 -1.400000 68.000000
-7.000000 -5.200000 -3.900000 87.000000
