nan 0.300000 nan nan
nan nan 2.700000 nan
nan -2.700000 -0.300000 nan
nan 3.200000 nan nan
-3.200000 nan nan nan
nan -2.000000 -1.500000 88.000000
nan nan 1.900000 81.000000
-3.400000 -1.600000 nan nan
nan nan nan 83.000000
1.800000 nan nan 59.000000
nan 4.800000 nan 82.000000
1.300000 nan nan nan
0.400000 0.700000 1.100000 98.000000
nan 4.400000 nan nan
nan -2.400000 -1.400000 68.000000
nan -5.200000 nan 87.000000
nan nan -2.700000 nan
nan nan nan 86.000000
nan -7.700000 nan nan
nan nan nan 81.000000
nan nan -0.300000 nan
nan 1.200000 -0.700000 nan
nan nan nan 48.000000
nan nan nan nan
-1.100000 nan nan nan
-4.100000 nan nan nan
-5.800000 -0.700000 nan nan
nan nan nan 92.000000
-5.100000 nan 4.800000 58.000000
-4.600000 -1.700000 1.900000 nan
nan -5.000000 0.000000 64.000000
nan nan nan 53.000000
