nan 0.300000 1.900000 nan
nan nan 2.700000 nan
-3.000000 nan -0.300000 nan
-0.700000 3.200000 3.900000 75.000000
-3.200000 0.900000 1.500000 74.000000
-3.700000 -2.000000 nan nan
nan 0.300000 1.900000 81.000000
-3.400000 nan nan 87.000000
-5.300000 -2.900000 -0.600000 nan
1.800000 nan 4.600000 59.000000
2.000000 nan 5.200000 nan
1.300000 1.900000 2.900000 96.000000
nan nan nan nan
0.900000 nan 2.800000 78.000000
-7.500000 nan -1.400000 68.000000
-7.000000 -5.200000 nan 87.000000
nan -4.600000 nan nan
nan nan -4.600000 86.000000
-9.200000 -7.700000 nan 89.000000
-11.000000 nan -6.100000 nan
-1.900000 nan -0.300000 78.000000
-0.200000 nan -0.700000 90.000000
-3.100000 7.100000 3.400000 nan
nan -4.900000 -4.600000 nan
-1.100000 nan 0.800000 89.000000
-4.100000 -3.500000 -2.700000 96.000000
nan nan 1.400000 68.000000
nan -6.800000 nan 92.000000
-5.100000 nan 4.800000 58.000000
-4.600000 -1.700000 1.900000 80.000000
nan -5.000000 0.000000 nan
nan nan -3.500000 53.000000
nan -1.100000 -1.100000 nan
-5.900000 nan nan 76.000000
-2.800000 nan nan 67.000000
-1.100000 nan 14.200000 67.000000
nan 3.700000 4.500000 nan
0.800000 3.200000 nan 85.000000
nan 15.700000 nan nan
nan 10.900000 14.400000 69.000000
3.500000 5.300000 nan 88.000000
10.200000 nan 26.600000 nan
7.500000 nan 16.400000 69.000000
nan nan nan nan
2.800000 3.500000 nan nan
2.900000 4.400000 8.100000 90.000000
7.800000 14.900000 nan nan
nan 8.100000 12.500000 79.000000
3.200000 nan nan nan
6.000000 nan 9.900000 96.000000
7.400000 nan 15.500000 nan
nan nan nan 75.000000
5.800000 nan 25.300000 38.000000
nan 7.200000 nan 95.000000
nan nan 10.800000 94.000000
nan nan 51.200000 nan
nan nan 32.400000 59.000000
nan nan 17.100000 94.000000
14.300000 14.800000 16.100000 nan
nan nan 28.400000 61.000000
8.500000 nan 23.000000 62.000000
11.500000 nan 23.200000 nan
nan 20.300000 26.600000 78.000000
18.600000 27.700000 nan 58.000000
