nan 0.300000 nan nan
nan nan 2.700000 nan
-3.000000 nan -0.300000 nan
-0.700000 nan 3.900000 nan
-3.200000 0.900000 1.500000 nan
-3.700000 nan nan nan
nan 0.300000 1.900000 81.000000
-3.400000 nan nan 87.000000
nan -2.900000 nan nan
1.800000 nan 4.600000 59.000000
2.000000 nan nan nan
1.300000 1.900000 nan nan
nan nan nan nan
0.900000 nan 2.800000 78.000000
-7.500000 nan -1.400000 68.000000
-7.000000 -5.200000 nan 87.000000
nan -4.600000 nan nan
nan nan -4.600000 86.000000
-9.200000 -7.700000 nan nan
-11.000000 nan nan nan
-1.900000 nan -0.300000 78.000000
-0.200000 nan -0.700000 nan
-3.100000 7.100000 3.400000 nan
nan -4.900000 -4.600000 nan
nan nan 0.800000 nan
nan nan nan 96.000000
nan nan 1.400000 68.000000
nan nan nan 92.000000
nan nan nan 58.000000
-4.600000 nan 1.900000 80.000000
nan -5.000000 nan nan
nan nan nan 53.000000
nan -1.100000 -1.100000 nan
nan nan nan nan
nan nan nan 67.000000
nan nan nan 67.000000
nan 3.700000 nan nan
0.800000 3.200000 nan nan
nan nan nan nan
nan 10.900000 14.400000 69.000000
3.500000 5.300000 nan nan
10.200000 nan 26.600000 nan
nan nan 16.400000 69.000000
nan nan nan nan
nan 3.500000 nan nan
nan 4.400000 8.100000 nan
nan 14.900000 nan nan
nan nan 12.500000 79.000000
3.200000 nan nan nan
6.000000 nan 9.900000 nan
nan nan 15.500000 nan
nan nan nan nan
nan nan nan 38.000000
nan 7.200000 nan nan
nan nan 10.800000 94.000000
nan nan 51.200000 nan
nan nan 32.400000 59.000000
nan nan 17.100000 nan
nan 14.800000 16.100000 nan
nan nan nan 61.000000
8.500000 nan 23.000000 nan
11.500000 nan nan nan
nan 20.300000 26.600000 78.000000
nan 27.700000 nan 58.000000
