7.000000 7.800000 10.100000 95.000000
11.600000 14.000000 15.900000 86.000000
8.400000 9.200000 11.200000 95.000000
9.200000 9.900000 11.500000 95.000000
10.400000 23.700000 21.200000 43.000000
11.300000 11.800000 14.400000 97.000000
12.000000 13.100000 15.400000 93.000000
12.100000 12.700000 14.500000 96.000000
11.900000 15.900000 19.000000 77.000000
9.200000 10.000000 11.500000 95.000000
8.200000 9.600000 12.600000 91.000000
9.700000 13.500000 16.200000 78.000000
8.800000 9.300000 10.600000 97.000000
10.500000 11.800000 13.700000 92.000000
11.800000 15.500000 17.600000 78.000000
10.300000 11.000000 12.600000 95.000000
10.200000 10.900000 12.800000 95.000000
6.400000 7.200000 9.300000 94.000000
9.300000 11.600000 13.100000 86.000000
11.100000 19.800000 14.900000 57.000000
6.600000 8.200000 10.500000 89.000000
8.600000 11.600000 13.600000 82.000000
4.100000 4.900000 7.700000 95.000000
5.100000 5.900000 8.100000 95.000000
6.300000 7.200000 9.200000 94.000000
9.600000 12.300000 13.600000 84.000000
11.400000 11.900000 12.100000 97.000000
12.700000 13.100000 14.300000 97.000000
9.200000 10.600000 11.800000 91.000000
7.100000 7.900000 9.400000 95.000000
4.800000 5.200000 8.100000 97.000000
5.400000 5.900000 8.700000 97.000000
11.300000 15.200000 15.600000 78.000000
7.300000 8.100000 9.500000 94.000000
3.200000 5.800000 8.600000 84.000000
4.300000 5.200000 6.200000 93.000000
5.500000 7.800000 9.100000 86.000000
3.500000 5.400000 6.100000 87.000000
-6.100000 -5.000000 -2.200000 92.000000
-2.200000 -1.000000 -0.700000 92.000000
-6.900000 -2.800000 -0.700000 73.000000
-7.500000 -0.800000 2.600000 60.000000
1.800000 2.100000 3.200000 98.000000
0.500000 0.800000 1.300000 98.000000
-0.700000 1.100000 1.100000 88.000000
-2.200000 1.600000 1.900000 76.000000
-2.000000 0.500000 1.400000 83.000000
-1.700000 -0.900000 -1.100000 95.000000
-4.000000 -1.500000 0.300000 83.000000
-1.900000 -0.600000 0.200000 91.000000
-6.300000 -5.300000 -3.400000 93.000000
1.500000 1.800000 1.100000 98.000000
2.500000 2.900000 1.300000 98.000000
-5.100000 -3.500000 0.200000 89.000000
-5.500000 -3.800000 -0.800000 88.000000
-10.700000 -9.600000 -7.200000 92.000000
-9.300000 -8.300000 -5.800000 92.000000
-7.500000 -6.400000 -3.500000 92.000000
-6.300000 -3.900000 -3.800000 84.000000
-6.500000 -3.300000 -3.400000 79.000000
1.800000 2.700000 2.600000 94.000000
1.500000 2.300000 2.300000 94.000000
-8.000000 -4.200000 -2.900000 75.000000
-8.400000 -4.600000 -3.400000 74.000000
-4.000000 1.100000 1.600000 68.000000
-3.700000 nan nan nan
-5.400000 nan nan 75.000000
nan nan nan 67.000000
nan nan nan nan
nan nan 4.700000 nan
0.900000 nan nan nan
nan -0.300000 nan 93.000000
nan nan nan nan
-5.700000 0.600000 nan nan
0.800000 nan nan nan
2.600000 3.400000 nan nan
nan nan nan 98.000000
nan nan nan nan
nan nan nan nan
15.800000 nan nan nan
nan nan 34.300000 62.000000
14.200000 nan 21.700000 88.000000
nan nan nan 55.000000
nan nan nan nan
nan 11.700000 nan nan
nan nan 49.500000 nan
15.100000 nan 27.600000 nan
nan nan nan 67.000000
nan nan 25.600000 89.000000
15.300000 nan 50.900000 nan
nan nan nan nan
17.700000 19.000000 nan nan
15.200000 nan 27.900000 68.000000
nan 21.300000 nan 68.000000
12.500000 nan nan 95.000000
10.000000 nan 12.400000 nan
12.900000 15.500000 nan nan
nan 8.900000 10.800000 100.000000
nan 10.000000 14.800000 nan
14.800000 nan 16.300000 nan
16.800000 17.700000 20.200000 nan
nan 11.000000 12.300000 76.000000
nan -0.200000 nan nan
7.100000 7.800000 nan nan
nan 14.300000 nan 71.000000
nan nan 9.400000 94.000000
4.400000 nan nan nan
2.900000 nan nan nan
4.800000 nan 5.800000 92.000000
nan nan 2.700000 nan
-0.600000 nan nan 83.000000
nan -1.500000 0.000000 nan
nan nan nan 81.000000
nan nan nan 87.000000
-2.500000 nan nan nan
-4.600000 nan -0.800000 nan
nan -5.000000 -2.500000 nan
1.700000 2.500000 nan nan
nan nan nan 87.000000
2.000000 nan 5.200000 nan
3.500000 nan nan 82.000000
2.400000 2.900000 nan nan
nan nan nan 94.000000
nan -0.600000 nan nan
nan nan nan nan
nan nan nan nan
nan -7.900000 nan 75.000000
nan nan nan 92.000000
nan nan 5.900000 65.000000
nan 5.500000 nan 82.000000
nan nan 0.700000 nan
nan 7.000000 8.400000 nan
nan nan 4.000000 75.000000
nan 4.900000 4.400000 nan
nan nan 9.500000 nan
nan nan nan nan
nan nan nan nan
3.100000 nan nan nan
2.700000 nan nan nan
0.500000 nan nan 87.000000
-2.100000 nan 0.500000 nan
2.600000 nan nan nan
nan nan 7.600000 80.000000
-3.500000 nan 0.600000 nan
-1.700000 -0.200000 2.400000 nan
nan 2.400000 nan nan
nan nan nan nan
2.400000 nan 13.200000 55.000000
nan nan nan nan
-2.500000 nan nan 67.000000
3.100000 nan 23.300000 42.000000
nan nan nan 76.000000
0.100000 nan nan 88.000000
nan nan 5.900000 nan
nan nan 2.500000 93.000000
4.100000 18.300000 31.800000 nan
nan 4.900000 nan nan
nan 8.200000 nan 85.000000
nan nan nan nan
3.800000 7.800000 12.300000 nan
nan nan nan 74.000000
nan 23.300000 nan nan
17.300000 20.500000 nan 82.000000
nan nan nan nan
nan nan nan 37.000000
nan 11.300000 nan 90.000000
nan 14.400000 nan 94.000000
nan nan nan 91.000000
nan 14.000000 15.500000 nan
nan 23.300000 nan nan
8.500000 9.400000 nan nan
nan 18.900000 nan 90.000000
nan nan 12.700000 nan
nan 32.200000 nan nan
17.400000 19.000000 23.500000 nan
nan 13.100000 15.500000 nan
11.600000 nan nan nan
nan nan nan nan
9.000000 nan nan 67.000000
nan nan nan 78.000000
nan nan nan nan
nan nan nan nan
nan 10.000000 nan nan
nan 17.700000 nan nan
nan nan 21.000000 nan
nan nan 22.100000 nan
nan nan nan nan
nan nan nan nan
nan nan 14.800000 nan
nan nan nan nan
nan nan nan 87.000000
9.400000 nan 13.100000 nan
9.300000 nan nan 88.000000
6.200000 nan nan nan
5.100000 5.800000 nan nan
8.700000 nan 14.800000 nan
7.200000 7.900000 9.500000 nan
3.600000 4.900000 nan 92.000000
nan 8.300000 nan nan
nan nan 7.600000 nan
nan 8.600000 nan nan
7.700000 nan nan nan
8.000000 nan nan 96.000000
nan nan 10.200000 nan
nan nan nan nan
nan 3.100000 nan 91.000000
4.700000 nan 8.000000 nan
8.500000 12.700000 nan nan
8.000000 14.300000 20.400000 nan
nan nan nan 65.000000
8.400000 nan 21.000000 nan
nan nan nan 63.000000
nan 15.400000 21.900000 nan
nan nan 21.800000 nan
nan 15.100000 nan 62.000000
nan 15.000000 nan 62.000000
nan nan nan 62.000000
nan nan 20.500000 63.000000
7.400000 nan 20.300000 nan
7.600000 14.500000 20.200000 63.000000
7.400000 nan nan 62.000000
nan nan nan nan
7.400000 nan 18.700000 nan
nan nan 18.300000 nan
nan nan nan nan
nan nan nan nan
7.400000 13.400000 nan 67.000000
nan nan 17.900000 67.000000
7.200000 nan nan 67.000000
7.500000 nan 17.500000 nan
nan 13.100000 17.200000 nan
nan nan 17.100000 68.000000
nan 13.000000 nan 67.000000
nan nan 17.100000 nan
nan 12.900000 nan 69.000000
7.100000 13.100000 nan nan
nan nan 17.200000 65.000000
nan 13.000000 nan 64.000000
6.600000 12.900000 17.000000 nan
6.500000 nan nan nan
nan nan 16.400000 nan
7.000000 nan nan 68.000000
nan nan 16.400000 nan
6.900000 12.600000 16.400000 68.000000
nan 12.500000 nan 68.000000
nan nan 16.100000 nan
6.700000 nan 15.800000 nan
6.500000 nan nan nan
6.600000 nan nan 71.000000
nan 11.500000 nan 72.000000
nan nan nan 72.000000
nan 11.400000 nan nan
nan nan nan nan
6.500000 nan 14.800000 nan
6.600000 11.000000 nan nan
nan 10.800000 nan 75.000000
6.500000 nan 14.400000 nan
nan nan 14.300000 nan
6.200000 nan 14.100000 nan
6.200000 nan 14.000000 nan
5.900000 10.100000 14.000000 75.000000
nan 9.900000 nan nan
nan nan nan 76.000000
5.900000 nan nan nan
5.800000 nan nan nan
nan nan nan nan
nan nan 13.400000 nan
5.700000 nan nan nan
5.700000 nan nan 77.000000
5.800000 nan 13.100000 nan
nan 9.500000 nan nan
nan 9.500000 nan 79.000000
nan nan nan nan
nan 9.500000 12.900000 nan
5.800000 9.500000 nan nan
5.800000 nan nan nan
nan nan 12.500000 80.000000
5.800000 8.900000 nan 80.000000
nan 9.000000 nan nan
6.100000 nan 12.700000 nan
6.100000 nan nan nan
nan 9.200000 nan nan
nan 9.300000 12.800000 nan
6.100000 nan 12.800000 nan
nan 9.400000 nan nan
nan nan nan nan
nan nan nan nan
nan 9.200000 12.500000 81.000000
nan 9.100000 12.400000 nan
nan nan nan nan
5.700000 nan nan nan
nan nan 12.400000 81.000000
nan 8.700000 nan nan
5.700000 8.800000 nan nan
5.700000 nan nan nan
nan nan nan 81.000000
nan nan nan nan
nan nan nan nan
nan 8.700000 nan 82.000000
nan nan nan 82.000000
nan nan 12.300000 82.000000
5.900000 8.700000 12.200000 nan
nan nan 12.000000 nan
nan nan nan nan
nan nan 12.000000 nan
nan 8.800000 nan nan
6.000000 8.800000 nan 83.000000
nan nan nan nan
nan nan 11.900000 83.000000
nan 8.700000 nan nan
nan nan nan nan
6.100000 8.800000 nan nan
nan 8.900000 nan nan
nan nan nan 83.000000
6.300000 9.200000 nan nan
nan nan nan 82.000000
nan 9.400000 nan nan
nan 9.400000 12.500000 nan
nan nan nan nan
6.500000 nan 12.800000 nan
nan nan nan nan
6.500000 nan 13.200000 80.000000
nan 9.900000 nan nan
nan nan 13.600000 nan
nan nan 13.700000 nan
nan 10.500000 14.000000 77.000000
nan nan nan 75.000000
nan nan nan nan
nan nan 14.400000 nan
nan nan 14.700000 74.000000
6.800000 nan 14.700000 74.000000
nan nan 15.300000 nan
6.600000 11.300000 nan nan
6.600000 11.400000 15.000000 72.000000
6.600000 nan nan nan
6.700000 11.700000 nan 71.000000
nan 11.900000 16.000000 nan
nan nan 15.900000 nan
nan 11.900000 16.200000 70.000000
6.700000 nan nan 71.000000
nan 12.100000 17.200000 nan
nan nan nan nan
nan 12.700000 18.700000 nan
nan nan nan 66.000000
nan 12.600000 nan nan
nan 12.500000 nan nan
nan 12.500000 nan nan
7.200000 12.900000 nan nan
6.500000 nan nan nan
6.900000 nan 17.300000 nan
nan nan nan 67.000000
nan nan 19.500000 nan
6.800000 13.500000 nan nan
6.900000 nan nan nan
6.900000 12.900000 nan 67.000000
7.200000 nan nan 67.000000
nan nan 19.000000 65.000000
7.000000 13.400000 19.500000 65.000000
7.300000 13.600000 nan nan
7.000000 13.400000 nan nan
nan nan nan nan
nan 13.500000 nan nan
nan 12.800000 nan nan
nan 12.800000 nan nan
nan nan nan 68.000000
7.400000 13.100000 nan nan
7.200000 13.100000 nan nan
nan 13.100000 18.000000 nan
nan 13.100000 nan 67.000000
nan 13.100000 nan 67.000000
nan nan 17.500000 nan
7.300000 nan nan 69.000000
nan nan nan nan
nan nan 17.000000 nan
nan nan nan nan
nan 12.700000 nan nan
7.300000 nan nan nan
nan nan 17.500000 nan
nan 13.100000 nan 68.000000
nan nan nan nan
nan nan 16.500000 70.000000
nan nan nan nan
7.700000 nan nan nan
7.600000 nan 15.900000 73.000000
7.800000 nan 15.700000 nan
nan 11.900000 nan nan
nan 11.900000 15.600000 74.000000
7.500000 nan nan nan
7.700000 nan nan nan
nan nan 15.500000 nan
7.800000 11.900000 nan 76.000000
7.800000 11.900000 15.400000 76.000000
7.800000 11.800000 nan nan
nan 11.800000 nan nan
nan nan 14.700000 nan
nan nan 14.400000 78.000000
nan nan 14.300000 nan
7.900000 11.200000 nan nan
7.900000 nan nan nan
nan 10.900000 14.000000 nan
nan 10.600000 nan 82.000000
nan 10.400000 nan nan
nan nan nan 85.000000
nan nan 13.200000 85.000000
7.800000 nan nan 85.000000
nan nan nan nan
7.800000 nan 13.200000 nan
nan nan nan 87.000000
8.000000 nan 13.100000 nan
nan 9.900000 nan nan
nan nan 13.000000 88.000000
7.900000 nan nan nan
8.000000 9.900000 nan nan
nan 9.800000 nan nan
nan nan nan 88.000000
8.100000 9.800000 13.000000 nan
7.900000 nan 12.700000 nan
8.000000 nan nan nan
nan nan 12.700000 nan
8.000000 nan nan nan
nan nan 12.600000 nan
7.900000 nan nan 89.000000
nan nan nan nan
7.900000 nan nan 89.000000
nan nan nan nan
nan nan nan nan
7.900000 9.600000 nan nan
7.900000 nan 12.300000 89.000000
nan 9.500000 nan nan
nan nan 12.300000 nan
nan 9.500000 nan nan
nan 9.500000 nan 90.000000
nan nan nan nan
nan 9.500000 12.400000 nan
8.000000 9.600000 12.300000 nan
nan 9.600000 nan 90.000000
8.000000 nan nan 90.000000
nan nan nan nan
8.100000 9.600000 12.300000 nan
nan nan nan 90.000000
nan nan 12.300000 nan
nan 9.600000 12.300000 nan
nan nan nan nan
nan 9.700000 nan 90.000000
nan 9.700000 nan nan
nan nan nan nan
nan 9.700000 nan nan
nan nan nan nan
8.100000 9.700000 12.200000 90.000000
nan nan 12.200000 nan
8.200000 nan 12.300000 nan
8.200000 9.700000 nan nan
nan 9.700000 nan nan
nan 9.600000 12.100000 90.000000
nan 9.700000 nan nan
nan nan 12.300000 91.000000
nan nan 12.300000 nan
8.300000 nan nan 91.000000
nan nan nan 90.000000
8.400000 nan nan 90.000000
nan nan 12.600000 nan
nan nan nan nan
nan 10.100000 12.800000 nan
nan 10.200000 nan 90.000000
8.900000 nan 13.300000 90.000000
nan 11.000000 nan 89.000000
9.300000 nan nan nan
nan 11.600000 14.000000 85.000000
nan nan 14.400000 nan
nan 11.900000 14.700000 nan
nan nan nan nan
nan nan nan 80.000000
8.900000 nan 15.400000 nan
8.900000 nan nan 79.000000
nan nan 15.600000 nan
8.900000 12.600000 nan nan
nan nan 15.900000 78.000000
nan 12.700000 nan nan
9.100000 nan 16.200000 nan
nan nan 16.300000 nan
9.000000 nan nan nan
nan nan 16.600000 nan
nan nan 17.000000 75.000000
8.800000 13.200000 nan nan
nan nan nan 75.000000
nan nan nan 76.000000
8.900000 nan nan 73.000000
nan nan 17.800000 73.000000
9.100000 nan nan 72.000000
nan 13.900000 nan nan
nan nan 19.100000 71.000000
nan 14.400000 nan 69.000000
8.600000 nan nan 68.000000
9.100000 nan nan nan
8.900000 15.200000 22.400000 nan
nan nan 22.600000 64.000000
nan 15.700000 22.900000 nan
8.900000 nan nan nan
8.500000 nan nan nan
nan nan nan 62.000000
nan nan 23.700000 nan
9.200000 nan 25.400000 60.000000
8.500000 nan 23.600000 nan
nan nan 22.800000 60.000000
8.700000 16.200000 22.200000 nan
nan nan nan nan
nan 16.000000 22.000000 63.000000
nan nan nan nan
9.300000 16.200000 22.600000 64.000000
nan 16.200000 nan nan
nan 16.300000 nan 64.000000
9.600000 nan nan nan
nan 16.000000 nan nan
10.000000 nan 20.300000 68.000000
nan nan nan nan
nan 15.800000 nan 70.000000
nan nan nan nan
nan nan nan 71.000000
nan nan nan nan
nan nan nan nan
10.400000 nan 18.600000 nan
nan nan 18.000000 nan
nan nan 17.800000 nan
nan nan nan nan
10.500000 13.900000 nan nan
nan nan nan nan
nan nan nan nan
10.600000 nan 16.700000 83.000000
10.700000 nan nan 85.000000
nan nan 16.300000 84.000000
11.200000 nan nan nan
11.500000 nan nan nan
nan nan nan nan
11.300000 nan 17.500000 nan
nan nan nan nan
nan nan nan nan
10.600000 nan 16.300000 nan
10.400000 nan nan 76.000000
10.300000 nan nan nan
nan nan 15.600000 nan
nan nan 15.500000 nan
nan nan nan nan
9.800000 nan nan 83.000000
nan 12.200000 nan nan
9.200000 11.800000 nan 84.000000
nan nan nan nan
8.500000 nan nan 85.000000
8.100000 nan 13.500000 nan
nan 9.900000 nan 86.000000
nan 9.600000 13.000000 87.000000
nan 9.400000 12.800000 nan
nan nan 12.400000 87.000000
nan nan 12.300000 88.000000
6.700000 nan nan nan
6.600000 nan 12.300000 nan
nan nan 12.100000 89.000000
6.600000 nan 11.900000 nan
nan nan nan 90.000000
nan 8.000000 11.500000 90.000000
nan nan 11.500000 90.000000
6.300000 7.800000 nan nan
nan nan 11.200000 nan
nan 7.600000 nan 91.000000
nan nan 10.900000 91.000000
6.100000 7.400000 nan nan
nan nan 10.800000 91.000000
5.700000 7.000000 nan nan
5.700000 nan nan 92.000000
nan nan 10.800000 nan
5.700000 nan 10.700000 nan
5.700000 nan nan nan
5.600000 6.800000 10.600000 92.000000
5.600000 6.800000 nan nan
5.600000 6.700000 nan 92.000000
5.500000 nan 10.200000 93.000000
5.400000 6.500000 10.000000 nan
nan nan nan nan
nan 6.300000 9.900000 nan
5.100000 nan nan nan
nan nan nan nan
nan 6.000000 nan nan
5.000000 6.000000 nan nan
5.000000 nan nan nan
nan nan nan 93.000000
nan 6.200000 10.000000 94.000000
5.400000 6.300000 nan nan
5.400000 6.300000 9.900000 nan
nan nan nan nan
5.200000 nan nan nan
5.100000 nan 9.300000 nan
nan 5.900000 nan nan
nan nan nan nan
nan 5.500000 nan 94.000000
nan 5.400000 nan nan
4.400000 nan nan 94.000000
nan nan 9.000000 nan
4.600000 nan nan 94.000000
4.400000 5.300000 8.900000 nan
4.400000 5.200000 9.000000 nan
4.500000 5.300000 nan 94.000000
nan 5.500000 nan nan
nan 5.800000 9.500000 nan
5.400000 nan 9.900000 nan
5.700000 6.500000 nan nan
nan nan nan nan
nan 6.800000 9.900000 95.000000
nan 6.900000 9.900000 nan
nan nan nan 95.000000
nan nan nan nan
nan nan nan 95.000000
nan 8.000000 nan nan
7.700000 8.500000 10.800000 nan
8.100000 nan nan 96.000000
nan nan nan nan
8.800000 9.600000 nan 95.000000
nan nan nan nan
nan nan nan nan
9.200000 10.100000 12.800000 94.000000
nan nan nan nan
9.800000 nan 13.000000 nan
10.200000 nan 13.300000 nan
10.500000 11.500000 13.800000 nan
11.000000 nan 14.500000 94.000000
11.500000 nan 18.300000 nan
nan nan nan nan
12.400000 13.800000 20.000000 91.000000
nan nan nan nan
nan nan nan nan
nan 15.200000 25.000000 nan
10.800000 nan nan nan
nan nan nan 71.000000
nan 16.300000 nan 68.000000
nan 17.500000 nan 67.000000
10.200000 17.500000 nan nan
10.900000 nan 31.600000 64.000000
10.500000 18.300000 nan 60.000000
nan nan nan nan
nan nan nan 58.000000
nan 18.800000 nan 54.000000
nan nan 35.800000 nan
nan nan 36.500000 54.000000
nan nan nan nan
8.200000 20.200000 nan 46.000000
8.100000 nan 38.100000 nan
nan nan nan nan
8.100000 20.500000 nan 45.000000
nan nan 39.600000 nan
nan 21.300000 nan 45.000000
9.400000 21.500000 39.500000 46.000000
9.100000 nan 34.800000 nan
nan nan 39.100000 nan
nan nan 39.700000 nan
9.200000 nan 40.900000 nan
nan 21.900000 nan nan
nan 21.200000 38.100000 46.000000
nan nan nan 44.000000
9.200000 nan nan nan
nan 22.600000 nan nan
9.100000 nan nan nan
nan 23.100000 nan nan
8.900000 23.300000 nan 40.000000
nan nan nan 40.000000
nan nan nan 44.000000
nan 22.500000 nan nan
nan 22.500000 34.000000 nan
nan 21.800000 nan 45.000000
nan nan nan nan
nan nan nan 44.000000
9.800000 nan 34.200000 42.000000
nan 23.500000 nan 43.000000
nan 23.600000 33.800000 nan
nan 23.000000 nan nan
nan 22.700000 28.100000 nan
nan nan 27.400000 43.000000
nan nan nan nan
nan nan 26.300000 nan
8.600000 nan nan nan
nan nan nan 47.000000
10.000000 21.300000 25.200000 48.000000
nan nan nan 51.000000
nan 20.600000 nan nan
nan 20.300000 nan nan
nan nan nan nan
9.900000 18.400000 nan 58.000000
nan 17.300000 nan 60.000000
nan 16.400000 nan nan
nan nan 20.700000 65.000000
8.700000 nan 20.600000 nan
nan nan nan nan
8.600000 nan 19.700000 nan
8.700000 13.800000 nan 71.000000
nan 13.300000 nan nan
nan nan nan nan
nan nan 18.100000 76.000000
8.100000 11.900000 nan 78.000000
nan nan nan 77.000000
7.700000 nan 17.400000 nan
nan 11.300000 17.200000 78.000000
7.600000 nan nan nan
nan nan nan 79.000000
nan nan nan nan
7.500000 nan 16.300000 nan
nan 10.300000 nan 81.000000
7.200000 nan 15.900000 nan
nan nan nan nan
nan 9.700000 nan 83.000000
6.800000 nan 15.300000 nan
nan 9.300000 nan 84.000000
nan 9.200000 14.800000 nan
nan 9.000000 nan nan
nan nan 14.600000 85.000000
nan nan nan 85.000000
nan nan nan nan
nan nan nan 86.000000
nan nan nan nan
nan nan 14.100000 nan
6.200000 nan nan nan
nan 8.300000 nan 87.000000
nan 8.400000 14.100000 nan
nan nan nan nan
6.700000 nan nan nan
nan 8.900000 14.400000 nan
7.300000 nan nan nan
nan nan nan nan
nan 9.500000 14.600000 88.000000
7.800000 9.800000 nan 88.000000
nan nan 14.700000 nan
7.800000 nan nan 87.000000
nan 9.900000 nan nan
7.900000 10.000000 nan nan
8.200000 10.100000 nan nan
nan 10.200000 14.300000 nan
nan nan nan 87.000000
nan 10.300000 nan nan
nan nan nan nan
8.300000 nan 13.800000 88.000000
nan 10.100000 nan nan
8.200000 10.000000 13.900000 nan
nan 10.000000 nan nan
nan nan nan nan
nan 10.000000 nan nan
nan 10.000000 nan 89.000000
nan nan nan nan
8.400000 nan 14.000000 90.000000
nan nan 14.100000 90.000000
nan nan 14.100000 90.000000
9.000000 nan 14.100000 nan
nan 10.600000 nan nan
9.400000 nan nan nan
nan 11.000000 nan nan
9.800000 11.100000 13.800000 92.000000
nan nan 13.700000 nan
nan nan 14.300000 92.000000
nan 11.800000 nan nan
nan 12.000000 14.900000 nan
nan 12.500000 nan nan
11.300000 12.700000 nan 91.000000
11.200000 nan 16.400000 nan
11.300000 nan 16.700000 nan
nan nan nan 86.000000
nan nan 16.300000 nan
nan 14.500000 nan nan
nan 14.300000 nan 83.000000
nan 14.600000 17.800000 nan
nan 15.400000 18.600000 nan
nan nan nan nan
nan nan 19.100000 nan
nan nan 18.800000 nan
nan nan 20.200000 73.000000
nan nan nan nan
nan 16.800000 nan 71.000000
12.000000 17.400000 nan nan
nan nan 22.100000 70.000000
nan nan nan nan
nan 19.300000 27.500000 65.000000
nan 19.700000 nan 63.000000
nan nan nan 59.000000
12.000000 21.300000 30.300000 nan
nan nan nan 51.000000
10.600000 22.400000 nan 47.000000
nan nan nan 44.000000
12.200000 nan nan nan
11.400000 nan nan nan
10.500000 nan nan nan
11.900000 nan 26.600000 nan
nan nan nan nan
nan nan 30.300000 nan
nan nan 30.300000 nan
nan nan nan nan
nan nan 35.100000 nan
nan nan 36.200000 46.000000
nan nan nan 46.000000
10.500000 nan nan nan
10.800000 nan nan nan
nan nan 33.000000 nan
nan 22.500000 32.600000 nan
nan 22.600000 nan nan
nan nan 32.700000 nan
nan nan nan nan
11.300000 nan nan nan
11.500000 nan nan 52.000000
nan 21.800000 nan nan
12.500000 nan nan 56.000000
nan 21.000000 nan nan
11.800000 nan nan nan
nan 20.400000 26.100000 nan
nan nan nan nan
nan nan nan 61.000000
nan 20.200000 nan nan
nan nan nan nan
12.200000 nan nan nan
nan nan 26.200000 58.000000
nan 20.300000 nan 57.000000
nan 20.300000 26.200000 nan
nan 20.400000 25.900000 57.000000
nan nan nan nan
nan nan nan nan
nan nan nan nan
13.500000 nan nan 61.000000
nan nan nan 59.000000
13.000000 20.800000 nan 61.000000
12.900000 19.900000 23.300000 nan
12.600000 19.400000 nan 65.000000
12.400000 19.000000 nan nan
nan nan nan nan
nan nan nan 67.000000
nan nan nan 67.000000
nan nan nan nan
nan nan nan nan
nan nan nan nan
11.900000 17.600000 nan 69.000000
11.600000 nan 20.900000 nan
nan 17.300000 nan 70.000000
nan nan nan nan
11.600000 16.500000 nan 73.000000
nan nan 20.100000 73.000000
nan nan 19.500000 74.000000
11.300000 15.800000 nan nan
nan nan 18.700000 76.000000
11.100000 15.300000 nan 76.000000
11.000000 15.000000 nan 77.000000
10.900000 14.800000 nan nan
10.900000 14.600000 18.000000 nan
nan nan nan nan
nan 14.300000 nan nan
nan nan 17.500000 80.000000
10.700000 13.900000 nan nan
nan nan 17.100000 nan
nan nan nan nan
nan nan nan nan
nan 12.900000 nan nan
nan nan nan 85.000000
nan 12.600000 nan nan
nan 12.200000 nan 86.000000
nan nan nan nan
nan nan 15.900000 nan
9.900000 nan nan nan
9.800000 11.700000 15.900000 88.000000
9.900000 11.800000 15.900000 89.000000
10.100000 nan nan nan
nan nan nan 89.000000
nan nan 15.700000 nan
nan 12.000000 nan nan
nan 12.000000 nan nan
nan 12.000000 15.600000 90.000000
nan 11.800000 nan 90.000000
nan nan 15.500000 nan
10.000000 nan 15.500000 90.000000
nan 11.600000 nan nan
nan nan 14.900000 nan
nan nan nan nan
nan nan nan nan
nan nan nan 92.000000
11.000000 12.300000 15.100000 92.000000
11.700000 nan 15.500000 nan
12.200000 13.500000 nan 92.000000
nan nan nan 91.000000
nan nan nan 91.000000
nan nan 15.600000 nan
nan 13.500000 nan nan
nan 13.300000 nan 90.000000
11.500000 nan 15.400000 nan
11.400000 nan nan 90.000000
nan nan 15.000000 90.000000
11.200000 12.700000 nan nan
nan 12.700000 nan 91.000000
nan 12.600000 nan 91.000000
nan nan nan nan
nan 12.800000 nan 91.000000
11.600000 12.900000 15.500000 nan
nan nan nan 92.000000
11.800000 nan nan nan
nan 13.200000 nan nan
12.100000 nan nan nan
nan nan nan nan
12.500000 nan nan 93.000000
12.600000 nan nan nan
nan 14.300000 16.600000 nan
nan nan nan 91.000000
nan nan 16.200000 nan
nan nan 16.300000 nan
nan nan nan nan
13.000000 14.600000 16.200000 nan
nan 14.900000 16.900000 nan
13.700000 nan nan nan
nan 15.800000 nan nan
nan nan 17.900000 86.000000
nan 17.500000 19.500000 nan
nan nan nan 73.000000
nan 19.000000 nan nan
13.200000 19.400000 nan nan
13.100000 19.600000 nan 66.000000
nan nan nan nan
12.400000 nan nan nan
nan 19.800000 24.200000 nan
nan nan nan nan
13.000000 19.700000 nan 65.000000
13.300000 nan 26.600000 nan
13.800000 nan nan nan
nan nan nan nan
nan nan 30.900000 nan
12.200000 nan nan 57.000000
nan nan 30.500000 59.000000
13.100000 nan nan nan
nan 21.900000 nan nan
13.700000 nan nan 60.000000
13.400000 22.200000 32.600000 57.000000
13.500000 nan 30.900000 nan
13.200000 nan nan 54.000000
nan nan nan 54.000000
nan nan nan 49.000000
nan nan nan nan
nan nan 37.800000 nan
nan nan nan nan
nan nan nan nan
nan 24.900000 39.400000 45.000000
nan 24.700000 nan 46.000000
nan 25.000000 nan nan
12.700000 nan 38.400000 nan
nan 24.800000 nan 45.000000
nan nan nan 49.000000
nan 24.700000 nan nan
nan nan 35.900000 nan
nan 24.800000 nan nan
nan 24.800000 nan 49.000000
nan nan nan nan
nan 24.000000 35.700000 nan
nan 24.800000 nan 49.000000
nan nan nan nan
12.700000 24.000000 34.000000 49.000000
12.700000 24.800000 nan nan
nan nan nan nan
nan nan nan nan
nan nan nan nan
13.600000 24.000000 nan nan
nan 24.000000 nan 53.000000
nan nan nan 51.000000
nan 23.700000 nan nan
nan 23.300000 nan 53.000000
nan 23.700000 nan 53.000000
nan nan 28.000000 nan
nan nan 28.100000 nan
13.300000 nan 28.100000 nan
nan nan nan nan
nan nan 27.000000 53.000000
nan nan nan 56.000000
nan nan nan nan
12.500000 20.600000 nan nan
nan 20.300000 nan nan
12.200000 nan nan 61.000000
12.200000 nan nan nan
12.200000 nan 24.000000 nan
nan 19.200000 nan nan
nan 18.800000 23.300000 65.000000
12.300000 18.700000 nan nan
nan 18.300000 nan nan
nan 18.000000 nan nan
nan nan 22.000000 nan
12.000000 nan nan 71.000000
nan nan 21.300000 72.000000
nan nan nan nan
nan nan nan nan
nan nan nan 76.000000
12.000000 nan 20.600000 77.000000
nan 15.800000 20.400000 78.000000
nan nan nan 79.000000
nan 15.700000 20.200000 nan
11.900000 nan nan 80.000000
nan nan 19.400000 nan
nan nan nan nan
11.200000 nan nan nan
11.100000 nan nan nan
nan 13.900000 nan 82.000000
10.500000 nan 18.500000 82.000000
nan nan nan nan
10.400000 13.600000 nan nan
10.500000 13.700000 nan 81.000000
10.900000 14.000000 nan nan
10.900000 nan 18.200000 nan
nan 13.700000 18.100000 nan
nan 13.500000 17.900000 nan
nan 13.400000 nan nan
nan 13.200000 nan nan
nan nan 17.800000 nan
nan nan nan nan
nan nan 17.600000 84.000000
10.600000 nan nan 85.000000
nan 13.100000 nan nan
nan nan nan nan
10.800000 nan 17.300000 nan
nan 13.100000 17.400000 nan
10.900000 nan nan nan
10.900000 nan nan 87.000000
nan nan nan nan
nan nan nan nan
nan nan 17.100000 nan
nan nan nan 87.000000
10.700000 12.700000 nan nan
11.000000 nan nan nan
nan 12.700000 16.800000 88.000000
nan 12.700000 nan 88.000000
nan 12.700000 nan nan
nan nan 16.300000 89.000000
nan nan nan 89.000000
10.700000 12.400000 16.100000 nan
10.800000 nan nan 90.000000
nan nan nan nan
11.100000 nan nan 91.000000
nan nan nan 91.000000
nan nan nan nan
nan nan nan 90.000000
nan 12.600000 nan 90.000000
nan 12.600000 nan nan
11.300000 12.600000 nan nan
11.200000 12.700000 nan nan
nan 12.900000 16.900000 nan
nan 13.300000 17.100000 90.000000
nan 13.700000 nan nan
nan nan nan nan
nan nan 17.900000 nan
12.600000 nan nan 88.000000
nan nan 18.000000 87.000000
12.800000 nan 18.000000 nan
13.400000 15.500000 nan nan
13.000000 nan 18.300000 86.000000
nan nan 18.600000 nan
nan nan 18.700000 nan
13.400000 nan 18.700000 nan
nan nan nan nan
nan nan nan nan
nan 16.800000 19.700000 nan
nan nan nan nan
nan nan nan 77.000000
nan nan nan nan
13.700000 nan nan 72.000000
nan nan nan nan
14.400000 19.000000 21.400000 nan
nan 19.000000 nan 73.000000
nan nan nan nan
nan 19.300000 22.100000 nan
nan nan nan nan
nan nan 22.200000 nan
nan 19.600000 22.300000 65.000000
nan 19.700000 nan 64.000000
nan nan nan nan
nan nan 23.600000 nan
nan nan nan 61.000000
12.600000 nan nan 60.000000
nan 20.900000 29.200000 58.000000
nan 22.300000 nan nan
13.100000 nan nan nan
nan 23.400000 nan nan
nan nan nan 52.000000
nan 23.800000 36.900000 52.000000
nan 23.500000 nan 51.000000
nan nan 39.500000 nan
nan 23.900000 nan nan
nan nan 36.200000 nan
13.000000 nan nan nan
13.100000 nan 37.900000 nan
13.400000 nan 37.600000 nan
nan 26.400000 nan 45.000000
nan nan nan 45.000000
nan 26.700000 40.800000 nan
12.100000 nan 41.600000 nan
11.800000 nan nan nan
nan nan 35.900000 nan
13.700000 26.600000 36.100000 45.000000
nan nan nan nan
nan nan nan nan
nan nan nan 39.000000
nan 28.000000 nan 42.000000
nan nan nan nan
nan nan nan nan
nan 26.200000 nan 57.000000
nan nan nan nan
16.800000 nan nan nan
nan nan 30.700000 63.000000
nan nan 30.400000 nan
16.400000 nan nan nan
16.400000 nan 31.600000 63.000000
nan 24.700000 31.400000 58.000000
15.800000 nan nan 57.000000
15.500000 24.300000 29.400000 nan
nan nan nan nan
nan nan nan nan
14.500000 nan nan 60.000000
nan nan 27.300000 nan
nan nan nan nan
nan 21.500000 26.700000 54.000000
nan 21.300000 nan nan
nan 21.400000 nan nan
11.100000 nan nan 53.000000
10.800000 nan nan nan
10.200000 nan 24.800000 nan
10.400000 nan 24.700000 53.000000
nan nan nan nan
11.500000 nan 23.700000 nan
11.200000 19.200000 23.600000 nan
nan nan 23.300000 nan
11.500000 nan nan nan
nan nan nan nan
nan 18.100000 22.500000 nan
nan nan nan nan
nan nan nan nan
12.000000 nan nan nan
nan nan 21.800000 69.000000
nan nan nan 69.000000
11.400000 16.800000 nan nan
nan 16.300000 nan nan
nan nan nan nan
nan 15.700000 nan 73.000000
nan nan nan nan
11.100000 nan 20.200000 nan
nan nan 19.800000 nan
10.800000 nan nan nan
10.600000 nan 19.700000 nan
10.700000 nan 19.800000 nan
10.200000 15.100000 nan nan
nan 15.500000 nan nan
10.000000 15.900000 nan nan
nan nan 19.800000 62.000000
nan nan 19.500000 nan
nan nan nan nan
nan nan nan 53.000000
nan 18.200000 nan 53.000000
nan nan 19.400000 50.000000
nan nan 19.100000 48.000000
nan 19.700000 nan nan
nan 20.000000 19.100000 46.000000
nan nan nan nan
8.300000 nan nan 48.000000
nan 19.400000 nan nan
nan nan nan nan
nan nan nan nan
nan 18.900000 nan 52.000000
8.300000 nan nan nan
nan nan nan nan
8.900000 17.400000 nan nan
9.000000 16.600000 18.000000 61.000000
nan nan 17.900000 nan
9.000000 16.100000 nan nan
nan nan nan 64.000000
9.300000 nan nan nan
9.300000 nan nan 65.000000
9.400000 15.600000 nan nan
9.300000 nan nan 68.000000
9.300000 nan 17.500000 nan
nan nan nan 70.000000
9.200000 nan 17.300000 nan
9.500000 nan 17.300000 nan
9.600000 nan 17.200000 73.000000
nan nan 17.200000 74.000000
9.700000 nan nan nan
nan 13.800000 nan nan
9.600000 nan nan nan
10.000000 13.700000 nan nan
nan nan nan nan
nan 14.400000 nan nan
11.500000 nan nan nan
nan 15.800000 nan nan
13.000000 16.100000 nan 82.000000
nan 16.200000 nan nan
nan nan nan nan
13.700000 nan 19.300000 nan
13.600000 16.600000 nan nan
nan nan nan 82.000000
nan 17.200000 20.100000 82.000000
14.200000 17.400000 20.200000 81.000000
nan 17.900000 nan nan
14.100000 nan nan 77.000000
14.400000 18.900000 21.700000 nan
14.500000 nan 22.100000 nan
nan 19.700000 nan nan
14.700000 nan nan 71.000000
15.000000 20.500000 nan nan
14.800000 20.500000 nan nan
nan 20.800000 nan nan
nan 20.900000 24.900000 nan
15.600000 nan 24.900000 nan
nan nan 25.100000 nan
15.700000 nan nan nan
15.500000 nan 25.100000 nan
15.600000 nan 26.100000 nan
15.300000 22.100000 30.600000 nan
nan nan nan nan
16.800000 nan 31.300000 nan
nan nan nan nan
14.500000 nan 34.200000 nan
nan 26.500000 nan 50.000000
nan nan 35.200000 nan
nan nan nan nan
15.000000 nan nan 45.000000
nan nan 36.500000 nan
15.300000 nan 34.800000 nan
nan nan nan 53.000000
nan nan nan 57.000000
nan 26.300000 nan nan
18.100000 25.500000 30.300000 nan
nan nan 29.000000 65.000000
nan 24.000000 nan nan
18.000000 nan 27.700000 nan
nan nan nan 73.000000
18.000000 22.400000 nan 76.000000
nan nan 26.300000 nan
18.300000 nan 26.200000 nan
nan nan 26.000000 81.000000
18.100000 nan 26.000000 nan
18.500000 21.800000 nan nan
nan 22.200000 26.700000 nan
nan 22.600000 27.300000 80.000000
nan 23.500000 28.000000 nan
nan nan nan nan
nan nan nan 73.000000
19.100000 nan nan nan
nan nan 29.100000 69.000000
nan 25.200000 29.500000 69.000000
nan nan nan nan
20.200000 nan nan 69.000000
20.100000 nan nan 67.000000
nan 26.600000 nan 56.000000
nan nan 31.600000 nan
17.500000 27.300000 nan 55.000000
16.700000 nan nan nan
nan nan nan nan
nan nan nan 41.000000
nan nan 32.600000 44.000000
nan 29.400000 31.300000 nan
nan nan 30.600000 nan
nan nan nan 49.000000
nan 28.500000 nan nan
17.600000 nan nan 53.000000
16.800000 nan nan nan
17.300000 nan nan 56.000000
nan nan 28.000000 nan
nan 25.500000 nan 53.000000
nan 24.800000 nan nan
nan nan nan 51.000000
nan nan nan nan
nan nan nan nan
nan nan 25.100000 59.000000
13.300000 nan nan nan
nan nan nan nan
nan 20.300000 nan 55.000000
10.000000 nan nan nan
9.400000 19.500000 23.000000 nan
nan 19.500000 22.700000 nan
9.200000 19.500000 nan nan
nan nan 22.300000 50.000000
9.300000 nan nan 51.000000
nan nan nan 49.000000
nan nan nan nan
nan 20.300000 nan nan
nan nan 22.000000 nan
nan 20.600000 21.800000 46.000000
nan nan nan 47.000000
nan nan nan nan
9.700000 nan nan 52.000000
nan nan nan 56.000000
nan nan 20.600000 nan
nan 18.000000 nan 58.000000
nan nan 20.300000 nan
9.400000 17.500000 nan 59.000000
nan nan nan 62.000000
nan 17.200000 20.200000 65.000000
10.000000 16.700000 nan nan
nan nan nan 65.000000
10.200000 nan 20.000000 nan
nan nan 19.700000 nan
nan 16.200000 nan nan
nan 16.100000 19.200000 nan
10.200000 15.800000 nan nan
nan 15.700000 nan 69.000000
nan 15.600000 nan nan
nan 15.300000 nan nan
nan 15.300000 nan 71.000000
10.100000 nan nan nan
nan nan nan nan
nan 15.500000 nan 71.000000
nan nan 18.400000 nan
nan nan nan nan
nan nan nan nan
10.100000 nan 18.000000 73.000000
10.100000 14.800000 nan 73.000000
nan 14.600000 17.900000 nan
nan nan nan nan
nan nan nan nan
nan nan nan nan
10.200000 nan nan nan
