8.069 8.893 5.041 5.833 5.668 5.483 2.98 10.157 1.468 1.854 5.186 2.894
8.068 8.892 5.046 5.833 5.668 5.489 2.979 10.157 1.469 1.854 5.186 2.894
8.069 8.893 5.049 5.832 5.669 5.486 2.978 10.156 1.468 1.855 5.185 2.895
8.069 8.893 5.05 5.832 5.667 5.482 2.977 10.156 1.468 1.855 5.184 2.897
8.07 8.895 5.051 5.833 5.668 5.483 2.976 10.155 1.467 1.856 5.184 2.898
8.07 8.895 5.051 5.833 5.667 5.478 2.976 10.154 1.467 1.856 5.185 2.897
8.069 8.894 5.049 5.832 5.667 5.477 2.975 10.153 1.468 1.857 5.186 2.898
8.069 8.895 5.047 5.831 5.666 5.48 2.975 10.152 1.468 1.858 5.185 2.897
8.07 8.896 5.044 5.831 5.667 5.477 2.974 10.151 1.469 1.858 5.185 2.894
8.07 8.896 5.04 5.832 5.668 5.476 2.974 10.151 1.468 1.859 5.184 2.893
8.071 8.897 5.036 5.832 5.668 5.483 2.969 10.152 1.468 1.86 5.184 2.893
8.07 8.897 5.031 5.833 5.667 5.484 2.95 10.151 1.469 1.861 5.185 2.895
8.07 8.898 5.026 5.833 5.667 5.484 2.933 10.151 1.469 1.863 5.185 2.896
8.071 8.898 5.019 5.834 5.668 5.49 2.923 10.152 1.468 1.864 5.186 2.896
8.072 8.899 5.013 5.835 5.668 5.492 2.917 10.152 1.468 1.865 5.186 2.894
8.073 8.899 5.007 5.835 5.667 5.49 2.915 10.153 1.469 1.866 5.187 2.892
8.073 8.9 5 5.836 5.667 5.489 2.915 10.153 1.468 1.868 5.187 2.892
8.074 8.9 4.994 5.836 5.668 5.491 2.916 10.154 1.468 1.869 5.188 2.894
8.073 8.902 4.99 5.837 5.668 5.495 2.919 10.154 1.469 1.87 5.188 2.895
8.074 8.902 4.985 5.838 5.667 5.495 2.924 10.155 1.469 1.872 5.189 2.895
8.074 8.903 4.983 5.839 5.667 5.49 2.93 10.157 1.47 1.874 5.189 2.894
8.073 8.904 4.982 5.84 5.666 5.487 2.937 10.159 1.47 1.876 5.19 2.893
8.076 8.904 4.982 5.841 5.666 5.489 2.943 10.16 1.469 1.877 5.191 2.891
8.079 8.906 4.983 5.841 5.667 5.491 2.948 10.162 1.468 1.879 5.192 2.891
8.078 8.906 4.986 5.842 5.668 5.494 2.952 10.162 1.469 1.882 5.192 2.894
8.075 8.907 4.989 5.842 5.667 5.492 2.956 10.163 1.469 1.885 5.193 2.895
8.072 8.908 4.991 5.843 5.667 5.485 2.959 10.163 1.468 1.887 5.194 2.896
8.07 8.908 4.993 5.845 5.666 5.482 2.962 10.162 1.468 1.89 5.195 2.895
8.07 8.909 4.995 5.845 5.668 5.485 2.964 10.161 1.469 1.893 5.196 2.893
8.071 8.909 4.996 5.846 5.668 5.487 2.966 10.16 1.468 1.896 5.197 2.892
8.071 8.91 4.996 5.846 5.667 5.491 2.968 10.16 1.468 1.899 5.197 2.891
8.072 8.911 4.995 5.847 5.667 5.49 2.97 10.161 1.469 1.902 5.199 2.891
8.072 8.913 4.994 5.848 5.666 5.483 2.971 10.163 1.469 1.905 5.2 2.892
8.073 8.913 4.993 5.849 5.667 5.478 2.973 10.165 1.47 1.908 5.201 2.894
8.073 8.915 4.991 5.849 5.667 5.479 2.974 10.167 1.47 1.91 5.201 2.896
8.074 8.916 4.99 5.85 5.666 5.481 2.976 10.168 1.471 1.912 5.202 2.896
8.074 8.92 4.989 5.851 5.667 5.479 2.977 10.168 1.471 1.914 5.203 2.893
8.075 8.938 4.988 5.852 5.667 5.475 2.978 10.167 1.47 1.915 5.203 2.891
8.075 8.945 4.986 5.852 5.668 5.475 2.98 10.166 1.469 1.916 5.204 2.891
8.076 8.947 4.985 5.853 5.667 5.478 2.981 10.166 1.47 1.918 5.206 2.893
8.075 8.949 4.984 5.855 5.667 5.476 2.982 10.165 1.47 1.917 5.207 2.894
8.075 8.951 4.982 5.857 5.668 5.473 2.984 10.166 1.471 1.918 5.208 2.895
8.076 8.953 4.982 5.858 5.667 5.469 2.984 10.166 1.471 1.919 5.209 2.895
8.076 8.955 4.981 5.859 5.668 5.468 2.983 10.167 1.472 1.921 5.21 2.893
8.077 8.957 4.981 5.859 5.668 5.472 2.982 10.167 1.472 1.921 5.21 2.892
8.077 8.958 4.979 5.86 5.667 5.475 2.98 10.168 1.473 1.922 5.212 2.89
8.078 8.96 4.979 5.86 5.668 5.473 2.978 10.169 1.473 1.923 5.213 2.89
8.078 8.962 4.978 5.862 5.667 5.469 2.976 10.173 1.474 1.924 5.218 2.893
8.079 8.963 4.978 5.864 5.668 5.47 2.975 10.175 1.474 1.924 5.229 2.895
8.08 8.965 4.979 5.865 5.667 5.475 2.974 10.175 1.475 1.926 5.237 2.895
8.081 8.967 4.979 5.866 5.667 5.475 2.973 10.174 1.476 1.927 5.241 2.894
8.081 8.969 4.98 5.867 5.666 5.471 2.972 10.173 1.476 1.928 5.243 2.891
8.08 8.97 4.98 5.868 5.666 5.467 2.972 10.174 1.475 1.928 5.244 2.89
8.077 8.973 4.981 5.869 5.667 5.466 2.971 10.178 1.476 1.93 5.245 2.893
8.076 8.974 4.981 5.87 5.666 5.469 2.972 10.181 1.476 1.931 5.246 2.898
8.076 8.976 4.982 5.872 5.666 5.472 2.972 10.182 1.477 1.93 5.248 2.9
8.077 8.978 4.982 5.874 5.665 5.471 2.973 10.182 1.477 1.931 5.249 2.901
8.077 8.981 4.983 5.876 5.665 5.467 2.974 10.181 1.478 1.931 5.249 2.901
8.078 8.982 4.984 5.877 5.666 5.462 2.976 10.181 1.478 1.932 5.25 2.9
8.078 8.984 4.985 5.878 5.665 5.458 2.978 10.18 1.479 1.933 5.251 2.898
8.079 8.985 4.986 5.879 5.665 5.458 2.979 10.181 1.479 1.933 5.252 2.895
8.078 8.987 4.988 5.88 5.666 5.462 2.98 10.183 1.48 1.934 5.256 2.895
8.078 8.989 4.989 5.881 5.666 5.467 2.982 10.186 1.48 1.934 5.277 2.896
8.077 8.989 4.99 5.882 5.667 5.471 2.983 10.187 1.479 1.935 5.3 2.899
8.077 8.987 4.991 5.884 5.666 5.473 2.984 10.187 1.479 1.935 5.311 2.9
8.075 8.984 4.991 5.885 5.666 5.471 2.985 10.188 1.478 1.936 5.317 2.898
8.072 8.982 4.992 5.885 5.665 5.468 2.985 10.189 1.477 1.936 5.321 2.897
8.068 8.98 4.991 5.886 5.666 5.469 2.986 10.19 1.477 1.937 5.324 2.895
8.064 8.981 4.991 5.887 5.665 5.475 2.985 10.191 1.475 1.937 5.329 2.894
8.058 8.975 4.99 5.887 5.666 5.481 2.985 10.191 1.476 1.938 5.335 2.894
8.053 8.976 4.989 5.888 5.666 5.483 2.986 10.192 1.477 1.94 5.341 2.897
8.051 8.985 4.989 5.889 5.665 5.481 2.986 10.193 1.478 1.941 5.346 2.899
8.05 8.989 4.988 5.89 5.667 5.48 2.987 10.193 1.478 1.942 5.351 2.899
8.05 8.99 4.987 5.89 5.667 5.484 2.987 10.194 1.479 1.944 5.355 2.898
8.056 8.992 4.987 5.891 5.666 5.485 2.988 10.195 1.479 1.946 5.359 2.895
8.066 8.994 4.986 5.892 5.666 5.484 2.988 10.195 1.478 1.948 5.362 2.894
8.073 8.996 4.986 5.892 5.667 5.486 2.989 10.196 1.478 1.951 5.364 2.893
8.075 8.997 4.985 5.891 5.667 5.488 2.989 10.197 1.479 1.952 5.365 2.894
8.075 8.998 4.984 5.891 5.666 5.492 2.99 10.198 1.478 1.954 5.367 2.897
8.078 9 4.984 5.89 5.666 5.494 2.99 10.199 1.478 1.956 5.369 2.899
8.084 9.002 4.983 5.891 5.667 5.491 2.991 10.199 1.477 1.957 5.37 2.899
8.089 9.002 4.983 5.891 5.668 5.488 2.992 10.2 1.477 1.957 5.371 2.897
8.09 9.003 4.982 5.892 5.667 5.493 2.992 10.201 1.476 1.955 5.372 2.896
8.09 9.004 4.982 5.892 5.667 5.499 2.993 10.201 1.476 1.956 5.373 2.896
8.093 9.004 4.981 5.891 5.666 5.499 2.994 10.202 1.478 1.957 5.374 2.894
8.1 9.005 4.981 5.891 5.666 5.498 2.994 10.203 1.478 1.957 5.374 2.894
8.107 9.005 4.98 5.892 5.667 5.497 2.995 10.205 1.479 1.958 5.375 2.896
8.109 9.004 4.979 5.892 5.667 5.496 2.995 10.206 1.479 1.958 5.375 2.897
8.103 9.004 4.979 5.891 5.666 5.5 2.996 10.206 1.48 1.959 5.374 2.898
8.094 9.003 4.978 5.891 5.664 5.504 2.996 10.207 1.48 1.958 5.373 2.905
8.092 9.003 4.978 5.89 5.665 5.506 2.997 10.207 1.481 1.959 5.371 2.913
8.092 9.002 4.979 5.889 5.666 5.51 2.996 10.208 1.482 1.959 5.369 2.902
8.093 9.001 4.979 5.889 5.667 5.51 2.996 10.208 1.482 1.958 5.366 2.885
8.092 8.984 5.018 5.89 5.668 5.601 3.095 10.209 1.485 1.946 5.358 2.893
8.09 8.984 5.02 5.89 5.669 5.602 3.096 10.21 1.486 1.946 5.355 2.901
8.089 8.983 5.022 5.889 5.668 5.603 3.097 10.21 1.486 1.947 5.352 2.904
8.088 8.982 5.024 5.889 5.668 5.604 3.097 10.209 1.487 1.946 5.349 2.906
8.088 8.982 5.026 5.888 5.669 5.606 3.098 10.21 1.487 1.947 5.346 2.907
8.089 8.981 5.028 5.888 5.669 5.608 3.098 10.21 1.488 1.947 5.343 2.907
8.089 8.98 5.03 5.889 5.668 5.61 3.099 10.211 1.488 1.948 5.339 2.906
8.09 8.98 5.032 5.888 5.668 5.612 3.099 10.211 1.489 1.948 5.336 2.907
8.09 8.979 5.034 5.887 5.669 5.614 3.1 10.21 1.489 1.949 5.334 2.906
8.089 8.979 5.035 5.887 5.668 5.616 3.1 10.21 1.49 1.949 5.331 2.905
8.09 8.978 5.037 5.888 5.669 5.618 3.101 10.211 1.49 1.951 5.329 2.905
8.093 8.979 5.038 5.888 5.669 5.624 3.102 10.21 1.491 1.953 5.328 2.904
8.097 8.978 5.04 5.889 5.668 5.627 3.103 10.209 1.491 1.955 5.328 2.903
8.099 8.978 5.041 5.89 5.67 5.63 3.107 10.21 1.492 1.957 5.327 2.903
8.099 8.979 5.043 5.891 5.67 5.641 3.111 10.21 1.492 1.962 5.327 2.908
8.1 8.979 5.045 5.891 5.669 5.652 3.113 10.211 1.493 1.967 5.326 2.909
8.099 8.98 5.047 5.892 5.669 5.662 3.112 10.21 1.493 1.971 5.327 2.909
8.1 8.98 5.049 5.892 5.668 5.669 3.11 10.21 1.494 1.978 5.327 2.908
8.1 8.981 5.051 5.893 5.669 5.677 3.108 10.211 1.494 1.987 5.328 2.908
8.103 8.981 5.054 5.894 5.67 5.682 3.106 10.211 1.495 1.994 5.328 2.909
8.106 8.982 5.056 5.893 5.67 5.685 3.106 10.212 1.495 2.002 5.329 2.909
8.108 8.984 5.058 5.893 5.668 5.688 3.104 10.212 1.496 2.007 5.329 2.91
8.108 8.986 5.06 5.894 5.67 5.692 3.103 10.213 1.496 2.013 5.33 2.911
8.107 8.989 5.062 5.896 5.67 5.695 3.103 10.214 1.497 2.018 5.331 2.911
8.106 8.992 5.065 5.898 5.668 5.696 3.102 10.214 1.497 2.023 5.331 2.909
8.105 8.995 5.065 5.9 5.669 5.697 3.102 10.215 1.498 2.026 5.333 2.908
8.104 8.999 5.066 5.902 5.67 5.698 3.103 10.216 1.498 2.029 5.333 2.907
8.105 9.003 5.067 5.902 5.67 5.698 3.103 10.216 1.499 2.037 5.334 2.906
8.103 9.009 5.068 5.9 5.669 5.699 3.102 10.218 1.499 2.039 5.335 2.906
8.103 9.015 5.069 5.9 5.67 5.699 3.102 10.22 1.5 2.043 5.336 2.905
8.102 9.022 5.07 5.903 5.669 5.7 3.103 10.219 1.5 2.046 5.337 2.904
8.102 9.03 5.071 5.906 5.668 5.701 3.103 10.22 1.501 2.048 5.339 2.903
8.1 9.039 5.072 5.909 5.671 5.701 3.104 10.221 1.501 2.049 5.341 2.903
8.1 9.048 5.073 5.911 5.669 5.702 3.105 10.221 1.502 2.051 5.342 2.902
8.101 9.058 5.075 5.913 5.668 5.701 3.105 10.222 1.502 2.052 5.345 2.902
8.1 9.068 5.077 5.914 5.669 5.701 3.104 10.223 1.503 2.057 5.35 2.903
8.101 9.078 5.079 5.914 5.671 5.702 3.104 10.226 1.503 2.059 5.365 2.903
8.101 9.088 5.082 5.917 5.67 5.702 3.105 10.228 1.506 2.061 5.434 2.902
8.102 9.099 5.084 5.918 5.671 5.701 3.104 10.229 1.521 2.064 5.5 2.902
8.101 9.109 5.087 5.918 5.671 5.701 3.105 10.23 1.519 2.069 5.511 2.901
8.101 9.119 5.089 5.921 5.669 5.702 3.106 10.231 1.514 2.078 5.517 2.902
8.1 9.13 5.09 5.923 5.67 5.702 3.106 10.232 1.513 2.087 5.519 2.902
8.101 9.142 5.092 5.926 5.671 5.703 3.107 10.233 1.514 2.101 5.522 2.903
8.1 9.16 5.093 5.928 5.671 5.703 3.106 10.234 1.514 2.115 5.524 2.903
8.101 9.175 5.094 5.931 5.67 5.702 3.107 10.236 1.515 2.128 5.527 2.904
8.1 9.192 5.095 5.933 5.67 5.702 3.108 10.239 1.517 2.138 5.53 2.903
8.101 9.21 5.096 5.935 5.671 5.704 3.107 10.241 1.527 2.144 5.532 2.903
8.101 9.228 5.096 5.936 5.671 5.705 3.109 10.241 1.535 2.148 5.534 2.904
8.102 9.246 5.098 5.936 5.67 5.708 3.109 10.243 1.535 2.152 5.538 2.904
8.101 9.262 5.098 5.934 5.67 5.71 3.11 10.246 1.532 2.154 5.541 2.905
8.102 9.273 5.099 5.934 5.671 5.714 3.11 10.246 1.528 2.156 5.552 2.905
8.102 9.285 5.1 5.936 5.671 5.717 3.111 10.247 1.526 2.161 5.575 2.906
8.103 9.296 5.1 5.94 5.67 5.72 3.112 10.249 1.525 2.164 5.594 2.906
8.104 9.307 5.101 5.944 5.671 5.724 3.113 10.252 1.525 2.165 5.606 2.908
8.103 9.316 5.102 5.948 5.672 5.729 3.114 10.252 1.526 2.166 5.619 2.936
8.103 9.323 5.103 5.951 5.67 5.734 3.114 10.253 1.527 2.166 5.627 2.967
8.102 9.331 5.105 5.955 5.67 5.739 3.116 10.256 1.529 2.165 5.641 2.958
8.102 9.337 5.107 5.957 5.671 5.743 3.116 10.258 1.53 2.164 5.679 2.95
8.101 9.343 5.11 5.959 5.671 5.748 3.118 10.26 1.531 2.164 5.691 2.948
8.1 9.35 5.113 5.962 5.67 5.753 3.119 10.264 1.532 2.165 5.677 2.948
8.104 9.356 5.116 5.965 5.67 5.759 3.119 10.267 1.533 2.166 5.675 2.943
8.106 9.361 5.119 5.967 5.671 5.763 3.121 10.267 1.534 2.167 5.667 2.937
8.107 9.364 5.122 5.968 5.67 5.768 3.122 10.269 1.536 2.167 5.661 2.932
8.107 9.37 5.125 5.969 5.669 5.775 3.122 10.274 1.537 2.166 5.678 2.928
8.108 9.376 5.129 5.974 5.669 5.783 3.123 10.276 1.538 2.167 5.701 2.925
8.108 9.38 5.134 5.976 5.668 5.791 3.124 10.275 1.539 2.167 5.709 2.925
8.109 9.386 5.139 5.977 5.669 5.795 3.124 10.278 1.541 2.168 5.717 2.928
8.11 9.39 5.144 5.978 5.669 5.798 3.125 10.28 1.543 2.171 5.723 2.925
8.109 9.396 5.149 5.979 5.67 5.802 3.127 10.281 1.544 2.175 5.734 2.919
8.11 9.4 5.153 5.981 5.67 5.799 3.128 10.28 1.546 2.181 5.736 2.918
8.112 9.404 5.157 5.983 5.669 5.806 3.13 10.28 1.547 2.188 5.74 2.919
8.115 9.408 5.161 5.984 5.669 5.814 3.131 10.286 1.549 2.195 5.744 2.919
8.119 9.411 5.164 5.986 5.67 5.817 3.134 10.286 1.55 2.201 5.748 2.92
